HE_Acc_X__mean,HE_Acc_X__std,HE_Acc_X__rms,HE_Acc_X__dom_freq_hz,HE_Acc_X__spec_centroid_hz,HE_Acc_X__spec_power,HE_Acc_Y__mean,HE_Acc_Y__std,HE_Acc_Y__rms,HE_Acc_Y__dom_freq_hz,HE_Acc_Y__spec_centroid_hz,HE_Acc_Y__spec_power,HE_Acc_Z__mean,HE_Acc_Z__std,HE_Acc_Z__rms,HE_Acc_Z__dom_freq_hz,HE_Acc_Z__spec_centroid_hz,HE_Acc_Z__spec_power,HE_FreeAcc_X__mean,HE_FreeAcc_X__std,HE_FreeAcc_X__rms,HE_FreeAcc_X__dom_freq_hz,HE_FreeAcc_X__spec_centroid_hz,HE_FreeAcc_X__spec_power,HE_FreeAcc_Y__mean,HE_FreeAcc_Y__std,HE_FreeAcc_Y__rms,HE_FreeAcc_Y__dom_freq_hz,HE_FreeAcc_Y__spec_centroid_hz,HE_FreeAcc_Y__spec_power,HE_FreeAcc_Z__mean,HE_FreeAcc_Z__std,HE_FreeAcc_Z__rms,HE_FreeAcc_Z__dom_freq_hz,HE_FreeAcc_Z__spec_centroid_hz,HE_FreeAcc_Z__spec_power,HE_Gyr_X__mean,HE_Gyr_X__std,HE_Gyr_X__rms,HE_Gyr_X__dom_freq_hz,HE_Gyr_X__spec_centroid_hz,HE_Gyr_X__spec_power,HE_Gyr_Y__mean,HE_Gyr_Y__std,HE_Gyr_Y__rms,HE_Gyr_Y__dom_freq_hz,HE_Gyr_Y__spec_centroid_hz,HE_Gyr_Y__spec_power,HE_Gyr_Z__mean,HE_Gyr_Z__std,HE_Gyr_Z__rms,HE_Gyr_Z__dom_freq_hz,HE_Gyr_Z__spec_centroid_hz,HE_Gyr_Z__spec_power,LB_Acc_X__mean,LB_Acc_X__std,LB_Acc_X__rms,LB_Acc_X__dom_freq_hz,LB_Acc_X__spec_centroid_hz,LB_Acc_X__spec_power,LB_Acc_Y__mean,LB_Acc_Y__std,LB_Acc_Y__rms,LB_Acc_Y__dom_freq_hz,LB_Acc_Y__spec_centroid_hz,LB_Acc_Y__spec_power,LB_Acc_Z__mean,LB_Acc_Z__std,LB_Acc_Z__rms,LB_Acc_Z__dom_freq_hz,LB_Acc_Z__spec_centroid_hz,LB_Acc_Z__spec_power,LB_FreeAcc_X__mean,LB_FreeAcc_X__std,LB_FreeAcc_X__rms,LB_FreeAcc_X__dom_freq_hz,LB_FreeAcc_X__spec_centroid_hz,LB_FreeAcc_X__spec_power,LB_FreeAcc_Y__mean,LB_FreeAcc_Y__std,LB_FreeAcc_Y__rms,LB_FreeAcc_Y__dom_freq_hz,LB_FreeAcc_Y__spec_centroid_hz,LB_FreeAcc_Y__spec_power,LB_FreeAcc_Z__mean,LB_FreeAcc_Z__std,LB_FreeAcc_Z__rms,LB_FreeAcc_Z__dom_freq_hz,LB_FreeAcc_Z__spec_centroid_hz,LB_FreeAcc_Z__spec_power,LB_Gyr_X__mean,LB_Gyr_X__std,LB_Gyr_X__rms,LB_Gyr_X__dom_freq_hz,LB_Gyr_X__spec_centroid_hz,LB_Gyr_X__spec_power,LB_Gyr_Y__mean,LB_Gyr_Y__std,LB_Gyr_Y__rms,LB_Gyr_Y__dom_freq_hz,LB_Gyr_Y__spec_centroid_hz,LB_Gyr_Y__spec_power,LB_Gyr_Z__mean,LB_Gyr_Z__std,LB_Gyr_Z__rms,LB_Gyr_Z__dom_freq_hz,LB_Gyr_Z__spec_centroid_hz,LB_Gyr_Z__spec_power,LF_Acc_X__mean,LF_Acc_X__std,LF_Acc_X__rms,LF_Acc_X__dom_freq_hz,LF_Acc_X__spec_centroid_hz,LF_Acc_X__spec_power,LF_Acc_Y__mean,LF_Acc_Y__std,LF_Acc_Y__rms,LF_Acc_Y__dom_freq_hz,LF_Acc_Y__spec_centroid_hz,LF_Acc_Y__spec_power,LF_Acc_Z__mean,LF_Acc_Z__std,LF_Acc_Z__rms,LF_Acc_Z__dom_freq_hz,LF_Acc_Z__spec_centroid_hz,LF_Acc_Z__spec_power,LF_FreeAcc_X__mean,LF_FreeAcc_X__std,LF_FreeAcc_X__rms,LF_FreeAcc_X__dom_freq_hz,LF_FreeAcc_X__spec_centroid_hz,LF_FreeAcc_X__spec_power,LF_FreeAcc_Y__mean,LF_FreeAcc_Y__std,LF_FreeAcc_Y__rms,LF_FreeAcc_Y__dom_freq_hz,LF_FreeAcc_Y__spec_centroid_hz,LF_FreeAcc_Y__spec_power,LF_FreeAcc_Z__mean,LF_FreeAcc_Z__std,LF_FreeAcc_Z__rms,LF_FreeAcc_Z__dom_freq_hz,LF_FreeAcc_Z__spec_centroid_hz,LF_FreeAcc_Z__spec_power,LF_Gyr_X__mean,LF_Gyr_X__std,LF_Gyr_X__rms,LF_Gyr_X__dom_freq_hz,LF_Gyr_X__spec_centroid_hz,LF_Gyr_X__spec_power,LF_Gyr_Y__mean,LF_Gyr_Y__std,LF_Gyr_Y__rms,LF_Gyr_Y__dom_freq_hz,LF_Gyr_Y__spec_centroid_hz,LF_Gyr_Y__spec_power,LF_Gyr_Z__mean,LF_Gyr_Z__std,LF_Gyr_Z__rms,LF_Gyr_Z__dom_freq_hz,LF_Gyr_Z__spec_centroid_hz,LF_Gyr_Z__spec_power,RF_Acc_X__mean,RF_Acc_X__std,RF_Acc_X__rms,RF_Acc_X__dom_freq_hz,RF_Acc_X__spec_centroid_hz,RF_Acc_X__spec_power,RF_Acc_Y__mean,RF_Acc_Y__std,RF_Acc_Y__rms,RF_Acc_Y__dom_freq_hz,RF_Acc_Y__spec_centroid_hz,RF_Acc_Y__spec_power,RF_Acc_Z__mean,RF_Acc_Z__std,RF_Acc_Z__rms,RF_Acc_Z__dom_freq_hz,RF_Acc_Z__spec_centroid_hz,RF_Acc_Z__spec_power,RF_FreeAcc_X__mean,RF_FreeAcc_X__std,RF_FreeAcc_X__rms,RF_FreeAcc_X__dom_freq_hz,RF_FreeAcc_X__spec_centroid_hz,RF_FreeAcc_X__spec_power,RF_FreeAcc_Y__mean,RF_FreeAcc_Y__std,RF_FreeAcc_Y__rms,RF_FreeAcc_Y__dom_freq_hz,RF_FreeAcc_Y__spec_centroid_hz,RF_FreeAcc_Y__spec_power,RF_FreeAcc_Z__mean,RF_FreeAcc_Z__std,RF_FreeAcc_Z__rms,RF_FreeAcc_Z__dom_freq_hz,RF_FreeAcc_Z__spec_centroid_hz,RF_FreeAcc_Z__spec_power,RF_Gyr_X__mean,RF_Gyr_X__std,RF_Gyr_X__rms,RF_Gyr_X__dom_freq_hz,RF_Gyr_X__spec_centroid_hz,RF_Gyr_X__spec_power,RF_Gyr_Y__mean,RF_Gyr_Y__std,RF_Gyr_Y__rms,RF_Gyr_Y__dom_freq_hz,RF_Gyr_Y__spec_centroid_hz,RF_Gyr_Y__spec_power,RF_Gyr_Z__mean,RF_Gyr_Z__std,RF_Gyr_Z__rms,RF_Gyr_Z__dom_freq_hz,RF_Gyr_Z__spec_centroid_hz,RF_Gyr_Z__spec_power,duration_s,trial_id,subject_id,label,phase,win_s,overlap
8.833576659926534,2.5102118166155685,9.183313126049619,2.0,3.734332353841978,504095.7291627977,0.5203281679865999,1.021356442232459,1.1462593007212798,1.0,1.442751548170979,83453.74163150489,4.302901861612297,1.5325762255171556,4.567685882116565,2.0,1.768231331562699,187903.28926636252,-0.27153234201339616,1.0213564422324581,1.0568343270584206,1.0,1.4427515481709705,83453.74163150474,0.6285090300734107,2.5102118166155645,2.587699164346627,2.0,3.734332353841986,504095.729162796,1.7377118216123073,1.5325762255171471,2.3169877561160197,2.0,1.7682313315627185,187903.28926636046,0.14177012796357819,0.2930477801423595,0.3255391998349416,1.0,1.3848423975122264,6870.16047791446,0.11978762977727468,0.528968339506897,0.5423620381703916,2.0,1.7996775587242175,22384.60171500334,0.06240498432301223,0.26453910445037865,0.27180014689430126,1.0,2.150281421924092,5598.48006397836,9.943345385580034,2.6856160665381794,10.299643251772547,2.0,3.488354059028625,577005.8589565471,-0.23482121444844295,1.3645936067921163,1.3846503943064323,3.0,5.357571657573328,148969.26805676514,0.7887405478612607,2.1397249342393967,2.2804680322351087,2.0,3.7391265481059146,366273.8644540618,0.0037569105801018134,2.6856160665381847,2.6856186943095883,2.0,3.4883540590285906,577005.858956549,-0.1304030694484431,1.3645936067921163,1.3708102247282414,3.0,5.357571657573338,148969.26805676517,1.015795522861259,2.139724934239396,2.368599446607798,2.0,3.7391265481059017,366273.8644540616,0.03623294453789828,0.4459960568626265,0.44746542772251974,3.0,3.6425344133603454,15913.025682290088,0.003067429624429883,0.21696457302508318,0.21698625549204145,0.25,3.341144408620559,3765.893204535326,-0.00833354060027214,0.17670032392186966,0.17689672798847933,3.0,2.9177931368991414,2497.8421790701213,10.295725743581752,9.441335371378065,13.969279945003846,3.0,4.105815562119877,7131110.124292246,1.7401506877793258,4.203937274757779,4.549858572118119,9.75,6.96840934269978,1413847.1181039286,9.35418076183336,6.885784360171604,11.615279763304764,4.0,4.671356195818564,3793123.421994288,5.351145258581762,9.441335371378033,10.852353162944711,3.0,4.105815562119905,7131110.124292198,0.24997891277934414,4.203937274757787,4.211362970219056,9.75,6.968409342699781,1413847.1181039338,0.4927954918334123,6.885784360171612,6.903395805801324,4.0,4.671356195818591,3793123.4219942964,0.2319410841036392,1.093110567140953,1.1174468123764938,1.0,3.998183952702579,95591.70330618978,-0.10919158811249957,4.253433065077054,4.254834384791648,1.0,2.0561886651621357,1447341.2703130615,-0.009992188990305358,1.2883012944224574,1.2883400440300679,1.0,2.6452680305453433,132778.09852151418,9.702806731526929,8.90080456364196,13.166957900347136,1.0,3.3574086902172096,6337945.849818384,-2.998097038015579,5.180612184073544,5.985593408437381,1.0,6.24760983555485,2147099.424856782,9.556158051515103,6.449802332779816,11.529098266450369,4.0,4.534242921389263,3327997.8163055787,4.676593406526958,8.90080456364197,10.054593366721555,1.0,3.3574086902172016,6337945.849818395,-1.1640540530155838,5.180612184073546,5.309780074552362,1.0,6.24760983555483,2147099.424856784,0.7702004865151527,6.449802332779831,6.495626137745331,4.0,4.53424292138926,3327997.8163055955,-0.2178462529550866,1.2289714636770435,1.248129740234991,3.0,3.9963150667372282,120829.70159927865,0.003716286099856658,3.9489260081504716,3.948927756825844,2.0,1.9230488892375772,1247521.3343333565,0.07017581589467925,1.5149420186295788,1.5165665052828865,1.0,3.0018240111593255,183603.95732739035,4.0,HS_1_1,HS_1,healthy,gait_full,4.0,0.5
9.098220088614239,2.707443971236465,9.492516085751364,2.0,3.4176522451472695,586420.3658131557,0.4905538748045236,0.8759910669066163,1.0039937516667743,1.0,1.7492938803138618,61389.14942030943,3.8504305379833488,1.3212577207170506,4.070815310523084,2.0,2.360666447422748,139658.3785205241,-0.30130663519547274,0.8759910669066157,0.9263617207727274,1.0,1.7492938803138518,61389.14942030932,0.3638656013857075,2.707443971236462,2.731785319760037,2.0,3.417652245147263,586420.3658131544,1.2852404979833636,1.321257720717049,1.8432485188413785,2.0,2.360666447422777,139658.37852052375,0.09724832436673164,0.23922875902544458,0.25823949298469295,1.0,2.1656778679223274,4578.527858881556,-0.02339622245135615,0.3835882187218126,0.38430106006510895,2.0,2.542805742683688,11771.211280006195,0.06517912561710769,0.2695903139537057,0.27735763157675747,3.0,2.3637463684086817,5814.315808643877,9.979200006725419,3.1347622359538954,10.459979304481978,2.0,3.3327083241767426,786138.8723161394,-0.1443841392849091,1.3867742529218625,1.3942702780465608,3.0,5.904989817830271,153851.4725169096,0.5692444709674624,2.335712673815956,2.404078401872848,2.0,4.143494026457621,436444.55317851563,0.03961153172546731,3.1347622359539,3.13501249589349,2.0,3.332708324176721,786138.8723161414,-0.039965994284910204,1.3867742529218618,1.3873500312704683,3.0,5.904989817830279,153851.47251690942,0.7962994459674598,2.335712673815955,2.467720912557285,2.0,4.143494026457616,436444.5531785151,0.0394673273998822,0.47648766830522005,0.4781194076577889,3.0,3.3908903554840273,18163.24829805878,-0.003658585514241604,0.19521622840706201,0.19525050853056242,2.0,4.770111012405913,3048.755627271269,-0.005330673717781201,0.1844405547140491,0.1845175718068921,3.0,3.3489698392545955,2721.4655672194735,11.194733808277169,10.557513359782659,15.387759855813101,3.0,4.377139989204043,8916891.573403552,2.3139638087282663,5.3733943490432665,5.850452575522199,1.0,6.445400606152834,2309869.5467391084,9.311745141866659,8.171903299347024,12.38905166350339,4.0,4.6102190965665875,5342401.776795302,6.250153323277193,10.557513359782634,12.268883604732004,3.0,4.377139989204056,8916891.573403507,0.8237920337282827,5.37339434904327,5.436175139301927,1.0,6.445400606152842,2309869.546739111,0.4503598718667152,8.171903299347036,8.18430373019396,4.0,4.6102190965666034,5342401.7767953165,0.39920102195132967,1.3286945401069918,1.3873682412528827,3.0,4.22416212756414,141234.37935706216,-0.06861196442655033,4.52815219469225,4.528671979726365,2.0,2.0460919904592476,1640332.996228768,-0.025501491953058206,1.5621088231811449,1.5623169657762195,2.0,2.6655206456828955,195214.72429620527,11.094673826429371,10.05137990772932,14.970705573364324,1.0,4.154573063158098,8082419.057859763,-3.0609649892916972,6.338030282710917,7.038475298687219,1.0,6.3126908184460895,3213650.5579759874,9.697228856189374,7.315325141640831,12.147025537852233,4.0,4.459553405228436,4281118.648900165,6.068460501429408,10.051379907729325,11.741228679610735,1.0,4.1545730631580895,8082419.057859773,-1.2269220042917137,6.338030282710912,6.455692485642091,1.0,6.312690818446085,3213650.5579759832,0.9112712911894206,7.315325141640852,7.371865252028741,4.0,4.459553405228416,4281118.6489001885,-0.2721718201652146,1.5636777227107608,1.587187928442614,3.0,4.000018474967736,195607.04194344283,-0.019051534226682147,4.539480134391821,4.539520112467217,2.0,1.9724287056848033,1648550.3980599337,0.0325810329211301,1.6272643879706736,1.6275905234621448,2.0,2.9570232848542823,211839.15107759382,4.0,HS_1_1,HS_1,healthy,gait_full,4.0,0.5
9.385463423791096,2.282970924315012,9.65913453268916,2.0,3.075689670919543,416959.7555159647,0.46362377529815213,1.1455203858854857,1.2357847545187404,1.0,1.8984401695892386,104977.39626996712,3.062044243760385,1.5338679446858487,3.4247431761346574,0.25,1.4128712902036245,188220.91329298308,-0.3282367347018454,1.1455203858854817,1.1916191960886464,1.0,1.898440169589231,104977.39626996635,0.07662226620885396,2.2829709243149976,2.2842563807389604,2.0,3.0756896709194947,416959.75551595946,0.496854203760398,1.533867944685851,1.6123321529787764,0.25,1.4128712902036211,188220.9132929837,-0.6386884976425908,1.1396551916431203,1.306421430037056,0.25,0.5496543887466028,103905.11658216531,0.13711152923639727,0.3650468681487073,0.3899471597469625,2.0,1.9796612256426203,10660.737459120306,-0.10959360959445426,0.41137463238955674,0.42572273540132266,0.25,1.6708316583394385,13538.384199839873,10.015807587073393,2.782069026154772,10.395013693476633,2.0,3.2520389980213746,619196.2277905653,-0.24452321948406058,1.304707383788331,1.3274234298740704,3.0,5.215719382095551,136181.37268748516,0.6243465902385585,2.0562637719750536,2.1489600658643218,4.0,4.246815538561873,338260.0782412308,0.07621911207344594,2.7820690261547814,2.78311290093217,2.0,3.2520389980213587,619196.2277905697,-0.14010507448406267,1.3047073837883285,1.3122083634880437,3.0,5.215719382095551,136181.37268748463,0.8514015652385584,2.0562637719750527,2.2255573066600056,4.0,4.246815538561866,338260.07824123045,-0.7874603874323884,1.187711109590961,1.4250443998770561,0.25,0.7051334714428927,112852.6450934813,-0.025526178553415244,0.20000997591628059,0.20163227980056161,2.0,4.327270346485359,3200.3513019908714,-0.07699014558718982,0.19509654708825605,0.20973827786862562,3.0,3.319131622192026,3045.0139950036987,11.167950738680991,8.82587860929226,14.234439115313535,1.0,3.855589294678799,6231718.2133983355,3.312805754820048,5.874462329570866,6.744181909669696,1.0,4.187146921994923,2760751.281416819,8.462568738214811,7.447399173941723,11.272924381234821,5.0,4.429794449830515,4437114.483840383,6.223370253681021,8.825878609292273,10.799373617963436,1.0,3.855589294678791,6231718.213398352,1.8226339798200655,5.874462329570868,6.150715591371618,1.0,4.187146921994927,2760751.2814168213,-0.3988165317851295,7.447399173941723,7.458070064168946,5.0,4.42979444983052,4437114.4838403845,-0.20433462003479005,1.648415756086219,1.6610319508841673,0.25,2.6236395212039367,217382.02453834735,-0.29250973288638893,4.053180096604901,4.063721304340073,1.0,2.3943189683199373,1314273.039655274,-0.3895022661206326,2.405969433036052,2.437293771381885,1.0,2.059087423690561,463096.7201333175,10.142354253046625,9.113423313995611,13.63531570204268,1.0,4.18093194011388,6644359.458043248,-2.2939317642581183,6.42659413840612,6.823725900039382,1.0,5.5143850485150265,3304089.749006495,9.099645636117403,6.442168520148838,11.149219073321106,4.0,4.492241922739468,3320124.3346033497,5.11614092804665,9.113423313995611,10.451286164664749,1.0,4.180931940113876,6644359.458043253,-0.45988877925813876,6.426594138406117,6.443028007783561,1.0,5.514385048515052,3304089.7490064907,0.31368807111745267,6.442168520148845,6.449801194452286,4.0,4.492241922739449,3320124.334603356,-0.8381316713957052,2.554601693256253,2.6885785295922218,1.0,3.0925536599492895,522079.2229722419,0.4304183187837473,4.052469109644024,4.075262668069834,1.0,1.9400804809233638,1313800.4733946272,-0.3278739366962513,1.9603846659411923,1.9876139858690014,2.25,3.036293516842351,307448.64842295606,4.0,HS_1_1,HS_1,healthy,gait_full,4.0,0.5
9.033989022059465,2.335017516822559,9.33087693920347,2.0,3.1621293821115897,436184.6067608171,0.4706694436670545,1.1022262289910416,1.1985125719314196,0.25,1.8374628848090742,97192.22086890852,3.810404495713022,1.941460088823002,4.276499701559984,0.25,1.3086869258785625,301542.78810290125,-0.32119106633294175,1.1022262289910383,1.1480707125294578,0.25,1.8374628848090668,97192.22086890794,0.42809666794048984,2.3350175168225498,2.373936300950364,2.0,3.162129382111536,436184.6067608137,1.2452144557130296,1.9414600888229998,2.306474868107023,0.25,1.3086869258785547,301542.78810290067,-0.6231516220378942,1.1479784606340764,1.3062053782343122,0.25,0.5488542576878064,105428.39325568502,0.18209943555479527,0.4386191077892499,0.4749178098863135,1.75,1.7423463084574073,15390.948977455768,-0.14485010731559803,0.3978952509487543,0.4234408864492332,1.5,1.6279679372282334,12665.66006605338,9.987259928371074,2.6287799701628494,10.327431675318698,1.75,3.198443230821557,552840.6711756126,-0.30448312236690467,1.369175847404114,1.402623425200461,2.75,4.897041673165688,149971.84789575427,0.8411388811237721,2.033860007876024,2.200931881948102,4.0,3.8378105367553124,330928.2699815838,0.04767145337114101,2.62877997016286,2.629212182193739,1.75,3.198443230821567,552840.671175617,-0.20006497736690756,1.3691758474041118,1.3837154679642738,2.75,4.897041673165676,149971.8478957538,1.0681938561237743,2.0338600078760276,2.2973081303773886,4.0,3.837810536755306,330928.26998158474,-0.8082053254126887,1.1821542719524898,1.4320211488385746,0.25,0.772358255484451,111799.11988246744,-0.06427675839350364,0.19421962767903111,0.20457948441952412,0.5,4.60506929022435,3017.7084063555885,-0.07085662100172757,0.17717952213920274,0.1908225453274814,0.25,3.179154269472654,2511.4162188058926,11.148343295372989,8.295506413618103,13.896078039859551,1.0,3.257276325243156,5505251.882238343,3.022578837639683,5.416810871961905,6.203049480082514,1.0,4.166389089841454,2347347.618150325,8.375587311854144,7.0593243056836394,10.953744678022577,4.0,4.608096658240221,3986731.1128978273,6.203762810373006,8.2955064136181,10.358672678762767,1.0,3.2572763252431662,5505251.88223834,1.5324070626397006,5.416810871961901,5.629397075019018,1.0,4.166389089841428,2347347.6181503218,-0.48579795814579674,7.059324305683644,7.076020018976379,4.0,4.608096658240243,3986731.1128978324,-0.3084770249034787,1.5196052715774484,1.5505993216493008,0.25,2.6239919650724763,184736.26444948884,-0.2625119655366509,3.9919739440833117,4.00059601838151,1.0,2.6042728392144427,1274898.2360993412,-0.42527418406364975,2.3612334671264077,2.399225212002575,1.0,1.9608805907038231,446035.9357435279,10.139771044220877,8.587723564252778,13.28773693467938,1.0,3.670458185787854,5899930.941202152,-2.173547544295208,5.714639219164441,6.114033883822047,1.25,4.904134113563456,2612568.1323376987,9.074655446770196,6.506991087112771,11.166481293825779,4.0,4.475877855171215,3387282.1048604897,5.113557719220896,8.587723564252753,9.994872113430247,1.0,3.6704581857878407,5899930.941202118,-0.33950455929522155,5.714639219164438,5.724715255014399,1.25,4.904134113563464,2612568.132337696,0.2886978817702381,6.506991087112784,6.513392316965395,4.0,4.4758778551712,3387282.1048605023,-0.9110238839434314,2.4593876011568065,2.6226993517822823,1.0,3.0842907256376453,483887.1629421401,0.44273011451061817,4.026055810475741,4.050325337964848,1.0,1.9519660362758302,1296730.1223127823,-0.33674746301342035,2.014281857306583,2.042236581427439,2.0,3.0047630669381418,324586.55859135353,4.0,HS_1_1,HS_1,healthy,gait_full,4.0,0.5
8.872272317984596,2.504847666634212,9.219082270894353,2.0,3.298152192222948,501941.0442240912,0.4899777924233548,0.7084287535736185,0.8613649261247726,1.0,1.6952011612586573,40149.72249662346,4.1936497796532315,1.4706835939315104,4.444053184632796,2.0,1.9890881899516435,173033.67222622142,-0.3018827175766406,0.7084287535736181,0.7700678373113163,1.0,1.6952011612586575,40149.72249662343,0.5898133720153687,2.504847666634211,2.573352219741983,2.0,3.298152192222942,501941.0442240909,1.6284597396532425,1.470683593931506,2.1942632834577522,2.0,1.9890881899516497,173033.67222622034,0.15508148127136995,0.25369003293245124,0.2973363392567253,0.5,1.1796867383386178,5148.690665443453,0.006734564685735545,0.4502699866258094,0.4503203473278916,2.0,1.9386199675032114,16219.454431986753,0.04762190322734016,0.2695385427952236,0.2737131193771441,3.0,2.3942972293247022,5812.089839353199,9.918330851037702,3.0545319921398306,10.378027392604626,2.0,3.1402828028709187,746413.2737025933,-0.2397465181567962,1.4155782795916954,1.435736834736816,3.0,5.390894045700996,160308.95604810736,0.832046312467607,2.1133739177162645,2.2712662508332957,2.0,3.9175546755700266,357307.9495113303,-0.021257623962240308,3.054531992139823,3.0546059610991065,2.0,3.140282802870908,746413.2737025892,-0.13532837315680168,1.415578279591695,1.4220322198294415,3.0,5.390894045700992,160308.95604810724,1.0591012874676071,2.113373917716266,2.363904577853967,2.0,3.9175546755700252,357307.94951133087,0.02048579326051013,0.5031707730410575,0.5035876235256856,3.0,3.5662498446677784,20254.503689812445,-0.0321991894167714,0.1942525484738079,0.19690312437253554,2.0,5.326419131294583,3018.725117429682,0.00018346405417725393,0.15119034607136478,0.15119045738484366,3.0,3.4749199755002467,1828.6910463305765,11.119943594851588,9.160350974690196,14.407122389019554,1.0,3.2705899115476464,6712969.977324473,1.8628694032303068,4.354745092854554,4.736463579215242,1.0,7.032893541611771,1517105.2908168994,9.208946010093495,7.630776074115773,11.959658444542413,4.0,4.738674931526318,4658306.322579632,6.1753631098516175,9.160350974690205,11.047494716813583,1.0,3.2705899115476567,6712969.977324485,0.372697628230317,4.354745092854542,4.370664519936209,1.0,7.032893541611764,1517105.2908168908,0.34756074009354004,7.630776074115781,7.638687188342786,4.0,4.738674931526318,4658306.322579643,0.25387772628459915,1.1785293546870212,1.205564324191142,2.0,4.463426491140579,111114.61799841706,0.07182868373757359,4.399570476614057,4.400156785672701,2.0,2.10007826163964,1548502.2795287587,-0.06337724814411949,1.4739497163672837,1.4753116423188413,2.0,2.2420339438394303,173802.3438978244,10.970137111344803,8.984544037493203,14.179772205623019,2.0,3.4293105425094232,6457789.111181049,-2.643812839263967,5.129300677018961,5.770569448878002,1.0,5.509683829640096,2104792.231680637,9.67930649528173,7.529253789841986,12.262896756535667,4.0,4.437087312099661,4535173.90871802,5.943923786344833,8.984544037493212,10.7727555221276,2.0,3.4293105425094232,6457789.111181062,-0.8097698542639747,5.129300677018958,5.192827038535159,1.0,5.509683829640076,2104792.2316806344,0.8933489302817611,7.52925378984199,7.5820666670166865,4.0,4.437087312099664,4535173.908718024,-0.38762791731490975,1.3640161995578688,1.4180252448169552,3.0,4.017040844572181,148843.25921182908,-0.014875038599232972,4.499750922750048,4.499775509240792,2.0,2.0501477660478002,1619821.2332514997,0.03803555570802538,1.740432401997443,1.7408479684971365,2.0,2.7553559857036602,242328.3960016532,4.0,HS_1_1,HS_1,healthy,gait_full,4.0,0.5
8.610642750026589,2.2471119526012155,8.899026952207118,2.0,3.2233700040830713,403961.3467516777,0.35001903762880227,0.9179605256490694,0.9824280397833262,1.0,1.4569030049117162,67412.1538870285,4.75296354472091,1.4446531013937636,4.967663942016668,2.0,1.7727176376288576,166962.09421846864,-0.11795752737119397,0.9179605256490678,0.9255082414076273,1.0,1.4569030049117149,67412.15388702825,1.1012160799733584,2.247111952601231,2.5024366090503087,2.0,3.2233700040830513,403961.3467516834,3.4616603497209235,1.4446531013937693,3.7510151906112856,2.0,1.7727176376288627,166962.09421847004,0.036658523873515564,0.3049888452261997,0.30718405408646443,1.0,1.1906935090293294,7441.457674411772,0.0788279281659678,0.46421663748259734,0.47086189989697425,2.0,1.936930611991276,17239.77698520555,-0.013601963190134816,0.20226548368307468,0.20272232065604895,1.0,1.927315719373281,3272.906334797994,9.861790359411133,2.5906245783053774,10.19638390796925,2.0,3.1568370136349677,536907.4910839604,-0.27552731519200263,1.2797185895330174,1.3090435324362932,3.0,6.236473703790159,131014.57031493934,1.0699479183194842,2.0584504173520357,2.319915228755777,2.0,3.942062491998874,338979.01496296946,-0.07544751558880178,2.5906245783053943,2.591722985453601,2.0,3.1568370136349553,536907.4910839674,-0.1114615301920027,1.2797185895330156,1.2845634827088592,3.0,6.236473703790141,131014.57031493902,0.9256356733194852,2.058450417352038,2.256993469290152,2.0,3.942062491998871,338979.0149629703,-0.0025556931180947275,0.3667744668116587,0.3667833707684829,3.0,3.7195873066512504,10761.92316316794,-0.031223724531321464,0.2533618087323516,0.25527852846985893,2.0,3.530890429400332,5135.414911233274,-0.00795493177780684,0.1513318829185901,0.15154081868353297,3.0,3.0562073607341373,1832.1076731998353,10.861488045816193,9.52467440946134,14.446153300296096,3.0,3.8855796882954965,7257677.73044418,2.2326902928481465,4.43144952001828,4.962121601920754,1.0,6.0569625377339875,1571034.4624473078,9.266764796284633,7.280243535630718,11.784518476702942,4.0,5.144512394435479,4240275.27470446,5.980969325816216,9.524674409461323,11.246840297728152,3.0,3.8855796882954916,7257677.730444158,0.3688250728481627,4.431449520018283,4.446771501081624,1.0,6.056962537733972,1571034.46244731,0.44604747628467956,7.280243535630759,7.293895001245452,4.0,5.144512394435483,4240275.27470451,0.24698393506726113,1.08582920929684,1.113564607889237,2.0,4.323308632850284,94322.7336827455,0.10564784054278338,4.277762083255687,4.2790664761313755,1.0,1.8936336543231969,1463939.913633755,0.015502695190372999,1.5745976904970493,1.5746740045091263,1.0,2.2324424899320636,198348.63847063368,9.850622054063757,8.42001884770243,12.958837611748649,2.0,3.05863951263375,5671737.3924461845,-2.4044168119669154,4.665060888277548,5.248239066297004,1.0,4.659391399297522,1741024.2842492817,9.498839604350735,6.59489996685836,11.563764931978271,4.0,4.847249157225095,3479418.181519291,5.113030884063798,8.42001884770247,9.850878245976602,2.0,3.058639512633742,5671737.392446243,-0.31959508696692784,4.665060888277557,4.6759955208437045,1.0,4.659391399297518,1741024.2842492887,0.6041607393507753,6.594899966858366,6.622515818919676,4.0,4.847249157225091,3479418.181519296,-0.20193231493108854,1.1102663816826173,1.128480437627538,3.0,4.083644325676028,98615.36609302866,-0.021845254345158417,3.9610585875762525,3.9611188254518424,1.0,1.9867933372363022,1255198.9523333071,-0.08439661521616472,1.4108982354053186,1.4134201849873895,1.0,2.8745804073511843,159250.8020291462,4.0,HS_1_2,HS_1,healthy,gait_full,4.0,0.5
9.079047751559841,2.4486627892372264,9.403459870201969,2.0,3.2916771245639502,479677.14729071595,0.4865152728061421,0.8668716598138926,0.9940641756255619,1.0,1.4479948315539706,60117.5085878474,3.7133091569292627,1.3323697978386715,3.9451076250372914,2.0,2.071344590293362,142017.80363288755,0.01853870780614537,0.8668716598138942,0.8670698693159725,1.0,1.44799483155397,60117.50858784763,0.6328110784400985,2.448662789237233,2.5291103804285777,2.0,3.291677124563963,479677.1472907184,2.422005961929271,1.33236979783867,2.7642941518249446,2.0,2.0713445902933554,142017.80363288723,-0.05208145914883475,0.2697387598094726,0.2747207253387048,0.5,1.0449064336902443,5820.732288933302,-0.0012855337310186154,0.3717153242648801,0.37171754719184097,2.0,2.512699452054711,11053.855776063561,0.006622227645528,0.22944317361833474,0.22953871965104816,3.0,2.3121643674523966,4211.536393252554,9.941718977086705,2.940506877945278,10.367466272846485,2.0,3.3096868752283553,691727.9884823924,-0.15925533249806306,1.4154148273256026,1.4243459531806992,3.0,6.185889349932539,160272.0953260989,0.7863105949820819,2.1527446316650964,2.291853791354057,2.0,4.17995751540322,370744.9140515639,0.0044811020867647055,2.9405068779452863,2.9405102923675424,2.0,3.309686875228384,691727.9884823968,0.004810452501934934,1.4154148273255989,1.415423001744153,3.0,6.185889349932518,160272.09532609806,0.6419983499820786,2.1527446316650964,2.246435249577117,2.0,4.179957515403221,370744.914051564,-0.0015614990718086808,0.4695134907978971,0.4695160873927306,3.0,3.740813283623371,17635.626638051785,-0.04978525393815196,0.20026596238895764,0.20636139949433777,2.0,5.396924475659797,3208.51893157379,0.005845465496316138,0.19769400983221733,0.19778041103812444,1.0,3.0576299123277613,3126.6415864338487,10.886097750121493,9.403603612087606,14.385231493391663,3.0,3.706417981216995,7074242.665584593,2.4105496031529925,4.685450583195665,5.269174181674929,1.0,6.498755693030195,1756291.2077220518,9.425569044434958,7.412403656703101,11.991041647051187,4.0,4.890420233425864,4395539.272318818,6.00557903012151,9.403603612087586,11.157721110527092,3.0,3.7064179812170015,7074242.665584562,0.5466843831529983,4.6854505831956725,4.717235523307273,1.0,6.498755693030213,1756291.2077220571,0.6048517244350142,7.412403656703131,7.43704064655142,4.0,4.890420233425893,4395539.272318851,0.22731260671988424,1.1447884807247628,1.1671382466417162,3.0,4.730889177064599,104843.79664794097,-0.008199662383660912,4.458613575701054,4.45862111553437,2.0,2.0502055084023048,1590339.6964553616,0.060029105504594185,1.5489123047219684,1.5500751018021033,2.0,2.6525542566346996,191934.41270169,11.068384027351703,9.51753169365441,14.597689355396302,2.0,3.7610415484503297,7246672.884391873,-2.5934760815599045,5.62831034897578,6.197095736714997,1.0,5.604367823074466,2534230.2144969213,9.619241526809969,7.4855608791744705,12.188659861811415,4.0,4.465476836232463,4482689.781521342,6.330792857351744,9.517531693654435,11.430763217843877,2.0,3.7610415484503275,7246672.884391909,-0.5086543565599174,5.628310348975785,5.65124823723355,1.0,5.604367823074435,2534230.214496926,0.7245626618100249,7.485560879174454,7.520546039132814,4.0,4.465476836232453,4482689.781521323,-0.27574291711382415,1.4337593151735273,1.4600342222651164,3.0,4.222402628814559,164453.26748279846,0.06481645557567826,4.510326784447826,4.510792488623352,2.0,2.05579492189549,1627444.6798091426,-0.08015386914125859,1.56406405556564,1.5661165386556493,2.0,2.966643869650082,195703.7100901526,4.0,HS_1_2,HS_1,healthy,gait_full,4.0,0.5
9.378313254038765,2.1012058303458674,9.610818145837461,1.75,3.305865959480893,353205.2916533578,0.3491833161030972,1.6855552263686602,1.721344070598165,0.75,1.992018284389819,227287.9137907572,3.267195364607303,1.6619127795971673,3.665585851879592,0.25,1.5226118421671642,220956.37662749412,-0.11879324889689849,1.6855552263686593,1.689736150149538,0.75,1.9920182843898264,227287.91379075687,0.3335455759611762,2.1012058303458723,2.12751465158827,1.75,3.3058659594809354,353205.2916533594,1.9758921696073122,1.6619127795971635,2.5818799261204735,0.25,1.5226118421671377,220956.37662749307,-0.7359569234631449,1.447140408925168,1.6235294750442446,0.25,0.8709685189458529,167537.2391468384,0.1292051993421755,0.3584178118215716,0.3809951592448581,1.25,1.8487653630858942,10277.069986463994,-0.1849138897321163,0.4936319023617145,0.5271295871463739,0.25,1.3574928426442676,19493.82967333142,10.089518767186753,2.502510790153965,10.395236851955358,1.75,3.26558993660003,501004.8596051838,-0.3303932642005649,1.3943526851184829,1.432961660173163,3.0,5.096810143634327,155537.70815014985,0.7857277177357063,2.0020145302718517,2.150681339910166,1.75,3.8726571555604075,320650.6512268997,0.15228089218681223,2.5025107901539565,2.5071397497870342,1.75,3.2655899366000356,501004.8596051807,-0.16632747920056506,1.3943526851184802,1.4042379573399695,3.0,5.096810143634317,155537.70815014924,0.6414154727357078,2.0020145302718513,2.102254976943661,1.75,3.872657155560395,320650.6512268995,-0.757171273778877,1.211411364833451,1.42857475572109,0.25,0.7975439692485322,117401.39964454799,-0.04753271664473778,0.2702631794069476,0.27441127034941715,1.0,2.942686251486005,5843.383747927064,-0.06032168815265127,0.24537714202309835,0.2526828998745453,0.25,2.1614653492008298,4816.8020396317115,10.202570580136397,7.84583159482875,12.870490272599477,1.0,3.6937215135243697,4924592.429280625,3.121273037355642,4.977571511842598,5.875250082271419,0.75,4.778892068120593,1982168.3778464145,8.58276319347237,6.066732957717748,10.510426861716073,4.0,5.7097011608390575,2944651.961722233,5.3220518601364075,7.845831594828737,9.480575373699333,1.0,3.693721513524367,4924592.429280608,1.2574078173556458,4.9775715118426,5.133935388632595,0.75,4.778892068120613,1982168.377846416,-0.2379541265275665,6.066732957717738,6.071397775355368,4.0,5.709701160839109,2944651.961722223,-0.4496047414997406,2.0169158946045593,2.066420612916828,0.25,2.055004669891323,325435.9903672829,-0.37521218171259896,3.7666579095360526,3.785299986629334,1.75,1.938346620625409,1135016.9933064096,-0.27470733728306995,1.8332643790426728,1.8537320207149337,1.0,1.9080409301132033,268869.52200168645,9.467417894187097,8.282635934315575,12.579112035576664,3.0,3.6135598656981593,5488164.82652602,-1.8837776910633908,5.5227901930740355,5.835223209617852,1.0,4.414218669195652,2440096.9220604915,9.539468814875947,6.178637640149744,11.365607258667085,4.0,4.741306597177118,3054045.0501258755,4.729826724187129,8.28263593431557,9.5379934399878,3.0,3.6135598656981593,5488164.826526014,0.2010440339366033,5.522790193074035,5.526448246414349,1.0,4.414218669195612,2440096.9220604906,0.6447899498760044,6.17863764014973,6.212191011852109,4.0,4.741306597177123,3054045.0501258615,-0.8344725921981038,2.054531774150189,2.217531356739414,3.0,2.850100560889177,337688.0784381673,0.3390919998316332,3.881611902744547,3.8963950451510896,1.0,2.015842114280038,1205353.9219737714,-0.4157917105137747,1.9528616988322673,1.9966350596185625,3.0,2.7391197264464813,305093.5088901238,4.0,HS_1_2,HS_1,healthy,gait_full,4.0,0.5
8.908840617525463,2.2433499101475514,9.186950526035858,1.75,3.117940861956154,402609.61552290735,0.4726709127831789,1.7071398525460195,1.7713679086915086,0.75,1.9739504053090822,233146.14647566935,4.290202088210474,1.9554356716624315,4.714823710775984,0.25,1.4766408552534827,305898.8227415726,0.004694347783181936,1.7071398525460184,1.7071463068676773,0.75,1.9739504053090888,233146.14647566897,0.8030182124744809,2.243349910147572,2.3827415027494756,1.75,3.117940861956187,402609.6155229146,2.998898893210486,1.9554356716624317,3.5801010094282235,0.25,1.4766408552534829,305898.8227415728,-0.6746444350786228,1.4742637523568847,1.6212953849610365,0.25,0.8843315862140271,173876.37978872444,0.15597764990929316,0.34796559706860597,0.3813254305898539,1.0,2.0441638689400237,9686.429793148218,-0.198050860468794,0.4899270921004634,0.5284436572676843,1.0,1.3681880551014096,19202.295978069906,10.062622200404826,2.357914961168214,10.335188847436749,1.75,3.105844385481433,444781.2730729041,-0.3695872979237984,1.1799635793190077,1.23649052536036,4.75,4.81783313598304,111385.53018367583,0.8470531191699543,2.0371694929814823,2.206254411855074,1.75,3.6616933681887778,332008.5776444608,0.1253843254048939,2.3579149611681975,2.3612463219999014,1.75,3.105844385481415,444781.27307289804,-0.20552151292379958,1.1799635793190069,1.1977283251196031,4.75,4.817833135983046,111385.53018367563,0.7027408741699576,2.037169492981483,2.154971990389571,1.75,3.661693368188769,332008.57764446107,-0.7701276667335369,1.1624784185422852,1.3944363365335164,0.25,0.6765466755771907,108108.60853816848,-0.042506526330338835,0.25601186927411695,0.25951663143216724,1.0,2.6214112899762987,5243.371888378381,-0.06568977754300043,0.22387426679906705,0.23331273906169103,0.25,2.179863758972061,4009.5749896561897,10.195784374897208,8.70086825490264,13.403698273557582,2.75,4.136644788152413,6056410.14277181,2.9096653360121625,5.412439111306969,6.144969446726008,1.0,5.1262667771342185,2343562.1727244104,8.422411117192222,6.354384391811554,10.55060235370007,4.75,4.908644597993103,3230308.479694192,5.315265654897215,8.700868254902646,10.195938278123428,2.75,4.136644788152428,6056410.14277182,1.0458001160121677,5.412439111306961,5.512548867471049,1.0,5.1262667771342265,2343562.172724404,-0.39830620280771045,6.354384391811535,6.366855489964661,4.75,4.908644597993116,3230308.4796941723,-0.44360873193570705,2.0571319432418713,2.104419287821627,0.25,1.9735048492450316,338543.44853179745,-0.281533376910928,3.782030727709688,3.792494886964931,1.0,2.2762375862915256,1144322.063062835,-0.2648610048695419,1.8794856909213629,1.8980563253704186,1.0,2.7864352803796004,282605.71315801307,9.495877863728763,8.184890779632468,12.536512014007986,3.0,3.613836204866926,5359400.719627138,-2.0608940937371143,5.5369018888792825,5.908008716367595,0.75,4.462456078666519,2452582.6841783547,9.612170293049699,6.343890368694348,11.516890324762151,4.0,4.557539735829426,3219602.9239057805,4.758286693728815,8.184890779632488,9.467509140963616,3.0,3.6138362048668915,5359400.719627163,0.02392763126287548,5.536901888879301,5.536953590072164,0.75,4.4624560786664995,2452582.6841783714,0.717491428049747,6.343890368694347,6.384335435997842,4.0,4.557539735829434,3219602.9239057787,-0.9014061221888121,1.9649550799775828,2.161846771500973,1.0,2.862448652245283,308884.2998667733,0.31422849514436174,3.8974992775667965,3.9101457985341663,1.0,1.9803659038992198,1215240.0586674146,-0.40994583527011413,2.076518520809137,2.1165974475838993,2.0,2.7872710735587334,344954.54816914955,4.0,HS_1_2,HS_1,healthy,gait_full,4.0,0.5
8.770891063682335,2.366326574107325,9.084494014875519,2.0,3.19141296858976,447960.46361406683,0.6449786248011705,0.8213281663275576,1.0443071307107872,1.0,1.5707859433460742,53966.54415509174,4.32538099258829,1.5015502961814586,4.578599570065795,2.0,1.7041452807008575,180373.22998767588,0.17700205980117367,0.8213281663275579,0.8401843166691739,1.0,1.5707859433460827,53966.54415509177,0.9409677663176187,2.366326574107334,2.5465509601371266,2.0,3.1914129685897787,447960.4636140702,3.034077797588296,1.501550296181464,3.385303734346579,2.0,1.7041452807008877,180373.22998767713,0.041104032536347646,0.18272199142994444,0.18728819408300626,1.0,1.551396177540745,2670.9862177102336,-0.018206884190195494,0.346485878442298,0.3469639096388068,2.0,2.2404590490243126,9604.205639217653,-0.0028807835057084274,0.2505877209593966,0.25060427931148976,3.0,2.514793732609715,5023.559703365688,9.907566022820031,2.745269401426808,10.280873921167803,2.0,3.2353074718638073,602920.8461239825,-0.16938671286945117,1.145775739488047,1.1582287786513072,3.0,5.841428261375977,105025.3595210159,0.8101633196114945,2.114516221975432,2.2644079706274596,2.0,4.011592541486129,357694.34647039376,-0.02967185217990127,2.7452694014268038,2.7454297487318935,2.0,3.235307471863859,602920.8461239805,-0.005320927869454705,1.145775739488046,1.145788094489016,3.0,5.841428261375976,105025.35952101568,0.6658510746114988,2.1145162219754283,2.2168753926548344,2.0,4.0115925414861175,357694.34647039266,0.006465963212358906,0.38129956757329614,0.3813543875607651,3.0,3.6137002564075664,11631.157771748323,-0.027240235454569196,0.16817783023825164,0.1703696364123213,2.0,5.210359976197611,2262.7063997367877,0.001433215504345642,0.17754982539236264,0.17755560989036748,3.0,3.454540479626849,2521.9155557991457,10.905706991767586,9.84886981646662,14.694716113351618,1.0,3.900890453472753,7760019.145667587,2.121692465899623,4.827926223586283,5.273561466433034,1.0,7.2853140704062564,1864714.8402660668,9.09540917486837,7.415023509880517,11.734949582778807,4.0,4.636308394195077,4398608.658162124,6.025188271767595,9.848869816466609,11.545697483129928,1.0,3.9008904534727638,7760019.14566757,0.2578272458996359,4.8279262235862745,4.834805736440733,1.0,7.285314070406263,1864714.8402660596,0.2746918548684328,7.415023509880504,7.4201097880834395,4.0,4.636308394195092,4398608.6581621105,0.2771353727665724,1.1453624535276241,1.1784138342659112,2.0,4.097782963525616,104948.55808173757,0.07427444838944491,4.464998673062308,4.465616401364063,2.0,2.1906646538570342,1594908.9601003516,-0.006815596689913694,1.558869091743639,1.5588839910499683,2.0,2.303288986354769,194405.86305164284,10.90695690005145,9.577218352889354,14.514986055745993,2.0,3.9314260163984183,7337854.97498738,-2.8473208262434198,5.683645850352844,6.3569698787860105,1.0,5.984055429143966,2584307.426247546,9.75456178346209,7.724933521437718,12.442912580984054,4.0,4.259412523985472,4773970.278860797,6.169365730051511,9.577218352889345,11.392286201200113,2.0,3.9314260163983814,7337854.97498737,-0.7624991012434351,5.683645850352872,5.734564938304428,1.0,5.984055429143968,2584307.4262475707,0.8598829184621372,7.724933521437728,7.7726441153635255,4.0,4.259412523985465,4773970.278860808,-0.34081759695081604,1.405218028619646,1.4459579324271552,3.0,4.409642093152705,157971.30775554595,-0.003060863472737223,4.53254973412018,4.532550767631634,2.0,2.0653962638492698,1643520.8173771582,-0.009991589413672479,1.690415774182389,1.6904453027127666,2.0,3.116134511631286,228600.75765157244,4.0,HS_1_2,HS_1,healthy,gait_full,4.0,0.5
9.397600583911283,2.1268569652944307,9.63526944540479,2.0,3.015941792947944,361882.1259377378,0.7653998617877005,0.8086270615793796,1.113424749654476,1.0,1.748410215045634,52311.05993714588,2.6077947339417333,1.1906476242232888,2.8667464379401957,0.25,1.6345451939453357,113412.16772050965,0.2974232967877044,0.8086270615793796,0.8615905884992991,1.0,1.7484102150456309,52311.05993714588,0.31425824608866654,2.126856965294434,2.149948556606919,2.0,3.015941792947954,361882.1259377389,1.3164915389417395,1.190647624223286,1.7750469675965608,0.25,1.6345451939453441,113412.16772050917,0.07302216485936155,0.1943551769302577,0.20762025758663227,1.0,1.447133689643591,3021.919381211772,-0.004110373745254443,0.34532272482020754,0.3453471868273701,2.0,1.9129412033546516,9539.82280769747,-0.004010302923499117,0.22324826620123048,0.22328428267881667,3.0,2.522517705615334,3987.1833116904922,9.923928109567504,2.600912637069607,10.259098189876749,2.0,3.0888792513148577,541179.7519038062,-0.35320230055203256,1.248195057602454,1.2972057535096126,3.0,5.060737534155717,124639.36789225918,0.8741178727505879,1.8717878458007562,2.0658344065170007,2.0,3.842454066240959,280288.3715805664,-0.013309765432428504,2.6009126370696114,2.6009466921727302,2.0,3.088879251314903,541179.751903808,-0.18913651555203462,1.2481950576024519,1.2624434733239953,3.0,5.060737534155721,124639.36789225874,0.729805627750593,1.871787845800755,2.0090311082668353,2.0,3.842454066240944,280288.3715805662,0.018483245152109272,0.4582233095251233,0.4585959351580757,3.0,3.009153126026318,16797.49249401872,-0.03024537723389886,0.18380036072503042,0.18627226161367172,2.0,4.350773165630744,2702.6059935748426,0.003390309759950194,0.17667552571102174,0.1767080518412625,3.0,3.258638906566942,2497.1534450766135,10.635641685273647,9.180357216281996,14.049762726682303,1.0,3.95543657196335,6742353.831445603,2.2281897804528477,3.9049214066862086,4.4959137992304425,1.0,5.968661434935819,1219874.1224340587,8.900655517946367,7.1344023179352565,11.40707522037569,4.0,4.689892699896889,4071986.544802073,5.75512296527367,9.180357216281985,10.835146467120834,1.0,3.9554365719633786,6742353.831445588,0.36432456045286593,3.904921406686198,3.9218801075179863,1.0,5.968661434935813,1219874.1224340517,0.0799381979464158,7.134402317935254,7.134850142059807,4.0,4.689892699896897,4071986.544802069,0.2717520052701374,0.9882253870088465,1.0249090534760268,1.0,3.9018823635934905,78127.15734934204,0.26491849960235697,4.142752886162102,4.1512146761202295,2.0,2.240596655909123,1373003.7819382648,-0.08605599879395134,1.5437610991358492,1.5461578076423992,2.0,2.184234832833515,190656.5333004098,10.006470113523978,8.563100037424435,13.17027434732424,2.0,3.7464009215043816,5866135.031427834,-2.283466798171028,4.997892056331312,5.494828989612787,1.0,6.1705751828670445,1998316.978517056,9.151666590771658,6.799196311399421,11.400968023356333,4.0,4.425847981664582,3698333.543433955,5.268878943524013,8.563100037424427,10.054241272838489,2.0,3.746400921504358,5866135.03142782,-0.19864507317104188,4.997892056331335,5.001838149304212,1.0,6.1705751828670605,1998316.9785170744,0.2569877257717005,6.79919631139945,6.804051232328074,4.0,4.425847981664583,3698333.5434339875,-0.267215563640583,1.3176706911266294,1.3444925465415878,3.0,4.335419668371726,138901.1930574789,-0.028201142567151248,4.098348438286365,4.098445464569021,2.0,2.071005030430784,1343717.143441111,0.016778544095423842,1.4879285060818557,1.4880231042403023,2.0,3.139128767950504,177114.5176373757,4.0,HS_1_2,HS_1,healthy,gait_full,4.0,0.5
8.629728479600022,2.498101981400811,8.984026221082527,2.0,2.798558510543408,499241.5396948681,0.5151031439334399,1.0296204828457822,1.1512817151269692,1.0,1.3267779112335376,84809.46711340624,4.7175882904359625,1.615573707295301,4.986553687845183,2.0,1.737585794121755,208807.6338363266,0.307918213933443,1.0296204828457842,1.074677609875421,1.0,1.3267779112335374,84809.46711340657,1.046916770399917,2.4981019814008105,2.708606326807801,2.0,2.7985585105433737,499241.53969486785,3.0254725004359733,1.6155737072953011,3.429804987837965,2.0,1.7375857941217419,208807.6338363266,-0.07854587252302131,0.27747197399911466,0.288375017027079,1.0,1.4103991152253954,6159.309537274461,0.09679779088025481,0.4399334279394923,0.4504566941870106,2.0,1.7630417102161005,15483.338812220532,-0.009034425896792504,0.2820489323702764,0.2821935879896944,1.0,1.8312461897846595,6364.128029151807,9.873855725551767,2.811650280972816,10.266372494289593,2.0,3.1033442060569065,632432.8424775014,-0.1603040924563755,1.4279709720505427,1.436940673471676,3.0,5.472904287416143,163128.10156468966,1.1369400582349143,2.2421884329455573,2.5139693046761855,2.0,3.7226286815175773,402192.9829916178,-0.0712814944481738,2.8116502809728043,2.8125537068552515,2.0,3.1033442060568723,632432.842477496,0.00012536254362272904,1.4279709720505445,1.4279709775533762,3.0,5.472904287416149,163128.10156469003,1.0251237782349236,2.2421884329455595,2.4654183680538906,2.0,3.7226286815175724,402192.9829916186,-0.010369524409821848,0.4165268337618814,0.41665588953017796,3.0,3.60580469716932,13879.60261232518,-0.018976179428836382,0.24730147300838654,0.24802845388751898,1.0,2.983850901585205,4892.642034187454,0.0008574034571021366,0.17379358896010916,0.1737957039294229,3.0,3.3087022420703036,2416.3387051247787,11.462475419570433,10.217130688851954,15.355067640923524,3.0,3.7846760067305523,8351185.928189759,2.0027373512554245,4.790098682126929,5.191917014227764,1.0,6.904520514882182,1835605.4734598405,9.195347205706291,7.735330552737715,12.016228567799802,4.0,4.664917886218383,4786835.320817817,6.364035904570458,10.217130688851967,12.037055807287038,3.0,3.7846760067305594,8351185.928189776,0.24741247125543794,4.790098682126938,4.796483953423273,1.0,6.9045205148821704,1835605.473459847,0.48303192070635803,7.735330552737731,7.750397318624322,4.0,4.664917886218381,4786835.320817836,0.26449176805257085,1.2441775828658825,1.271980248696325,2.0,4.117501694826314,123839.58860622304,0.05700169765010104,4.364042010292828,4.3644142632357505,1.0,1.955158636257202,1523590.8785521442,-0.04259227143546231,1.5719850133861353,1.5725619173490881,1.0,2.1710454070474876,197691.12107440396,10.158469393485902,9.434755149312382,13.863949839272587,2.0,3.3139396685309537,7121168.463187584,-2.876038841943317,4.536757863050804,5.371570657481846,2.0,4.848236045298116,1646576.914998795,9.660229828519574,6.929404516283059,11.888510726331678,4.0,4.6743276179159965,3841332.154132747,5.36242598348594,9.434755149312393,10.852198724490897,2.0,3.3139396685309417,7121168.463187599,-0.7218776919433223,4.536757863050807,4.593830570458466,2.0,4.8482360452980995,1646576.9149987977,0.8132936785196256,6.929404516283054,6.976968794383702,4.0,4.67432761791601,3841332.1541327424,-0.2096044089008546,1.1168046558099025,1.136303941500403,3.0,3.7038997158845315,99780.52778575421,-0.07348298778921503,4.111853912163885,4.112510467399673,1.0,2.0576136217558103,1352590.9405376485,-0.042869221109036716,1.4743438586686883,1.474966977160022,1.0,2.7524920906126447,173895.42932452343,4.0,HS_1_3,HS_1,healthy,gait_full,4.0,0.5
8.809930654011556,2.5363394258196164,9.167763948284195,2.0,3.0028951317623456,514641.5109074583,0.5975024083418684,0.9731505722240078,1.1419418392344884,1.0,1.369046584777431,75761.78584624908,4.33306970215083,1.4561370411527337,4.571195481087471,2.0,2.0432915674978824,169628.0828926684,0.3903174783418708,0.9731505722240099,1.048508354816057,1.0,1.3690465847774302,75761.78584624939,0.8667145959883965,2.5363394258196217,2.68033801485304,2.0,3.002895131762349,514641.5109074604,2.640953912150836,1.4561370411527323,3.0157872353204627,2.0,2.043291567497889,169628.0828926681,-0.1855361453565493,0.2391883518048192,0.3027122872842669,0.5,3.3370146803154905,4577.275567892171,-0.0268780219022888,0.4008093220079772,0.40170952275229216,2.0,2.5640428274494345,12852.104224957171,-0.027010058547475915,0.2801066122959745,0.28140585906243215,3.0,2.2931314959941274,6276.778344428233,9.92137520389569,3.0166384071525676,10.369850202195991,2.0,3.0313690170636494,728008.860558565,-0.11083326942782289,1.522590377366899,1.5266189671500665,3.0,5.668119657091598,185462.61983906105,0.9128938682565136,2.280902168684878,2.456804818827031,2.0,4.043715660673206,416202.6645336646,-0.023762016104245234,3.016638407152559,3.016731992225572,2.0,3.031369017063622,728008.8605585606,0.04959618557217681,1.5225903773668976,1.5233979253214118,3.0,5.668119657091593,185462.61983906076,0.8010775882565221,2.280902168684878,2.4174862989308266,2.0,4.043715660673196,416202.66453366453,-0.04716294533055984,0.5100633851770219,0.5122392022390481,3.0,3.2693530159578152,20813.28431899724,-0.047769314971582204,0.1988773887733653,0.20453391703618867,2.0,4.754804271351556,3164.1864877811017,0.007031644749494481,0.2035688087008793,0.20369021553275032,3.0,3.5236282047259078,3315.220801291149,11.631922667715953,10.015856260959469,15.349886044786299,1.0,4.100842412432623,8025597.248034272,2.3769464065127086,4.877072716215331,5.4254688736261,1.0,6.475250451726023,1902892.5247895536,9.102838365451007,7.816246237667443,11.99814033737634,4.0,4.729283901534328,4887589.779288175,6.533483152715986,10.015856260959454,11.958418739407996,1.0,4.100842412432608,8025597.248034248,0.62162152651272,4.87707271621534,4.916528409505642,1.0,6.475250451726017,1902892.5247895608,0.3905230804510776,7.816246237667447,7.825996008446179,4.0,4.729283901534346,4887589.779288181,0.2372711845735047,1.2535778656866496,1.2758350521789288,3.0,4.226527063603663,125717.16046270348,-0.04550256906603836,4.588000572539082,4.5882262081779,2.0,2.00397912592446,1683981.7711348676,-0.03244663898156098,1.6438117144097637,1.6441319097967677,2.0,2.2344367568975865,216169.48847611394,11.301806653859737,10.37262270827037,15.340213019686344,2.0,4.111152773428384,8607304.50226361,-2.6673629428714674,5.371458281063876,5.997281812139032,1.0,5.466494814577055,2308205.2241030927,9.912929579406118,7.748977867219357,12.58224267898693,4.0,4.617993222607829,4803732.661063074,6.505763243859783,10.372622708270374,12.244029452483492,2.0,4.111152773428364,8607304.502263617,-0.5132017928714698,5.3714582810638785,5.395918841626161,1.0,5.4664948145770325,2308205.2241030945,1.06599342940617,7.74897786721934,7.82195627565076,4.0,4.617993222607835,4803732.661063055,-0.2750725517341328,1.4435748641881034,1.4695486712706143,3.0,3.555123045136888,166712.67599634873,0.021783232023636075,4.607130738192576,4.607182235162428,2.0,2.0756783896507414,1698052.4190058107,-0.03293144359839846,1.502274250995987,1.502635153715974,2.0,2.723773523995738,180546.2872448854,4.0,HS_1_3,HS_1,healthy,gait_full,4.0,0.5
9.046080314379719,2.220473637894146,9.314616053858103,1.75,3.420523886782566,394443.328956782,0.5345058586980418,1.2927682586941036,1.3989089618947745,1.25,1.7138292883386614,133701.09138542585,4.058684791662192,1.9084568631361027,4.484989390903981,0.25,1.1196351377389617,291376.60826604057,0.3273209286980421,1.292768258694103,1.3335624323783015,1.25,1.7138292883386537,133701.09138542577,0.6305649356202356,2.2204736378941545,2.3082710661048136,1.75,3.420523886782643,394443.3289567851,2.366569001662203,1.9084568631361039,3.0402066439766453,0.25,1.1196351377389686,291376.6082660411,-0.8722480986674093,1.3855085907836189,1.6372082337821663,0.25,0.6610336048555101,153570.74799899527,0.11560311138367671,0.439296578188345,0.4542527522971935,1.0,1.8608544531547089,15438.656352090533,-0.22681631076833392,0.4677998348059732,0.5198868379513499,0.25,1.3487199376776466,17506.96078682812,10.098098622901809,2.4826641831812415,10.398808453101845,2.0,3.3834243454100217,493093.1592574967,-0.25579572976924486,1.3600100134279067,1.383856456426155,3.0,5.52917430339888,147970.28622448375,0.9345243497862379,2.0272781432618547,2.232306527000856,1.75,3.403161270098121,328788.5554953871,0.15296140290187035,2.4826641831812437,2.487371833327036,2.0,3.3834243454100643,493093.15925749764,-0.09536627476924493,1.3600100134279083,1.3633495380816845,3.0,5.529174303398877,147970.2862244841,0.8227080697862408,2.0272781432618574,2.187854025806714,1.75,3.4031612700981144,328788.55549538817,-0.8104111075352141,1.0971034016560652,1.3639655557021086,0.25,0.8077249235063364,96290.8750198881,-0.05510518618272558,0.21998883281303705,0.2267855112362234,2.0,3.9826041508039545,3871.62134574169,-0.05610102461279971,0.2518273074317783,0.2580006157569112,0.5,2.146954390845798,5073.359441943837,10.13781391021816,7.6638759052192595,12.708668882649084,1.0,3.6432589787650667,4698802.658979304,3.1523243599431168,4.156592438634715,5.216743195826883,0.75,4.25870940565627,1382180.8682019254,8.675816518990926,5.836477290986382,10.456302378919403,4.0,4.22649735552721,2725170.3303412646,5.039374395218196,7.66387590521925,9.172256439163753,1.0,3.643258978765044,4698802.658979291,1.3969994799431202,4.156592438634718,4.385073345780736,0.75,4.258709405656296,1382180.8682019264,-0.03649876600902241,5.836477290986377,5.836591413498109,4.0,4.226497355527208,2725170.3303412595,-0.5442851690012515,1.9295223900281067,2.0048199417440205,0.25,1.7427159446729115,297846.10476859537,-0.285977530305637,3.8345898840411925,3.84523896872883,1.75,2.225640574463549,1176336.8313495978,-0.16313263335601935,1.6431938581565932,1.6512717255343592,1.0,1.8290657191589292,216007.13458228883,9.405376689239947,8.856239051713617,12.918749196713879,3.0,3.938462207712673,6274638.436215271,-1.5744491194640005,5.133045841192542,5.369082755700924,1.0,4.450292962087358,2107854.78585757,9.881625381584167,6.318298602668956,11.72891373548535,4.0,4.659026810555748,3193673.545102735,4.609333279239984,8.856239051713622,9.983933264010062,3.0,3.9384622077126656,6274638.436215279,0.5797120305359842,5.133045841192534,5.165677656042054,1.0,4.450292962087356,2107854.7858575634,1.0346892315842053,6.318298602668938,6.402458827547786,4.0,4.659026810555753,3193673.5451027174,-0.8399345182171436,1.9305886793552955,2.1053889530790957,1.0,2.6086053174341433,298174.1470291045,0.2960557439993825,3.938763223557064,3.949874015054235,1.0,2.17277548359681,1241113.2925850237,-0.3619001382713144,1.8192157849874018,1.8548632786348769,3.0,2.5725473578746914,264763.7026530455,4.0,HS_1_3,HS_1,healthy,gait_full,4.0,0.5
8.890193732481693,2.316451058879853,9.187028361186352,2.0,3.489256662005219,429278.15915473393,0.4816805996859603,1.2968532048196466,1.3834176646858367,1.25,1.6499767854603087,134546.7688405946,4.47518366941529,1.9541580900786082,4.883236909675893,0.25,1.414617600465451,305498.7108917256,0.2744956696859603,1.2968532048196455,1.3255851943678796,1.25,1.6499767854603062,134546.7688405944,0.7864515175182474,2.316451058879854,2.4463138591751368,2.0,3.489256662005271,429278.15915473446,2.7830678794153063,1.9541580900786044,3.4006176883696977,0.25,1.4146176004654516,305498.71089172445,-0.772490294166312,1.4258592516140647,1.6216707002331197,0.25,0.7760479234276653,162646.40016001274,0.10351210144902337,0.48984725603387846,0.5006646476338358,2.0,1.8292471918200184,19196.059240002578,-0.21846274722697068,0.46191628116653716,0.510972232839201,0.25,1.3412884683449728,17069.34662277384,10.10128849375242,2.503292185990235,10.406848754664152,2.0,3.3295019336081544,501320.57538429054,-0.22990047266534155,1.283406971986736,1.3038357577072006,3.0,5.137703393983355,131772.06345933856,1.206333393964042,2.121150038472305,2.4401880548645973,2.0,3.7327022475398173,359942.4254503192,0.15615127375247392,2.5032921859902455,2.5081576881716074,2.0,3.3295019336082134,501320.5753842947,-0.0694710176653432,1.2834069719867394,1.2852858351509322,3.0,5.137703393983367,131772.06345933923,1.0945171139640388,2.1211500384723077,2.3868902778450543,2.0,3.732702247539842,359942.42545031995,-0.7477738542285158,1.1218979155875877,1.348265800970841,0.25,0.8388369529289911,100692.4547943161,-0.05014807454577205,0.20356668400951203,0.20965262750387087,0.75,3.8372470942340193,3315.152228528475,-0.057106174834987346,0.22961897621252364,0.23661358676367603,0.5,1.8840206616886035,4217.99259539989,10.216392870039641,8.468239434272043,13.269731059488615,3.0,3.9762909346340365,5736892.89056026,3.1530236280434583,4.68933056287871,5.650785708815075,1.0,6.1255884280269335,1759186.4718812204,8.86441992286771,6.499775835301915,10.992043780758365,4.0,4.1873737871543275,3379766.8996846713,5.117953355039677,8.468239434272057,9.894671579214856,3.0,3.9762909346340436,5736892.890560278,1.3976987480434615,4.689330562878708,4.893197616919902,1.0,6.125588428026932,1759186.4718812197,0.15210463786774628,6.499775835301911,6.501555331613777,4.0,4.187373787154318,3379766.899684666,-0.4956197724968966,1.9739665489743934,2.0352353415169833,0.25,1.8907798770005415,311723.5384196892,-0.24376385554148639,3.867618731811863,3.8752929530463183,1.0,2.308767549219768,1196689.235608841,-0.11953795746609534,1.6428329189864572,1.6471761663467357,1.0,1.873917045598148,215912.31119237904,9.514077931157608,9.079888733586738,13.151504031648075,3.0,3.704655368531698,6595550.543678047,-1.7190738393561031,5.205662670375622,5.482165512176806,1.25,4.740281570519432,2167913.9235476106,9.968350929423517,6.466347370165356,11.881989251122183,4.0,4.5477837962167476,3345091.9237187444,4.718034521157631,9.079888733586735,10.232508448916644,3.0,3.704655368531704,6595550.543678046,0.43508731064387357,5.205662670375632,5.223813243754573,1.25,4.740281570519454,2167913.9235476186,1.1214147794235636,6.466347370165352,6.5628667074041624,4.0,4.547783796216759,3345091.9237187398,-0.8428116007786586,1.8811744050754673,2.0613462922852444,1.0,2.802361274170173,283105.37509961077,0.20872679453279655,4.0421621900432605,4.047547658196413,1.0,2.0329073890972698,1307126.5079321726,-0.3344777315878791,1.866294094203549,1.896029799076802,2.0,2.6095493122534057,278644.37071252865,4.0,HS_1_3,HS_1,healthy,gait_full,4.0,0.5
8.749839901002577,2.5933675041705406,9.126075460178079,2.0,3.196702869503745,538044.401272365,0.6180081199780073,0.8871754149179022,1.0812096250003989,1.0,1.5094352429592317,62966.52932317307,4.550007749064049,1.331739955938417,4.740896732347768,2.0,2.529173996338918,141882.9033286159,0.41082318997800876,0.8871754149179019,0.9776788379925476,1.0,1.5094352429592226,62966.52932317302,0.9268053489973694,2.5933675041705344,2.754001301128567,2.0,3.1967028695037505,538044.4012723623,2.8578919590640646,1.3317399559384107,3.1529474717993446,2.0,2.529173996338906,141882.90332861454,-0.045251253012006366,0.17871920685178075,0.18435897265087536,1.0,1.7967001556909823,2555.24460169697,-0.010314423253921338,0.43354765342006724,0.4336703299893916,2.0,2.3952721854758607,15037.088128972926,0.0012398710057437401,0.2667766897242718,0.26677957092017235,3.0,2.5550197358410367,5693.595451974419,9.907392245097274,3.044548972075806,10.36463697104638,2.0,2.9993151159066747,741542.9440065769,-0.058352782539255355,1.5292827466164878,1.5303956241210774,3.0,6.455301367335122,187097.492887001,1.1517002498774231,2.477401654515445,2.7320198431496765,2.0,4.276302914761772,491001.5496372793,-0.037744974902676774,3.0445489720758085,3.044782935859019,2.0,2.9993151159066813,741542.9440065782,0.1020766724607435,1.529282746616485,1.5326856710230963,3.0,6.455301367335121,187097.4928870003,1.0398839698774183,2.477401654515446,2.6867969087007464,2.0,4.276302914761788,491001.54963727936,0.004590942093956366,0.4452331709759489,0.44525683968537594,3.0,3.989325882968868,15858.733554991364,-0.03916017277776752,0.20693741368002788,0.21061009546686882,1.0,5.621942789150055,3425.8584396257347,0.0062562216141331525,0.1779856777904872,0.17809559738360825,3.0,4.143514770772432,2534.3125427213754,11.73489380200513,10.426829643946451,15.697977862394216,2.0,3.911653820525712,8697502.332774978,2.447800357780375,5.446752246140339,5.971502040725145,1.0,7.250038708878337,2373368.8184175193,9.134982171513878,8.04537347582594,12.172753741015216,4.0,4.550505358710364,5178243.160538363,6.63645428700516,10.426829643946467,12.359664312892562,2.0,3.9116538205257285,8697502.332775004,0.6924754777803805,5.446752246140346,5.490594896562856,1.0,7.250038708878323,2373368.818417525,0.4226668865139189,8.045373475825933,8.056468312013575,4.0,4.550505358710364,5178243.160538357,0.25718943620407575,1.25656170798,1.282612073877595,1.0,4.733029291150678,126315.78638195124,0.034391030130884834,4.639413679201403,4.639541144306683,1.0,1.9508051145181633,1721932.8777057095,-0.0004896928911731946,1.6210141903396207,1.6210142643053895,1.0,2.226309769378323,210214.98717572854,11.409465335900663,11.003330897944558,15.85084193665372,1.0,4.492218654383949,9685863.463659793,-2.7257885790217724,5.990762900145569,6.581729522191419,1.0,6.321476266732023,2871139.284167784,9.96961913553498,7.921644192025819,12.733646469597058,4.0,4.604117408289392,5020195.748087384,6.613421925900687,11.003330897944531,12.83785965103392,1.0,4.492218654383934,9685863.463659748,-0.5716274290217953,5.990762900145586,6.017972918132053,1.0,6.321476266732017,2871139.2841677996,1.1226829855350293,7.921644192025827,8.000803946546021,4.0,4.604117408289388,5020195.748087395,-0.30729704167174193,1.4826942320191006,1.5142039682562303,3.0,3.8324408341934766,175870.58045077458,-0.026222479039144642,4.705012060878136,4.705085133280341,2.0,2.039585781544647,1770971.1290586744,-0.015294538787934719,1.5804987386137967,1.5805727397612988,2.0,2.861113825726263,199838.10102251256,4.0,HS_1_3,HS_1,healthy,gait_full,4.0,0.5
8.640139258833631,2.321784254849022,8.946657953565845,2.0,3.274418039480475,431255.3135285712,0.6043913649523008,0.8993993652887563,1.0836088502364325,1.0,1.5993616802533277,64713.56840445252,4.654652872465436,1.4346872745371815,4.87074131307234,2.0,1.8410555558019417,164666.2999151916,0.35476210995230184,0.8993993652887561,0.9668378214259237,1.0,1.5993616802533275,64713.568404452446,0.9375744611663138,2.3217842548490313,2.5039424906127885,2.0,3.274418039480474,431255.3135285748,2.382847757465449,1.4346872745371766,2.7814188844863033,2.0,1.8410555558019557,164666.29991519052,0.11574201117592743,0.1698538932569646,0.2055396755023147,1.0,1.8144205079200162,2308.0279216930676,0.07882004059830196,0.40955681174113223,0.4170723928090653,2.0,2.123389627560966,13418.96120910949,0.03835347998522733,0.24530746068605863,0.24828761486473594,1.0,2.24938381643905,4814.062872197433,9.852627602226505,2.6615998871509112,10.205801518128665,2.0,3.3337635471558675,566730.2650734998,-0.006157281850230505,1.5316543968429495,1.5316667729921294,3.0,6.370113298223239,187677.56364840575,1.1596654204684818,2.0499228005261663,2.3552085630676918,2.0,3.6937962859700897,336174.9068802443,-0.08700506277344379,2.6615998871509023,2.663021562103827,2.0,3.3337635471558675,566730.2650734956,0.06828408814977062,1.531654396842949,1.533175759025293,3.0,6.370113298223244,187677.56364840563,0.9900068454684765,2.0499228005261605,2.2764659106148417,2.0,3.6937962859701012,336174.90688024234,0.0342231654981102,0.4294552375656177,0.4308166966695374,3.0,3.749355533043573,14754.564008058955,-0.029405984851891876,0.20757850992424884,0.20965101890399002,0.5,3.57797403992912,3447.122504521409,-0.005961385132675217,0.17159652259104394,0.17170004274326411,3.0,3.251139729008625,2355.6307707102883,10.302326871068088,8.870859980322829,13.595223269546723,1.0,2.962898755885022,6295372.54392337,2.248532857431344,4.021477532451299,4.607405078236441,1.0,5.801790971439077,1293784.6310428958,8.88779424468988,6.952681735056955,11.284177854187568,4.0,5.1023804880568004,3867183.204866755,5.220302041068113,8.870859980322837,10.292896103161306,1.0,2.9628987558850364,6295372.543923383,0.39213703743135836,4.021477532451313,4.040551076293449,1.0,5.801790971439078,1293784.631042905,0.19759457468992103,6.95268173505698,6.955488978133876,4.0,5.102380488056811,3867183.2048667828,0.17131076108736848,1.06138525397234,1.0751214044070847,1.0,4.541391651997299,90123.10320636835,-0.0018112027727178025,4.007588303631085,4.007588712911564,1.0,2.0000573812325104,1284861.136794265,-0.04243661996036017,1.5268320018583066,1.52742162764978,1.0,2.338934005990677,186497.31089970135,9.95395564943701,9.470533756681343,13.739441135191772,2.0,4.71417759509188,7175405.295159656,-3.13908835505782,4.643310092868318,5.604837581892307,1.0,5.760690063377322,1724828.2736012628,10.037432006296044,6.71480145437664,12.076365341141136,4.0,4.301591222388172,3607094.232687952,5.241304074437054,9.470533756681332,10.82415253205308,2.0,4.714177595091851,7175405.29515964,-0.9872494100578361,4.643310092868325,4.747103328998896,1.0,5.760690063377296,1724828.273601268,1.1299222762961165,6.714801454376645,6.8092057482623405,4.0,4.301591222388168,3607094.2326879567,-0.28196358904574703,1.1411555277165812,1.1754741188072446,3.0,3.8200764279484036,104178.99694431413,0.02389338869649947,4.28950026624532,4.289566811245872,1.0,2.0827249726647956,1471989.759544456,0.04656379126886076,1.4776224759924035,1.4783559680318037,1.0,2.807987852787546,174672.39168405888,4.0,HS_1_4,HS_1,healthy,gait_full,4.0,0.5
9.013460099208498,2.5030192816122256,9.354548010681556,2.0,3.5572125483159938,501208.4419509596,0.7186311652842234,0.7900110284964182,1.0679645016870782,1.0,1.6889346728843868,49929.395330636,4.050677147647422,1.3257309900759937,4.262106053645419,2.0,2.4231892806310826,140605.85113614218,0.46900191028422467,0.7900110284964185,0.9187383833258632,1.0,1.6889346728843855,49929.39533063603,0.564253620791443,2.503019281612237,2.565830795804527,2.0,3.5572125483159884,501208.44195096416,1.7788720326474339,1.3257309900759902,2.2185464535553625,2.0,2.4231892806311066,140605.85113614146,0.1278185000702822,0.19303455362637473,0.23151653905056216,1.0,1.8641125882825784,2980.9917096008894,-0.029442148182829503,0.38148429727428235,0.3826187517052355,2.0,2.5741966970039307,11642.421540031879,0.06822190024501505,0.28804316207950204,0.2960119776188104,3.0,2.4287463608478164,6637.512400068629,9.943427063264638,2.968244138489263,10.377004145134544,2.0,3.2380213218916625,704838.3820480638,-0.052220930729217886,1.4639661191086513,1.4648972057807577,3.0,5.890373205364171,171455.78407455265,1.0044875364529475,2.19091696430805,2.4102100230855634,2.0,3.911838517225145,384009.38454104436,0.00379439826469528,2.968244138489254,2.9682465637365785,2.0,3.238021321891664,704838.3820480596,0.022220439270781638,1.4639661191086535,1.4641347430545588,3.0,5.890373205364177,171455.7840745532,0.8348289614529459,2.1909169643080433,2.344580248013144,2.0,3.911838517225144,384009.38454104215,0.06897676344038718,0.46474613240294216,0.46983695201442405,3.0,3.6208032218112094,17279.12690655178,-0.03993912447323078,0.18007307403783507,0.18444903268145338,1.0,4.872387665359003,2594.119022361334,-0.019967773368693598,0.19521689585242658,0.19623544124230127,3.0,3.488446811468273,3048.7751540459662,11.583617122044666,9.96887122886262,15.282623439965118,3.0,3.8639235264589127,7950271.491593999,2.09881794853477,5.084860912724599,5.50098602823586,1.0,6.471552602769687,2068464.8665871872,9.044338132429994,7.8999042953750696,12.008686028446773,4.0,4.946716549531126,4992679.031226423,6.50159229204467,9.968871228862628,11.90164257191501,3.0,3.863923526458934,7950271.491594012,0.24242212853478,5.08486091272461,5.090636403256266,1.0,6.471552602769668,2068464.8665871967,0.3541384624300369,7.899904295375089,7.907838005843197,4.0,4.94671654953114,4992679.031226448,0.2942148265627232,1.3515183853121577,1.3831718295302704,3.0,4.371335519612638,146128.15607100292,0.008274879272049078,4.5920403353334525,4.592047791013975,2.0,2.0580369888654144,1686946.789002254,0.014261464090408116,1.62753327359646,1.627595756329443,2.0,2.256412491105233,211909.1726286861,10.98101491247601,10.55846196023828,15.23364065067242,1.0,4.223737534300161,8918490.628515124,-2.9292476571682915,5.856950927018358,6.548615578771374,1.0,6.3293058046028365,2744310.188342864,9.865139373282727,7.796432147504076,12.573994157980515,4.0,4.636366923819555,4862748.38764992,6.268363337476058,10.558461960238287,12.278986028838576,1.0,4.223737534300155,8918490.628515135,-0.7774087121683135,5.85695092701835,5.908319428336312,1.0,6.329305804602805,2744310.1883428586,0.9576296432827849,7.796432147504076,7.855024427990592,4.0,4.636366923819544,4862748.387649919,-0.27607529046343204,1.4844563955846943,1.5099100491078175,3.0,4.611280099490895,176288.87796183184,-0.05161592954842952,4.5899082272906755,4.590198442239047,2.0,2.1007072738359254,1685380.6042444045,0.036454545209752595,1.6742949102913371,1.6746917270034885,2.0,2.73386641036914,224261.09711481558,4.0,HS_1_4,HS_1,healthy,gait_full,4.0,0.5
9.265876196975626,2.2136384906605127,9.526628840519255,2.0,3.6913464651399654,392016.17785922764,0.4097284564019546,0.9452303570408058,1.0302125197535785,0.25,1.590170057711383,71476.93850381527,3.538425014506156,1.4831716877812928,3.8366977778708216,0.25,1.2187704127941512,175984.9383759999,0.1600992014019556,0.9452303570408055,0.9586929551013883,0.25,1.5901700577113766,71476.93850381524,0.31183752302431417,2.2136384906605144,2.235495025290752,2.0,3.6913464651398957,392016.1778592282,1.2666198995061704,1.483171687781287,1.9504164235519073,0.25,1.218770412794175,175984.93837599855,-0.636787573472663,1.3185114493435144,1.4642304653909974,0.25,0.5406705176144705,139077.79638116068,0.1381589026408773,0.3658654834448478,0.39108238819366903,0.25,1.8234984235525369,10708.605096498783,-0.1366067141760427,0.45028692614260524,0.47055255839590443,0.25,1.5000778615564987,16220.84577541026,10.02998894943361,2.4638933274373884,10.32818709429447,2.0,3.4673352088716185,485663.69315825996,-0.39853385715031536,1.516105007779211,1.567610803072086,0.25,4.906963241093925,183887.43855203514,0.7813964905843459,1.9801011541518845,2.1287040790516554,4.0,3.959190038693388,313667.125629518,0.09035628443366661,2.4638933274373835,2.465549550734505,2.0,3.467335208871611,485663.6931582578,-0.3240924871503156,1.5161050077792113,1.550358131155663,0.25,4.906963241093917,183887.4385520352,0.6117379155843478,1.9801011541518785,2.072443933629348,4.0,3.959190038693374,313667.12562951614,-0.7507042322971426,1.2349428042788761,1.4452129857668097,0.25,0.7359227160707669,122006.7743484032,-0.006584331788210256,0.23275797225267236,0.23285108346811068,1.75,3.776365031975055,4334.106050912007,-0.08419688840474093,0.2415547930843356,0.25580819783395636,1.0,2.606401762833686,4667.902171107965,10.926231282530125,8.987190621961457,14.147513043457913,1.0,4.212564647712141,6461567.922732936,3.583478783505265,5.800470553120046,6.818121356315472,1.0,4.995543983224835,2691641.5365298158,8.034260434560691,7.251480146822519,10.822814100321066,4.0,4.308644214083119,4206717.924194631,5.844206452530115,8.987190621961433,10.720277250858123,1.0,4.212564647712166,6461567.9227329055,1.72708296350526,5.800470553120024,6.05212972435676,1.0,4.995543983224842,2691641.5365297957,-0.6559392354392753,7.251480146822525,7.281086498617489,4.0,4.308644214083112,4206717.924194637,-0.37431497632567134,1.9876292571078027,2.0225681113902203,1.25,2.61394494368024,316053.6796990458,0.14227510094698262,4.08955064937137,4.0920247699791945,1.0,2.024022009451249,1337953.9853414707,-0.36010757817642913,2.2432954977604096,2.272014999539443,1.0,2.267499610778639,402590.005128222,9.147082611989399,8.600700798312884,12.555523666205987,1.0,3.643106010609262,5917809.497265717,-1.7167662491436573,5.472004478580261,5.734990790559406,1.0,6.267364015955208,2395427.6309484458,9.24973806803879,6.435135242532504,11.268035317525847,4.0,4.983033585631015,3312877.2543524243,4.434431036989435,8.600700798312896,9.676581671433116,1.0,3.6431060106092574,5917809.497265736,0.4350726958563245,5.4720044785802555,5.489273291090732,1.0,6.2673640159551836,2395427.6309484416,0.3422283380388491,6.435135242532512,6.444228877456231,4.0,4.983033585631022,3312877.2543524313,-0.726745545152006,2.046631812106989,2.1718335253252317,1.0,3.091848928296473,335099.67858163634,-0.2696983895946128,3.6612859783355103,3.671205828676205,2.0,2.490578853236096,1072419.5990849556,-0.4846602569321664,1.634369567266869,1.704716823128594,2.0,2.746337040751863,213698.8421212045,4.0,HS_1_4,HS_1,healthy,gait_full,4.0,0.5
8.933107209312464,2.236840375481545,9.208901089622733,1.75,3.3575064420640603,400278.78087480244,0.47808679117315916,0.9439441041087258,1.05811032107993,0.5,1.7288506869388995,71282.43841318596,4.134310990540629,1.7248903710154961,4.4797069277495165,0.25,1.1075588739589906,238020.55554651024,0.2284575361731597,0.9439441041087261,0.971196847974671,0.5,1.7288506869389002,71282.438413186,0.644606510687475,2.2368403754815502,2.3278686429876414,1.75,3.3575064420640204,400278.78087480424,1.8625058755406343,1.724890371015488,2.5385379509562847,0.25,1.1075588739590032,238020.555546508,-0.6369556512967058,1.3149809728336166,1.461125408934242,0.25,0.5382848907230805,138334.00706899897,0.11651982766429826,0.34616136200589204,0.36524588811469455,0.25,1.7926371784759765,9586.22608407311,-0.16351037285631528,0.42136095856732453,0.45197422430530904,0.25,1.1960025634052205,14203.614200748429,9.980352883253794,2.359783462754723,10.255536147143308,1.75,3.6221554999277377,445488.8833121904,-0.46269474321568455,1.4641050112488068,1.535477095030498,0.25,4.804294290457092,171488.27903308286,0.9427481035712575,1.934758759934661,2.1522233726848867,1.75,3.9720548061205982,299465.3649047515,0.04072021825384281,2.359783462754719,2.3601347688776784,1.75,3.622155499927738,445488.88331218914,-0.3882533732156853,1.464105011248806,1.5147092677399268,0.25,4.8042942904570936,171488.2790330827,0.7730895285712575,1.934758759934656,2.0834967910535442,1.75,3.9720548061206076,299465.3649047499,-0.7633653007871325,1.2244471211233627,1.4429127953113177,0.25,0.7217569998828497,119941.6798699139,-0.014230238556169339,0.23063399234882595,0.2310725819220528,1.75,3.7421750037967203,4255.3662207716425,-0.07018761274127948,0.23993397967010863,0.24998923093336622,0.25,2.4365273113367145,4605.4655225313245,10.895273337798994,8.735500475498345,13.964811121629445,3.0,3.8226597212563096,6104726.300295392,3.8869672212938395,5.55425563942088,6.779252900390382,1.0,4.613706374049864,2467980.7049598293,8.010558652534012,7.258109701179562,10.809681140535293,4.25,4.188721011676839,4214417.6930533415,5.813248507799005,8.735500475498359,10.49298941059503,3.0,3.8226597212563216,6104726.300295413,2.0305714012938467,5.554255639420855,5.913795390761405,1.0,4.6137063740498645,2467980.704959807,-0.6796410174659383,7.258109701179565,7.2898606534678745,4.25,4.188721011676852,4214417.693053346,-0.35793927902009015,1.960466042690279,1.9928742137945146,0.25,2.6499106156638783,307474.3672715067,0.1329043513459801,4.116293004548779,4.11843801287623,1.0,2.008566787396299,1355509.454778615,-0.3743391227827825,2.2543492931628877,2.285217826472959,1.75,2.277459240692554,406567.3533450913,9.12787840954186,8.600348283896455,12.541297973642966,1.75,3.2326814202608913,5917283.414109769,-1.86487877581029,5.0495447856134685,5.382905850038979,1.25,5.299489947896207,2039836.590589175,9.348297581649252,6.46045220293475,11.363455035396308,4.0,5.228622439924256,3339000.682061218,4.4152268345418895,8.600348283896446,9.667482537081685,1.75,3.232681420260887,5917283.414109755,0.2869601691896968,5.049544785613488,5.057692031017482,1.25,5.299489947896244,2039836.5905891901,0.4407878516493169,6.460452202934772,6.475471920761171,4.0,5.228622439924279,3339000.6820612415,-0.8074672388038294,2.051105026515326,2.204321930104112,1.0,2.6543567286653413,336562.55688890826,-0.14764905487462052,3.633010522004132,3.6360095842005284,1.0,2.794459027661255,1055932.3196870873,-0.5522741079312368,1.657720941874875,1.747296600872836,1.0,2.714499072521693,219845.52817552368,4.0,HS_1_4,HS_1,healthy,gait_full,4.0,0.5
8.82913884947322,2.33839841142237,9.133553522798229,2.0,3.034685312519988,437449.15230967244,0.7461295357422884,0.7221782891182307,1.0383885425893034,1.0,1.9594109579698182,41723.31866762106,4.428612616217313,1.2269437253000206,4.595432581332496,2.0,2.0101886042447252,120431.52797430062,0.4965002807422897,0.7221782891182316,0.8763869065948605,1.0,1.9594109579698256,41723.31866762115,0.748574870526727,2.3383984114223697,2.4552945785234748,2.0,3.03468531252001,437449.15230967215,2.156807501217317,1.2269437253000202,2.481372503748758,2.0,2.0101886042447474,120431.52797430058,0.12851152226396492,0.14511738282578304,0.19384082684720066,3.0,1.879418031921498,1684.7244388503048,-0.01600839184940557,0.2696386245658071,0.2701134140825746,2.0,2.838952736121794,5816.428101152206,0.03083993996502979,0.2153427235823159,0.217539859558878,3.0,2.850383299999513,3709.8413713301056,9.943955279514412,2.6535490135716544,10.291917652624784,2.0,3.128059163411498,563306.8344608491,-0.14525875226112092,1.216546572497066,1.22518801339338,3.0,5.537382476086589,118399.81529266622,1.2235410111361549,2.0171820146728723,2.359253247587421,2.0,3.9938880673326715,325521.98670612695,0.00432261451446903,2.653549013571654,2.6535525343251334,2.0,3.128059163411454,563306.8344608488,-0.07081738226112423,1.216546572497064,1.218606033418788,3.0,5.537382476086578,118399.81529266584,1.0538824361361563,2.017182014672867,2.275893554082872,2.0,3.9938880673326684,325521.9867061254,0.027823736729493866,0.4218381575524852,0.42275476519238375,3.0,3.685039532728261,14235.7973632835,-0.04746442629328674,0.1671172956268131,0.17372697620395772,2.0,4.962518149023509,2234.262950450403,-0.008630712985717588,0.1812411277766997,0.18144650893420858,3.0,3.359363143493728,2627.8740824239617,11.402898969865003,9.782276423094057,15.023948779690718,1.0,3.560284864006177,7655434.915543364,2.750598735045772,4.900498448305825,5.619668890876331,1.0,6.054664406777886,1921199.9683122074,9.139427707120527,8.175389931058211,12.262387179441465,4.0,4.782876749634449,5346960.239557644,6.3208741398650385,9.782276423094087,11.646732671004218,1.0,3.5602848640061815,7655434.915543409,0.8942029150457915,4.900498448305831,4.981413844996645,1.0,6.054664406777882,1921199.9683122123,0.4492280371205819,8.175389931058215,8.187722904091421,4.0,4.782876749634477,5346960.239557647,0.34327044397963846,1.203900012714791,1.251882517780583,1.0,4.649625372196159,115950.01946582148,-0.012894190898410578,4.632468009495052,4.632485954555499,2.0,2.071917000733473,1716780.8416153044,0.023340738644909997,1.662565783089315,1.6627296151749622,2.0,2.396305379925345,221130.03883011595,10.804575473776367,10.06986936864991,14.769601222450236,2.0,3.7770275362572354,8112181.775084846,-3.045049619359454,5.572367742591662,6.350087357118581,1.0,5.516217680648863,2484111.603509719,10.006411320793296,7.795543423649785,12.684587687067703,4.0,4.810510952301901,4861653.305136511,6.091923898776408,10.069869368649952,11.769188837390523,2.0,3.7770275362572456,8112181.775084911,-0.8932106743594633,5.572367742591674,5.643501357089047,1.0,5.516217680648904,2484111.6035097307,1.098901590793362,7.7955434236497965,7.872615955084928,4.0,4.810510952301912,4861653.305136526,-0.26898849302759376,1.567753459788349,1.5906620382908476,3.0,4.360710549796558,196629.58791104684,-0.01290111660529183,4.567096248471898,4.567114469948804,2.0,2.022685829476301,1668670.9262789201,-0.11710387090472625,1.5624811916241834,1.5668633605902587,2.0,2.861448066584084,195307.80871882057,4.0,HS_1_4,HS_1,healthy,gait_full,4.0,0.5
8.569022980129766,2.196865806062401,8.84615024764096,2.0,3.0805832129269897,386097.6954162703,0.6131324096328457,0.9102745067977863,1.0975112889934813,1.0,1.60718818045487,66287.98518492506,4.822681693646842,1.2372453614706216,4.978858785175269,2.0,2.157722001743974,122462.17900970222,0.9536026696328429,0.910274506797788,1.318316247816449,1.0,1.6071881804548713,66287.98518492526,0.5306400698701815,2.1968658060624078,2.2600438609898843,2.0,3.080583212927027,386097.6954162725,0.9463993786468629,1.2372453614706176,1.5577059633909498,2.0,2.1577220017439758,122462.17900970145,0.07291786901156644,0.18462006766940248,0.1984983249487076,1.0,1.8044658774123867,2726.786171288476,0.16660023773548463,0.35124156529861084,0.38874963203447316,2.0,2.0050079152814284,9869.651664567853,0.08683070921700221,0.24943817337204563,0.2641192427641543,1.0,2.064728194504036,4977.555566423826,9.852312183488753,2.6608021312403474,10.20528898868298,2.0,3.216818995166818,566389.6873957104,-0.14118480262748107,1.3002951541972847,1.3079375506964777,5.0,6.175887826501875,135261.75190253774,1.0172964136713665,2.060786868188324,2.2982024517796655,2.0,4.001894163386807,339747.6657152871,-0.09129605651119212,2.660802131240336,2.662367921897274,2.0,3.21681899516677,566389.6873957055,-0.21619533762748117,1.300295154197285,1.3181456338511317,5.0,6.175887826501892,135261.7519025378,0.8799355686713625,2.06078686818832,2.240787611780826,2.0,4.001894163386832,339747.6657152857,0.007392131641142778,0.34326680373514307,0.3433463880059629,3.0,3.865659371316196,9426.638533741821,-0.03385981577318136,0.21224685523663564,0.2149307206567622,2.0,3.717658374001977,3603.900205163483,0.003400666468991983,0.18266016870474666,0.1826918218303158,1.0,3.269465659204131,2669.1790320949035,10.189632664166796,9.15201079546248,13.696273779058181,1.0,3.421046239914281,6700744.6720443,2.5013495001842703,4.349442253694311,5.017409415255401,1.0,5.812567587761964,1513414.0414172339,9.263326933154216,7.043371092099604,11.636936977208592,4.0,4.687727894289174,3968726.2050442505,5.148246534166807,9.152010795462443,10.500654454690986,1.0,3.4210462399142942,6700744.672044246,0.6925925001842821,4.349442253694309,4.404240262466722,1.0,5.812567587761976,1513414.041417232,0.5298702731542655,7.043371092099572,7.063273946789582,4.0,4.687727894289171,3968726.2050442146,0.20904876676855352,1.105782216979927,1.1253691386725047,1.0,3.9586955864012845,97820.34539086309,-0.011963817734347022,3.9828660995069343,3.9828840680512365,1.0,1.9964349624383813,1269057.7933630713,-0.02235753310227884,1.60848239851111,1.6086377732747899,2.0,2.2913414788717055,206977.3457894637,10.348726266781656,9.010178669363311,13.721496091848955,2.0,4.19420180408392,6494791.371077252,-3.2763840978486884,4.60974623393311,5.655479917557506,1.0,5.277644115919709,1699984.6711694507,9.94184760284461,6.448898215632065,11.85025830747033,4.0,4.278296316105266,3327075.0406344263,5.691313151781681,9.010178669363311,10.657127429354157,2.0,4.194201804083941,6494791.371077251,-1.0204710628486917,4.609746233933123,4.7213474275223755,1.0,5.277644115919709,1699984.6711694605,1.040643682844653,6.448898215632055,6.532321751890884,4.0,4.278296316105263,3327075.040634415,-0.36455224357719473,1.260582210530461,1.312236963281796,3.0,3.639387712225995,127125.65370073842,0.11949687031185481,4.386054476228661,4.387682004254616,1.0,1.9724073975522143,1539001.4178559922,-0.019280584470021227,1.5132259727180786,1.51334879834296,2.0,2.716716802590591,183189.64968558805,4.0,HS_1_5,HS_1,healthy,gait_full,4.0,0.5
8.956021765996113,2.5742683869842486,9.318647090711323,2.0,3.1598547268985104,530148.6211042106,0.6772400688047702,0.8686595038719938,1.101464227499844,1.0,1.6205719647625392,60365.55471638897,4.111417188572517,1.5385856359082324,4.38987437832937,2.0,1.8522861666211836,189380.41270928094,1.0177103288047669,0.8686595038719954,1.338022289434316,1.0,1.6205719647625434,60365.55471638921,0.14364128400383305,2.574268386984245,2.57827278360858,2.0,3.1598547268985144,530148.6211042092,0.235134873572538,1.5385856359082335,1.5564492178651754,2.0,1.8522861666211807,189380.41270928123,0.06570534041304095,0.19281884546521325,0.2037064037415893,1.0,1.8183725260136565,2974.331179222155,0.08541674986342628,0.39733189243310163,0.40640946581213017,2.0,2.179975358758355,12629.82908477348,0.09849049949056943,0.28561853790123837,0.3021230340155199,3.0,2.5879174154170093,6526.244440846704,9.955917299008473,3.1107193575696486,10.43057353103149,2.0,3.2052688935322613,774126.1739133304,-0.19055254226724216,1.5015625198251852,1.5136050582329161,3.0,6.268345452150442,180375.2135947944,0.8956174772702377,2.213783165436076,2.388088475990803,2.0,4.262661692630955,392066.88312583574,0.012309059008518192,3.1107193575696406,3.1107437108338183,2.0,3.2052688935322307,774126.1739133263,-0.26556307726724176,1.5015625198251845,1.5248651576291603,3.0,6.268345452150433,180375.2135947942,0.7582566322702354,2.2137831654360713,2.3400403893843267,2.0,4.2626616926309655,392066.8831258341,0.048976410632409796,0.4176920822192889,0.4205536402732945,3.0,3.8216206065167895,13957.3359957417,-0.051321916871296516,0.19535138935735627,0.20198045567627004,2.0,5.247157073094134,3052.9851764437485,-0.00034132129453506936,0.21043799643327593,0.21043827323725492,3.0,3.486868855756512,3542.735922963921,11.62178814430995,10.446085143610594,15.626472874541625,3.0,4.089921564152893,8729655.598458553,2.453660335224063,5.150104922911655,5.704737483675364,1.0,6.402681138932751,2121886.45799589,9.226806523831401,8.208348334902679,12.34953201604487,4.0,4.594755812642061,5390158.59501636,6.580402014309961,10.446085143610572,12.345946115931985,3.0,4.089921564152884,8729655.598458515,0.6449033352240727,5.150104922911652,5.1903257150955335,1.0,6.40268113893274,2121886.4579958874,0.493349863831445,8.208348334902661,8.223160978312526,4.0,4.594755812642074,5390158.595016338,0.34069909551511285,1.2947895631767299,1.3388636549687212,1.0,4.456532403250979,134118.40110556863,0.00978961413353374,4.598729921135982,4.598740341016901,2.0,2.0900452023489793,1691865.5137220197,0.020309525817464515,1.7588697427394993,1.7589869950523918,2.0,2.3470079933254135,247489.83211826466,10.947788323197607,9.598919877878226,14.559990796407378,2.0,3.598473270172903,7371143.205170444,-2.834059331181954,5.127378805050389,5.858490053174066,1.0,5.10617023788958,2103213.4172606794,9.942389084618657,7.349003318966088,12.363613973758595,4.0,4.609693503494079,4320633.022894802,6.290375208197645,9.598919877878208,11.476414208359378,2.0,3.598473270172898,7371143.205170419,-0.5781462961819611,5.127378805050395,5.159870788136941,1.0,5.106170237889561,2103213.4172606836,1.0411851646186858,7.34900331896608,7.4223928977922276,4.0,4.609693503494077,4320633.022894791,-0.2771273808469504,1.3766009517768194,1.4042185604983062,3.0,4.065967265209204,151602.8765876056,-0.03048671244817891,4.541888310420926,4.541990627904702,2.0,2.0411889474288114,1650299.975680657,-0.06444249615240526,1.5344095251805228,1.5357621646189459,2.0,2.774583491123984,188353.33007412663,4.0,HS_1_5,HS_1,healthy,gait_full,4.0,0.5
9.468550699567201,2.0496037498736515,9.687844336165332,1.75,3.3515798752098993,336070.2551297731,0.43373590073855306,1.0536143843906782,1.139399009383645,0.5,1.6098544022331758,88808.31006305029,3.058359849824963,1.5224651407758802,3.4163525982982335,0.25,1.034802991418931,185432.0254910266,0.7742061607385523,1.0536143843906827,1.3074778966852505,0.5,1.6098544022331809,88808.31006305105,-0.36888764956725056,2.0496037498736395,2.0825353849333115,1.75,3.351579875209886,336070.25512976927,-0.8179224651750161,1.5224651407758807,1.7282642344027423,0.25,1.0348029914189336,185432.02549102678,-0.7061588547317544,1.402985688182153,1.5706779330467504,0.25,0.540486554032982,157469.50882412796,0.1828325527641458,0.36637796691502245,0.40946374319472956,1.75,2.2230548703778403,10738.687534108109,-0.08944037076740251,0.3483381555994433,0.3596373876134577,0.25,1.3487509723388247,9707.158280342663,10.066944362406653,2.4196088700880742,10.353640706534103,1.75,3.2158399725811897,468361.0570914806,-0.5107617885308484,1.6249805873172949,1.7033612399550755,0.5,4.735517487536826,211245.49648239696,0.6519530387285027,1.9345259184077117,2.0414292281875777,2.0,3.972897262231279,299394.29862096126,0.12333612240669732,2.4196088700880707,2.4227502725826264,1.75,3.215839972581189,468361.0570914792,-0.5857723235308463,1.6249805873172949,1.7273364247224068,0.5,4.735517487536821,211245.49648239696,0.5145921937285047,1.9345259184077068,2.0017981054136045,2.0,3.9728972622312764,299394.2986209598,-0.7716191458677077,1.2844577654387974,1.4984084414690273,0.25,0.6676437479340308,131986.54016497426,0.020577095339954804,0.27632718713684,0.27709227922045715,0.5,2.8986528722727334,6108.537694709853,-0.07289367380136527,0.2308901834535938,0.24212344887576262,3.0,2.6406632580433254,4264.824088653692,10.875614562839674,8.912947433483447,14.061281025265426,3.0,3.8640925781123077,6355250.641977305,3.416867967632758,5.3354431917734955,6.335766785549872,0.75,4.8030330473635106,2277359.7916179756,7.725556618294981,6.89737095398862,10.356541466117308,1.0,4.071382024293503,3805901.27090135,5.834228432839701,8.91294743348344,10.652645369043046,3.0,3.8640925781122935,6355250.641977295,1.6081109676327607,5.335443191773494,5.572519621936105,0.75,4.803033047363497,2277359.791617975,-1.0079000417049726,6.897370953988631,6.970623255562942,1.0,4.071382024293511,3805901.270901363,-0.35524460300276983,2.0127909888688333,2.0438997756333777,0.25,2.877199674093916,324106.6980359209,0.14899758093407503,3.911712456465805,3.9145490955145714,2.0,2.0396264182922526,1224119.5499537156,-0.46028436272079015,2.5016144553327817,2.543607001424397,1.75,2.517744126492342,500645.99065153545,8.763191375208661,8.116005962736672,11.944164929609297,1.0,3.9408549903228614,5269629.477399708,-1.9736554705569143,4.76064957130408,5.153552197971508,1.0,5.782241182548707,1813114.4870411258,9.103192758385024,5.984032399770718,10.893886457909282,4.0,5.024975840445123,2864722.0204962897,4.105778260208687,8.116005962736677,9.095436653024395,1.0,3.9408549903228725,5269629.477399717,0.28225756444307537,4.760649571304062,4.769009716224415,1.0,5.782241182548681,1813114.4870411116,0.2019888383850574,5.98403239977072,5.987440459189375,4.0,5.024975840445121,2864722.020496292,-0.6526293613443392,2.0171003200520614,2.120051599476496,1.0,2.4918070480813563,325496.3613908886,-0.05265411988558116,3.4928879351773165,3.493284784275136,1.75,2.3767800536354216,976042.7700334764,-0.5548010838208394,1.694814106302205,1.783311273314258,0.75,2.1370786233456283,229792.07692682484,4.0,HS_1_5,HS_1,healthy,gait_full,4.0,0.5
9.259792916411383,1.94387381094643,9.461628308473435,2.0,3.4180952258241324,302295.89940624667,0.4907580592983966,1.0662521829567089,1.1737705015999829,1.0,1.7100846287273266,90951.51216251592,3.3861601458389883,1.5818807913247148,3.7374359354014923,0.25,1.213770302631892,200189.01338488417,0.8312283192983978,1.066252182956714,1.3519741996294148,1.0,1.7100846287273297,90951.51216251682,-0.16012986641142768,1.943873810946421,1.9504581428475474,2.0,3.418095225824114,302295.8994062439,-0.4901221691609873,1.5818807913247137,1.6560696176988374,0.25,1.2137703026318922,200189.01338488393,-0.6973516487892862,1.4073426422954043,1.5706408357393953,0.25,0.5431353233924204,158449.07004853047,0.2094714709220058,0.3978230480307258,0.4496014620468732,2.0,2.3512393966478946,12661.122469843956,-0.07976395094565912,0.3420658243814207,0.3512425317073695,0.25,1.1133553520838493,9360.724142678964,9.961125391190173,2.2652859410136554,10.215455910216033,1.75,3.554999635195398,410532.8865754319,-0.5117502700580933,1.523179120459768,1.6068487707028076,0.75,4.230695188798255,185606.40232170554,0.8877593966914625,1.9872118365979423,2.1764943441068154,1.75,3.6130219170715354,315923.0491212324,0.01751715119022193,2.26528594101364,2.265353668887018,1.75,3.5549996351954087,410532.88657542627,-0.5867608050580913,1.5231791204597676,1.6322876202915373,0.75,4.23069518879827,185606.40232170536,0.75039855169146,1.9872118365979368,2.124172514155944,1.75,3.6130219170715523,315923.04912123055,-0.7996701104580363,1.2573988623533543,1.490142337029412,0.25,0.6183836387267615,126484.16083790018,0.01830585205557954,0.26832677552544376,0.26895048370167074,2.0,2.9328168841083304,5759.972779304896,-0.06455772271439299,0.22336698578599498,0.23250916089734902,0.25,2.3209366631177915,3991.4248506149297,10.910625562986784,8.549556175555733,13.861336911520615,3.0,3.32124612392228,5847594.124287957,3.5003986221390586,5.257041143821706,6.315795444891107,1.0,4.467484005148278,2210920.214766817,7.634429251536849,6.649018169636838,10.123929702288647,1.75,4.150687247915431,3536768.6327203065,5.869239432986817,8.549556175555743,10.370288439610094,3.0,3.3212461239222875,5847594.124287972,1.6916416221390653,5.257041143821705,5.522511472653317,1.0,4.467484005148276,2210920.214766816,-1.0990274084630953,6.649018169636835,6.7392361484602885,1.75,4.150687247915393,3536768.632720303,-0.3637904876216486,1.9820063132706363,2.015116012722011,0.25,2.8960472390264695,314269.85660787177,0.16508008280379452,3.8771154198376125,3.880628223945331,1.0,1.9825279258992772,1202564.2083168747,-0.4764751234664797,2.5279006872439873,2.5724133470053023,1.75,2.5293644059785096,511222.7903741887,8.908293175057686,8.399619821032598,12.243827033679587,2.0,4.176392348676628,5644396.740908235,-2.209299127425678,4.729030568222303,5.21964871898721,1.25,5.5812993157759,1789105.640924475,9.124905985326599,5.962534112297136,10.900262486809948,3.75,4.574778471196431,2844145.06007217,4.250880060057718,8.399619821032632,9.41401053870669,2.0,4.176392348676665,5644396.740908283,0.04661390757431704,4.729030568222296,4.729260298562581,1.25,5.581299315775917,1789105.6409244696,0.22370206532664244,5.962534112297126,5.9667290582310075,3.75,4.5747784711964385,2844145.060072161,-0.708057073244818,1.9898299710567529,2.1120530610493042,0.75,2.482139791012466,316754.9988184599,0.0663685994807074,3.4873914244041453,3.488022898147976,1.0,2.4301282320198254,972972.2064161876,-0.5428261328831384,1.7934091040178988,1.8737599699308194,1.0,2.054072053681536,257305.80860891938,4.0,HS_1_5,HS_1,healthy,gait_full,4.0,0.5
9.000926533682968,2.351293302705972,9.302970421328235,2.0,3.3243446720205223,442287.3041869312,0.5605961547432073,0.7592016668257987,0.943745315020923,1.0,1.6536818904280133,46110.97376651578,3.8753596886849335,1.1604168148118192,4.04536523700669,2.0,2.3833704051185545,107725.39369556095,0.9010664147432069,0.7592016668257999,1.1782647642568498,1.0,1.653681890428007,46110.97376651592,0.09873651631697934,2.351293302705967,2.3533654826661214,2.0,3.3243446720204632,442287.3041869293,-0.0009226263150374958,1.160416814811819,1.1604171815934665,2.0,2.3833704051185594,107725.39369556092,0.06742545422225295,0.159590565429471,0.17324935916526615,1.0,2.378900041061866,2037.5510278256857,0.09968020871529201,0.4285728506300277,0.4400123092672206,2.0,2.349090107698606,14694.031908066983,0.10483120082935826,0.2486336273569224,0.2698300600748297,3.0,2.6527478981275983,4945.497279765674,9.850194271305812,2.906484379720199,10.270052513596186,2.0,3.149240742070125,675814.3152089759,-0.1961349285877227,1.3786311707559478,1.392513129270969,3.0,5.897216343012353,152052.23208013654,1.0642404474228564,2.1184093333299736,2.3707099851036917,2.0,4.0360549326789625,359013.10292791785,-0.09341396869412247,2.9064843797202005,2.9079851476760856,2.0,3.1492407420701323,675814.3152089764,-0.27114546358772124,1.3786311707559453,1.4050422653443948,3.0,5.897216343012354,152052.23208013602,0.9268796024228573,2.1184093333299723,2.312307051610381,2.0,4.03605493267897,359013.1029279174,0.02034274525440939,0.42734625462222736,0.427830163293954,3.0,3.7961211306925033,14609.987585770503,-0.04758928043793976,0.17274754024182853,0.17918273430273088,2.0,5.115666969730338,2387.3381509257115,0.01172851231020816,0.1848407107463952,0.18521243573324994,3.0,3.028103136729093,2733.2896126121473,11.560752644990616,9.637479930747416,15.050980736623668,3.0,3.397967714384026,7430481.787056636,2.412543964125254,5.129919515957743,5.668901359085491,1.0,6.440342299035307,2105302.6966621107,8.942870814171965,7.8537090951048825,11.901919380902472,4.0,4.686583612674395,4934460.04428103,6.519366514990644,9.637479930747446,11.635426901164436,3.0,3.3979677143840226,7430481.78705668,0.6037869641252642,5.129919515957747,5.165329896362067,1.0,6.440342299035311,2105302.696662113,0.2094141541720319,7.8537090951048665,7.856500546585642,4.0,4.686583612674375,4934460.0442810105,0.2902315632193773,1.1688905249817925,1.204383418883278,1.0,4.849823456965733,109304.42292939477,0.0315021443555645,4.586683302730696,4.586791482577726,1.0,2.0194905359829143,1683013.959712225,-0.05144007404423256,1.6703652601257528,1.6711571390664164,2.0,2.436861937672435,223209.73547034856,10.950861863881318,9.699745273605934,14.628958744034069,2.0,3.543212925192318,7526810.700080447,-2.997031014336008,4.960424080580466,5.795515676805169,1.0,5.185982686996723,1968470.8546550157,9.858252775850804,7.515840140639006,12.396491471872622,4.0,4.630153945173389,4519029.578585752,6.293448748881356,9.69974527360596,11.562549698385622,2.0,3.5432129251923157,7526810.700080483,-0.7411179793360085,4.960424080580472,5.015482321621492,1.0,5.185982686996763,1968470.8546550202,0.9570488558508441,7.5158401406390185,7.576529253696983,4.0,4.630153945173406,4519029.578585768,-0.28854623432495374,1.3555198692804211,1.38589070469396,3.0,4.409275545574618,146996.09971664456,0.06335914053858344,4.4841016538886675,4.484549255287188,2.0,2.0435752742707574,1608574.233648201,-0.01730219131905615,1.6536696404325784,1.6537601535630415,2.0,2.7378603200950336,218770.2331754621,4.0,HS_1_5,HS_1,healthy,gait_full,4.0,0.5
9.301152471088006,2.339735694290586,9.590922813241903,2.0,3.599079366822404,437950.33625921403,0.5999066996118328,0.9098743664943862,1.0898437553350124,1.0,1.6078234998447563,66229.91588537667,3.1612795397247715,1.3284549255871623,3.4290641314503367,2.0,1.690832664139981,141183.8925363082,0.940376959611832,0.9098743664943875,1.3085030336122099,1.0,1.607823499844745,66229.91588537685,-0.20148942108807194,2.339735694290579,2.348395432193612,2.0,3.599079366822337,437950.3362592111,-0.7150027752751985,1.3284549255871656,1.5086488849192303,2.0,1.6908326641399851,141183.8925363089,0.15325609291522546,0.25474524851677743,0.297292064572055,0.25,1.5979014304498012,5191.673475674987,0.12918173275257153,0.3647525772953428,0.38695266211844553,2.0,2.456486288190488,10643.680452778905,0.11798353438885563,0.28170804278995976,0.3054169866910419,3.0,2.425671315517553,6348.781037185002,9.98082391384592,2.892122226681905,10.391401107322634,2.0,3.460075054668821,669153.9493674105,-0.20385777222302878,1.6611304258327053,1.6735926275300332,3.0,6.0126560880381295,220749.32648938126,0.952892885912025,1.8415615566295447,2.073488321374774,2.0,3.972989167032454,271308.3851601002,0.03721567384597448,2.8921222266819013,2.8923616614191405,2.0,3.4600750546688084,669153.9493674088,-0.2788683072230269,1.6611304258327046,1.684375796667887,3.0,6.012656088038143,220749.32648938114,0.8155320409120301,1.8415615566295473,2.014060941632597,2.0,3.972989167032451,271308.3851601009,0.03506490797022657,0.536227911921614,0.5373731676356522,3.0,3.319079401961149,23003.270915611385,-0.044013802962856945,0.20058941342398698,0.2053614560452676,2.0,4.802712486782094,3218.8955412600353,-0.004301958505721936,0.20527696171352372,0.20532203451485775,3.0,3.234311118869341,3371.0971383356646,10.544651520337359,8.578183904161172,13.593193693130498,1.0,3.2790565741533597,5886823.406600615,2.1556660998797383,4.552045006708661,5.036666564035381,1.0,5.9863306346803915,1657693.3123983187,8.952854614037642,7.056737746660446,11.399611983100016,4.0,4.779643942937019,3983813.938299152,5.503265390337389,8.578183904161175,10.191720612835459,1.0,3.2790565741533584,5886823.406600622,0.34690909987974367,4.5520450067086715,4.565244754301868,1.0,5.986330634680416,1657693.3123983264,0.2193979540376967,7.056737746660453,7.0601475258933775,4.0,4.779643942936999,3983813.9382991586,0.18739834343465653,0.9924479711080543,1.0099857001356736,1.0,4.81739611340288,78798.47028711377,-0.10156314761281675,4.174284774477295,4.175520141417831,2.0,2.150909714834275,1393976.5166776457,0.025051167766810364,1.5290134568649438,1.5292186607155192,2.0,2.349593442564504,187030.69851433084,10.561040762995301,9.429501921052058,14.158075027233497,2.0,3.372676037387356,7113241.090899938,-2.775485756875654,5.09851120296596,5.805009704848824,1.0,6.050875831617415,2079585.8561413484,9.678780757049449,7.4671956215252475,12.224475751260524,4.0,4.587030672511161,4460723.090134876,5.9036276479953305,9.429501921052061,11.125121387441101,2.0,3.37267603738734,7113241.090899941,-0.5195727218756583,5.0985112029659785,5.12491680908938,1.0,6.0508758316174545,2079585.8561413633,0.7775768370494944,7.467195621525258,7.507571923574352,4.0,4.5870306725111725,4460723.090134889,-0.24661432247530063,1.3668472653328807,1.3889168696498453,3.0,4.703287577005129,149461.86761566158,0.1274064815505901,4.354678949857825,4.356542340879514,2.0,2.2189490595343244,1517063.5316833744,0.07275250169091102,1.643369886510119,1.6449794863129958,2.0,2.957550404739121,216053.1739518539,4.0,HS_1_5,HS_1,healthy,gait_full,4.0,0.5
9.638897348971073,2.4310590703420187,9.940743951409964,1.75,2.876986659303115,472804.98496879847,-0.8514528966163053,1.2934827922635272,1.5485702338086407,1.0,1.8879674326682743,133847.98964866766,-0.2781406901673109,1.5437562441110555,1.5686126305619947,0.25,0.8990956279727649,190654.74068212233,-0.9989617266163051,1.2934827922635281,1.6343262419499,1.0,1.8879674326682818,133847.98964866783,-0.022608523971127944,2.431059070342025,2.431164196192512,1.75,2.8769866593031432,472804.9849688008,-1.7933407051673067,1.543756244111058,2.366274334484878,0.25,0.8990956279727658,190654.74068212288,0.15494600215118456,0.28813380500479996,0.3271534092275044,0.75,1.7818917800349527,6641.697391427722,-0.10348122106320323,0.34915533394568465,0.3641672834501393,0.25,1.830590408942464,9752.766762484349,0.0522272942146155,0.1823856925614311,0.18971618568823506,1.0,2.466941458576321,2661.1664848893856,9.833763166928373,2.6581678617779154,10.186694969646735,2.0,2.9368904836950245,565270.4894051785,-0.04050405201648875,1.3251407837108762,1.3257596595475478,2.75,4.83160243421858,140479.8806748556,1.6444373402394934,1.9780741953842162,2.572343617874341,2.0,3.3828064353131273,313022.2356896276,-0.026400780571564964,2.658167861777919,2.658298964112912,2.0,2.936890483695023,565270.48940518,-0.0038427445164905105,1.3251407837108766,1.3251463554412755,2.75,4.831602434218572,140479.88067485567,0.20687215023950345,1.978074195384221,1.9888623906619705,2.0,3.3828064353131317,313022.2356896291,-0.00551890913362166,0.313985031771206,0.31403353090775266,2.75,2.646881723621506,7886.928495785561,-0.0031580797990556964,0.23824088237069496,0.2382618129301977,9.5,5.981292074055845,4540.698781417113,0.00024010361551819902,0.40726080548896854,0.40726087626639224,2.75,2.707424841168283,13268.9123943493,9.63244718287368,7.599727635282898,12.269470194810111,1.0,3.7857705124499237,4620469.262266129,1.1958861409146337,3.133557267387657,3.3540013133613558,1.0,4.194685501065039,785536.054505952,9.231448540008044,6.072855818161732,11.049851579772348,1.0,3.961403437480757,2950374.3084357916,4.524768872873694,7.59972763528289,8.844738180602587,1.0,3.785770512449924,4620469.26226612,-0.150783349085358,3.133557267387663,3.13718293479348,1.0,4.19468550106504,785536.054505955,0.5970036400080981,6.072855818161735,6.1021300489553445,1.0,3.9614034374807376,2950374.3084357944,0.06892425966625075,0.8850294624835288,0.887709244648508,3.75,3.721349596584575,62662.1773054667,0.01973022029361234,3.9392752550579453,3.939324665054237,2.0,1.9758060347925979,1241431.8152172149,-0.06975709329821109,1.0879947118815945,1.0902286664492586,1.0,1.9094094213873873,94698.76168774634,10.0566228378282,7.032033712487854,12.271314560221063,1.0,3.8701014157204328,3955974.5748506584,0.7579637289470443,2.4542685176696826,2.568646135851307,1.0,3.531854952480346,481874.8015129931,9.571182198813164,6.361173826603092,11.492260923558002,1.0,3.670095721838851,3237162.5965051115,5.09632491282824,7.032033712487882,8.684585525555025,1.0,3.8701014157204465,3955974.5748506906,0.9271808889470431,2.4542685176696866,2.623565962131158,1.0,3.5318549524803537,481874.80151299457,0.7053779538132008,6.361173826603066,6.400163319008788,1.0,3.670095721838869,3237162.5965050855,-0.06790019146893729,1.0240785176255047,1.0263270659315038,2.0,2.6369087004310017,83899.23939545869,-0.08584043725544724,4.425976897219396,4.4268092431669155,2.0,2.0501532811880043,1567147.5238413373,-0.018872973458019773,0.5882788339348518,0.5885814944278286,1.0,3.0478526360774842,27685.766893955235,4.0,HS_10_1,HS_10,healthy,gait_full,4.0,0.5
9.731151574142162,2.5138729096772865,10.050615302803049,1.75,2.9685961950297974,505565.18177030445,-1.1409625715918141,1.2655858808055245,1.703966904451991,1.0,2.109404310031149,128136.80030936314,-0.11914062255348262,1.1947231269829506,1.200648923745135,0.25,1.097843094464851,114189.22560229492,-1.2884714015918122,1.2655858808055236,1.806063723796661,1.0,2.109404310031154,128136.80030936294,-0.11486274914221496,2.5138729096772856,2.5164956700041925,1.75,2.9685961950298108,505565.18177030404,-1.6343406375534755,1.1947231269829535,2.0244586115074386,0.25,1.097843094464847,114189.22560229545,0.15893832589562973,0.29655316063785847,0.3364597576572998,1.0,1.9677953952562308,7035.51447540003,-0.054008490424517816,0.3226127012467172,0.32710223484965495,0.25,2.213452151438238,8326.384631615963,0.020410557943150477,0.18005999605602535,0.18121311501998572,2.75,2.8996828149969844,2593.7570949983183,9.954236404688722,2.7042219183036176,10.315020047671451,1.75,2.8823132745778306,585025.3695574588,-0.0002538333488975764,1.2647017355346066,1.2647017610075568,2.75,4.865295157131466,127957.96824654656,1.4633401684955403,2.0658587712236667,2.531627324740811,1.75,3.5471145904605743,341423.31011242094,0.09407245718879256,2.7042219183036207,2.7058576848450935,1.75,2.882313274577817,585025.3695574598,0.03640747415110286,1.2647017355346049,1.2652256652622509,2.75,4.8652951571314595,127957.96824654621,0.02577497849554593,2.0658587712236693,2.066019557544946,1.75,3.5471145904605734,341423.3101124218,-0.02607827072602632,0.335376445679853,0.33638881747304167,2.75,2.626524664568449,8998.220141691732,-0.006222489624134045,0.2457942101352375,0.24587296132988629,9.5,6.774851310500816,4833.183974850032,-0.0028954669823189703,0.44024370914613337,0.4402532307340753,2.75,2.6246073268279515,15505.166995023541,10.600734018006788,7.698967569448806,13.101513781084641,1.0,4.218762345108685,4741928.167047518,0.9134497111399148,3.245422485191786,3.3715215381441688,1.0,4.082361361050675,842621.4210840847,9.183934273917407,6.421159969484278,11.206067289702583,3.75,3.934355451477847,3298503.63305612,5.493055708006803,7.698967569448797,9.45768273134019,1.0,4.218762345108687,4741928.167047507,-0.4332197788600752,3.2454224851917894,3.274209291444886,1.0,4.082361361050666,842621.4210840864,0.549489373917448,6.421159969484276,6.444628300046133,3.75,3.9343554514778445,3298503.633056118,0.09778231727269224,0.9914767602396877,0.9962868802039926,1.0,3.5435074418491674,78642.09641809034,-0.04844608819281581,4.3276920533699155,4.327963208284274,1.0,1.9464510636860162,1498313.5647124255,-0.15365440334170613,1.22250703187856,1.232125447614334,1.0,1.84962773524787,119561.88805822105,10.529577882795111,6.974344237141541,12.629864921209467,1.0,3.837041754155551,3891327.780887004,0.9937537828771446,2.599388349783845,2.7828701683647794,1.0,3.8344827058881483,540550.3543100554,8.891226620961628,6.470113557896829,10.996193899589853,1.0,4.135562103702335,3349052.165463923,5.569279957795143,6.9743442371415885,8.925153039945519,1.0,3.8370417541555812,3891327.780887056,1.1629709428771422,2.599388349783852,2.847686992449937,1.0,3.834482705888183,540550.3543100582,0.025422375961688514,6.470113557896823,6.470163502515206,1.0,4.135562103702344,3349052.165463918,-0.0025423303562415065,1.0219221486520387,1.0219253110424653,1.75,2.724235484641882,83545.99073307948,-0.407473003986204,4.228561242580889,4.248148353251658,1.75,2.0532058723749955,1430462.4226972114,-0.032828845694729186,0.5931004104583354,0.5940082743493513,1.0,3.570684030519904,28142.06030985542,4.0,HS_10_1,HS_10,healthy,gait_full,4.0,0.5
9.671199817759208,1.7830922183750162,9.834201735486985,1.75,3.2107213601344515,254354.6548769015,-1.2174262427486704,1.5612029544130486,1.9797679968625557,0.75,1.607703809168093,194988.48159716165,-0.48732972882435566,1.012049895239037,1.1232698941257913,0.25,1.1380217899332146,81939.65728505676,-1.3649350727486698,1.561202954413048,2.0737411645833346,0.75,1.6077038091680866,194988.48159716147,-0.05491099275925542,1.7830922183750146,1.7839375203059489,1.75,3.2107213601344444,254354.6548769011,-2.0025297438243457,1.0120498952390375,2.2437402624534206,0.25,1.138021789933212,81939.65728505682,0.7474062395824688,1.194143486992803,1.4087564567710549,0.25,0.7566860288017712,114078.29666818815,-0.17207203551888375,0.21834297275890988,0.27799719272109574,1.75,2.686388020322764,3813.8945478199958,0.06306872103458915,0.16894823823454586,0.18033627138070613,2.75,2.4967373038767215,2283.4923345441425,9.890099105058358,1.8179727423337728,10.055798585877936,1.75,3.107508610734847,264403.52310637117,0.045114955184487125,0.9608664149645628,0.9619249589173522,2.75,4.388069928440124,73861.1691415125,1.4477017417038707,1.4952614515045406,2.0812609498301473,1.75,3.015409188589282,178864.67784097095,0.02993515755841974,1.817972742333775,1.818219185226752,1.75,3.107508610734834,264403.5231063718,0.08177626268448762,0.9608664149645595,0.9643399942683533,2.75,4.3880699284401175,73861.16914151201,0.010136551703877714,1.4952614515045424,1.4952958095426856,1.75,3.015409188589281,178864.67784097136,0.1862426325954765,0.3735549640884869,0.4174082287057172,0.25,1.298457177904803,11163.467142443344,0.013779451421000934,0.17648367395472578,0.17702079102190704,1.75,6.249463929751027,2491.722842370949,0.01839396521299264,0.3078439936284737,0.30839303229707465,2.5,2.5407535846984985,7581.447176583869,8.564721988258324,6.091959746585541,10.510301436694107,0.75,4.096777615904321,2968957.8855664325,0.9483486633242874,2.180134137150866,2.377467148710895,1.0,4.084253216900293,380238.807634175,8.340145216864931,4.469314469777398,9.462177025830611,1.0,3.9614367103437265,1597981.7564639922,3.457043678258356,6.091959746585541,7.0045074450245695,0.75,4.096777615904317,2968957.8855664325,-0.39832082667570406,2.180134137150866,2.2162229889914435,1.0,4.084253216900261,380238.807634175,-0.29429968313502664,4.469314469777391,4.478993651843564,1.0,3.961436710343721,1597981.756463987,0.15857048474430227,0.7172540966694461,0.7345733712987056,1.75,3.0438165225950193,41156.275210785236,-0.0325062740405226,3.2273222315618857,3.2274859324535545,1.75,1.9211316835725032,833248.7057958347,-0.043116968426375184,0.8494397429737616,0.8505333326270118,1.75,1.8526632488195334,57723.840554116585,9.03167500897424,6.104526942981262,10.901211064157687,1.0,3.6844147108818506,2981231.214911608,0.7635465655660794,2.390688905042119,2.5096606938945434,1.0,4.754499922099222,457231.47680094565,7.981664860438578,4.75202976585589,9.28917438957523,1.75,3.554826573082143,1806543.0251017613,4.071377083974261,6.104526942981306,7.337667242216388,1.0,3.6844147108818843,2981231.21491165,0.9327637255660781,2.390688905042122,2.566211528386429,1.0,4.754499922099238,457231.4768009469,-0.884139384561362,4.752029765855884,4.833579351465421,1.75,3.5548265730821456,1806543.0251017571,-0.03055201605680318,0.8751911927529541,0.87572429996973,2.0,2.9720634428877903,61277.09317894652,0.03827084420880016,3.087735792019122,3.0879729562987452,1.75,2.1057041827948666,762734.9011985312,0.12947114496218629,0.7477842717999686,0.7589098065839108,1.0,1.8040935612023588,44734.51464951774,4.0,HS_10_1,HS_10,healthy,gait_full,4.0,0.5
9.516731476800155,1.0084555678105573,9.570013617219518,2.25,3.500728695770552,81360.45738232245,-1.1802747395943116,1.625059355237392,2.0084487469111547,0.5,1.422623354465325,211266.47238698756,0.512952103057528,1.5849578672324056,1.6658965456873476,0.25,1.226300889396993,200970.25575959383,-1.3277835695943123,1.625059355237391,2.0985297509754726,0.5,1.4226233544653155,211266.47238698733,0.0995573481997897,1.0084555678105518,1.0133579317440984,2.25,3.500728695770473,81360.45738232158,-1.0022479119424623,1.584957867232406,1.875257933697368,0.25,1.2263008893969882,200970.25575959394,0.872076657135444,1.1395583241119378,1.4349602328891693,0.25,0.813504236125284,103887.46712232372,-0.1619193104935589,0.24304461642834913,0.29204203239518944,3.25,2.7523276000823556,4725.671741161494,0.06245415294737978,0.1928688246867525,0.20272864809006147,1.0,1.6453748704828441,2975.889427167917,9.7905549792555,0.8773968884704281,9.829791050766147,2.0,3.6796170475010244,61586.70057180121,0.063504000218538,0.854738374000021,0.8570941873749675,1.0,3.3509936752676626,58446.22089084392,1.7344565876460414,0.8434726258873105,1.928674603205524,0.75,2.5114395503892584,56917.1410847817,-0.06960896824444956,0.8773968884704335,0.8801537981271542,2.0,3.679617047500999,61586.70057180198,0.10016530771853922,0.8547383740000196,0.8605874603191398,1.0,3.3509936752676643,58446.22089084372,0.2968913976460501,0.8434726258873111,0.8941982848437258,0.75,2.5114395503892717,56917.14108478178,0.7553262574128538,0.7845216652519859,1.0890325974859787,0.5,0.651280506978846,49237.94628286458,0.06762522110770075,0.16196832762796104,0.17551897243450332,1.5,2.0951230823149953,2098.7016504318603,0.16736783688775184,0.27633655054718187,0.3230694692984782,0.25,1.2755759935479347,6108.976309312897,6.895687616959524,4.103125349452856,8.024097790032942,3.25,4.263968272769469,1346871.1734981036,1.5348310821970075,2.68571002913113,3.093338780582168,1.25,3.9696776436854044,577043.5572484445,7.868855486536637,2.739100940514953,8.331960191355192,0.5,3.5525475845236705,600233.3145462656,1.7880093069595657,4.103125349452857,4.47578092796069,3.25,4.263968272769434,1346871.1734981043,0.18816159219701403,2.6857100291311324,2.692293287395276,1.25,3.969677643685387,577043.5572484455,-0.7655894134633197,2.7391009405149473,2.8440817696291676,0.5,3.552547584523687,600233.314546263,0.47652356273142227,1.0148835459993242,1.1211883507147271,1.0,2.000503116465557,82399.11123887515,0.16297707243662846,1.6226949235062103,1.6308587740552027,1.0,1.951406019076161,210651.15868721766,0.5604353173348396,1.9352216194412344,2.014738310865447,1.25,1.4140202042981806,299606.64728219697,7.072379610211424,4.064045123367878,8.156899908402977,1.0,4.075605164546858,1321332.1293097127,-0.07697517602175098,2.5259207976315947,2.527093400258766,4.0,5.99557747928569,510422.0800037484,7.666288224942394,2.793277868563191,8.15931225036126,1.0,3.564129731207559,624206.5761617282,2.1120816852114497,4.064045123367882,4.580103908185479,1.0,4.075605164546839,1321332.129309715,0.09224198397824644,2.5259207976316,2.5276044903259884,4.0,5.995577479285674,510422.0800037505,-1.1995160200575428,2.79327786856318,3.039940777939522,1.0,3.5641297312075766,624206.576161723,0.43182571583851387,1.350662165934993,1.418013305772429,1.5,1.9153327218404064,145943.2422202242,0.32931890354469595,1.5071259107396158,1.5426857914217649,1.25,1.8851001152774083,181714.2953109007,0.6178170129126644,1.5046303775039713,1.6265332564543742,1.0,2.187938317527488,181113.0893518459,4.0,HS_10_1,HS_10,healthy,gait_full,4.0,0.5
9.514067018603102,2.019746754469725,9.726091105200604,2.0,2.999475085828552,326351.91175204876,-0.958130964299086,1.6699139507528822,1.9252603843812388,1.0,1.7698276800070005,223089.0107588971,1.6483743676796991,1.0807109867256623,1.9710591804542559,0.75,1.6196880749290246,93434.90742190306,-1.1056397942990848,1.6699139507528828,2.0027610835186564,1.0,1.7698276800069976,223089.01075889726,0.10222180639683681,2.0197467544697365,2.02233188421042,2.0,2.9994750858285437,326351.9117520525,0.13317435267970956,1.0807109867256606,1.0888855059377045,0.75,1.619688074929028,93434.90742190274,0.266929196113268,0.3602041004397812,0.4483282165013791,0.5,1.9975958293508658,10379.76574474501,-0.12254683769724728,0.3800134065233806,0.3992842553458621,2.0,2.297989936456245,11552.81726074354,0.06437133501179332,0.2590890849095523,0.2669659579243573,1.0,2.2149050550487583,5370.191444390084,9.80920585998968,2.1044388640596012,10.032406617368553,1.75,3.0005219305840534,354295.23092745274,-0.00418641359061489,1.1244259247838277,1.1244337180931199,3.0,4.174781770512317,101146.70413360777,1.8197480588976678,1.5314469836347482,2.3784055292455486,1.75,2.937658876780512,187626.4827855629,-0.05095808751026307,2.1044388640596075,2.105055737800592,1.75,3.0005219305840707,354295.2309274547,0.032474893909387896,1.1244259247838257,1.1248947857734908,3.0,4.174781770512318,101146.70413360739,0.38218286889767306,1.5314469836347449,1.5784149039345816,1.75,2.9376588767805,187626.48278556202,0.5228273462119202,0.9009383019158002,1.041651696972613,0.25,0.580748414870393,64935.199905444686,0.016428533177888206,0.2190849921238919,0.21970009211719224,0.25,3.7489082023905316,3839.8612116720788,0.14874673210722886,0.3968278963018462,0.42379000648425924,2.75,1.937879152850534,12597.815425695686,8.190877032438054,5.619484429093059,9.933230683384966,1.25,3.155502405754898,2526293.334944593,1.6192539779861932,3.416422297186152,3.7807307174585727,1.75,4.360947320198678,933755.4538357096,8.842748360489864,4.845379655258764,10.083248611957444,1.75,3.3776833760783944,1878216.5801266325,3.083198722438101,5.619484429093086,6.40973631367653,1.25,3.155502405754888,2526293.3349446184,0.27258448798620266,3.416422297186151,3.427279331452486,1.75,4.3609473201986635,933755.4538357091,0.2083034604899093,4.845379655258756,4.849855083942977,1.75,3.3776833760783513,1878216.5801266266,0.3833480666503681,1.148326025429361,1.2106231456910812,1.0,2.490752113140585,105492.32082466822,-0.019433450102689244,3.1250209957953725,3.1250814202424864,1.75,2.2093336146883384,781265.4785813278,0.5219497772328568,2.0831462313434956,2.1475404050015072,0.75,1.4919860520475203,347160.1116046268,8.727767008375395,6.138190930878345,10.670112691832413,1.0,3.8998527201926088,3014191.0339135462,0.27623560301636596,2.8716718899875824,2.8849273044773014,1.0,4.332756677258471,659719.9891064984,8.444475248704459,5.102302683626065,9.866238133215719,1.75,3.7278764747911106,2082679.419425757,3.7674690833754134,6.138190930878349,7.202167118174001,1.0,3.8998527201926154,3014191.0339135504,0.44545276301636094,2.8716718899875855,2.9060157617989235,1.0,4.3327566772584785,659719.9891064997,-0.42132899629548953,5.102302683626065,5.119669012588323,1.75,3.7278764747911275,2082679.4194257564,0.404033338272396,1.5590069405370253,1.6105109683197292,1.25,1.9641772147063083,194440.21317624557,0.03681191018675554,3.1524608699201537,3.1526757925783184,1.75,2.01336896279244,795040.7631949313,0.5196566234600216,1.4939929296744843,1.5817894550866176,1.0,2.1980131202859123,178561.22195637596,4.0,HS_10_1,HS_10,healthy,gait_full,4.0,0.5
9.72414919895494,2.5882610571306435,10.062712007376295,1.75,2.8347977443114307,535929.0503894173,-0.8156933583611847,1.646560956110829,1.837530581259304,1.0,1.9130931533923745,216893.20752647077,1.2155564334455096,1.1156353644174266,1.649915061216659,2.0,2.1194291637539298,99573.27223987516,-0.9632021883611848,1.6465609561108319,1.9075957218059576,1.0,1.9130931533923754,216893.20752647155,-0.10786037395500019,2.5882610571306497,2.5905075101471486,1.75,2.8347977443114347,535929.0503894199,-0.29964358155448134,1.1156353644174262,1.155174680429588,2.0,2.119429163753913,99573.2722398751,0.17397960480747598,0.3636608006213155,0.40313531326032664,2.75,2.321181881633591,10579.953895710396,-0.14104600087624763,0.4000140909319732,0.4241523868933374,2.0,2.3451904031116997,12800.91235520277,0.07087907057746046,0.26415901304681527,0.27350288265353284,2.75,2.507138086957383,5582.402432548214,9.961367221535207,2.789828185011109,10.344659405904016,1.75,2.7679231183981376,622653.6299407826,-0.10995246170267535,1.3840505003307921,1.3884110815246307,2.75,5.059432433100602,153247.66577634626,1.6728801071198887,2.161882029507196,2.7335438102038174,2.0,3.5797442429197246,373898.9500968725,0.10120327403527828,2.789828185011109,2.7916631968340733,1.75,2.767923118398148,622653.6299407824,-0.07329115420267361,1.3840505003307897,1.3859896755568815,2.75,5.059432433100599,153247.66577634576,0.23531491711989133,2.161882029507194,2.1746510110188453,2.0,3.5797442429197175,373898.9500968719,-0.02608903006366007,0.2576769734443098,0.25899432451905596,2.75,3.1869043546023246,5311.814877070071,-0.015053829235834995,0.22567264699702366,0.22617418371092873,9.5,7.067037336595778,4074.251759918304,0.023896772410306716,0.4607328540590055,0.4613521632559956,2.75,2.771461775643524,16982.044058031166,10.180942977894235,7.422720037255244,12.599538589591464,1.0,4.022984418476519,4407763.145751263,1.0204695012895542,3.0852811855355626,3.249664289873937,1.0,4.24530504787833,761518.2559371195,9.494023978373754,6.414419364919132,11.457803763853933,3.75,3.874866105306648,3291601.9813034185,5.073264667894268,7.4227200372552575,8.990816822846243,1.0,4.022984418476546,4407763.145751279,-0.3261999887104386,3.0852811855355635,3.1024774659059844,1.0,4.245305047878318,761518.25593712,0.8595790783738138,6.414419364919127,6.471758028621548,3.75,3.874866105306625,3291601.9813034134,0.041519063431595477,0.8627762466977644,0.8637746722925594,3.75,3.826376441446867,59550.673755749805,-0.37852704994240305,4.178393990637958,4.195504626208568,2.0,2.093639556193287,1396720.8489703939,-0.03194690993285004,1.0748935758760716,1.075368218106666,1.0,1.9872540985819418,92431.95321355245,11.088292764140386,7.684789829221409,13.490968502764835,1.0,4.237141578101597,4724479.796861833,0.9560176158318571,2.815888233610896,2.9737512044502177,1.0,3.2878491682262023,634338.3402944026,9.035882617050685,6.976158966059506,11.415514381264263,1.0,3.747631369459472,3893343.5917523038,6.127994839140402,7.6847898292214305,9.828952918181903,1.0,4.2371415781016255,4724479.796861859,1.1252347758318537,2.815888233610894,3.0323884719688605,1.0,3.287849168226209,634338.3402944016,0.17007837205073045,6.976158966059512,6.978231908755394,1.0,3.74763136945949,3893343.591752311,-0.11006057378438701,1.1871635053966516,1.1922543849562532,1.0,2.5174869959091564,112748.58801809393,-0.010184689478279956,4.413019428659594,4.413031181130134,1.0,1.9645056053361178,1557979.5611085468,0.0744720709602131,0.7715383004252798,0.7751241438480886,1.0,2.0557352831944677,47621.71663339976,4.0,HS_10_1,HS_10,healthy,gait_full,4.0,0.5
9.747453683473738,2.463490803291387,10.053936554870784,2.0,2.899571755341119,485503.5718094005,-0.6380496610302345,1.378266049031349,1.5187905292874597,1.0,1.7719603555518812,151969.47584298078,0.2095460524393519,1.106731705223932,1.1263945203350325,0.5,1.2206641511830953,97988.4332215716,-0.7855584910302358,1.3782660490313494,1.5864171723547962,1.0,1.7719603555518766,151969.475842981,-0.13116485847379353,2.4634908032913927,2.4669801697621567,2.0,2.8995717553411247,485503.5718094026,-1.3056539625606405,1.1067317052239318,1.7116037325555746,0.5,1.2206641511831036,97988.43322157157,0.14448819422948633,0.2836528323257763,0.3183327937208681,1.0,1.7752816925303603,6436.716512756037,-0.11589908034418965,0.3345378733969013,0.35404545691415124,0.5,2.2905006621158117,8953.291240075407,0.03433868845528333,0.22709304536042565,0.2296745453373128,1.0,2.6638242697108914,4125.755475055,9.893371834876021,2.665726845272443,10.246214221688138,2.0,2.9071510035085475,568489.1879869313,-0.09358038343619336,1.3005679438307935,1.3039303143513166,2.75,4.9347851642314335,135318.39351185775,1.5474449471641794,2.0587605214304547,2.5754768003429094,2.0,3.498429878629298,339079.92812947975,0.03320788737608754,2.6657268452724487,2.6659336783555183,2.0,2.9071510035085524,568489.1879869339,-0.05691907593619432,1.3005679438307922,1.3018128735443064,2.75,4.934785164231436,135318.39351185746,0.10987975716418524,2.0587605214304565,2.0616906765165006,2.0,3.4984298786292953,339079.9281294802,-0.009659607616596634,0.27659901606233894,0.276767634859932,2.75,3.4144092498828864,6120.595061303054,-0.009265380568055846,0.23122740151147395,0.23141296093092817,9.5,6.967621087029997,4277.295567619978,-0.01630932308725098,0.4351062521033724,0.4354118104036772,2.75,2.7578911274435964,15145.48564548199,10.685632660444655,7.659536908611897,13.147290633752242,1.0,3.637368701240986,4693482.4537005685,0.5254842295161661,2.719892339748306,2.770189165976164,1.0,3.7192719259670337,591825.4862005587,8.747528199421645,6.51220912921686,10.905416880721814,3.75,3.6870653601793255,3392709.4731281153,5.57795435044468,7.659536908611903,9.475340647704055,1.0,3.637368701241033,4693482.453700574,-0.821185260483829,2.7198923397483137,2.8411546194914226,1.0,3.7192719259670204,591825.4862005621,0.11308329942170055,6.512209129216865,6.513190890436391,3.75,3.6870653601793233,3392709.4731281204,0.08769837822790226,0.846174849341271,0.8507072829131809,1.0,3.4871638155236586,57281.27710449247,-0.05718945869635508,4.0699142670725115,4.070316053515544,2.0,2.3194621856559436,1325151.2168350734,-0.14982502609445456,1.0192334332001052,1.0301865509688415,1.0,2.2257608797212063,83107.90947776202,10.775035088939694,7.380871842346365,13.060576186410117,1.0,3.769340322552406,4358181.585537359,0.9666678609594815,2.9780098575890266,3.1309726069241477,1.0,3.962472075884566,709483.4468391051,8.700408102629725,6.682630402037858,10.97062670236052,1.0,3.7523981716199475,3572603.931313712,5.81473716393971,7.380871842346368,9.396192709754471,1.0,3.769340322552424,4358181.585537362,1.1358850209594789,2.9780098575890204,3.187283717013202,1.0,3.9624720758845595,709483.4468391021,-0.1653961423702237,6.68263040203787,6.684676878814096,1.0,3.752398171619956,3572603.9313137243,-0.09890943280252142,1.149807937829661,1.1540543183894831,2.0,2.6679702111613177,105764.66576826744,-0.03720587718788485,4.2379312431396805,4.238094559926283,1.0,1.9674697383176196,1436804.9091910252,0.09194164347382584,0.8927041042815328,0.8974262552465032,1.0,2.02596381144403,63753.67425863042,4.0,HS_10_1,HS_10,healthy,gait_full,4.0,0.5
9.678581375047038,2.9403916187558314,10.115376429231734,2.0,2.825972487765449,691675.1452679962,-0.9137586540361847,1.4321478776436936,1.698823834676614,1.0,2.0713349531468213,164083.80879507292,1.2420673696732274,1.0821027581650922,1.6473244155403846,2.0,1.871072332542202,93675.80051458946,-0.5442979540361867,1.4321478776436938,1.5320926232468177,1.0,2.0713349531468177,164083.808795073,-0.08177961004710016,2.940391618755832,2.9415286461751475,2.0,2.8259724877654375,691675.1452679966,0.3009023996732331,1.0821027581650944,1.1231601102948834,2.0,1.8710723325422016,93675.80051458985,-0.18520540519246978,0.36846141790212034,0.4123892076606126,1.0,1.4218714931320406,10861.106348778161,0.009471716186692887,0.2756170567625177,0.27577975884019146,2.0,3.1136432194449526,6077.18298797753,-0.04332878842879142,0.22837938982460193,0.2324532847764567,1.0,2.0204506791178143,4172.572183858451,9.864749569301692,3.1561812607247504,10.357353147189103,2.0,2.906416419786604,796919.7458046412,0.0543434486046473,1.486062417145717,1.4870557212354947,3.0,4.527201014550693,176670.93006782385,1.7046188080100935,2.1982761349688555,2.7817518304470226,2.0,3.6907906882176955,386595.4319958335,0.13189150430175556,3.156181260724755,3.1589358207246128,2.0,2.9064164197865927,796919.7458046436,0.14475929860464753,1.4860624171457162,1.4930963673472248,3.0,4.527201014550689,176670.93006782368,-0.06713767198990031,2.198276134968848,2.1993011236694713,2.0,3.690790688217694,386595.4319958309,-0.049781319553484076,0.3315059892138536,0.33522291189765313,3.0,3.635071983555889,8791.843728479793,-0.09895091071996559,0.2724530371626754,0.2898653828788059,4.0,6.4037316982972445,5938.453162891551,0.004657384497772259,0.4141978472216696,0.414224031018754,3.0,2.7295456530308946,13724.813607891254,10.246008910433124,8.084953690186833,13.051711564585723,1.0,3.632288677016045,5229318.257140401,1.1319278465913547,3.395198270769263,3.5789149120541457,1.0,3.7918655896100786,922190.2527979318,9.31645912050571,6.644933956526027,11.443406740592886,1.0,3.46892499314008,3532411.787118419,5.48240346543316,8.084953690186856,9.76848114756125,1.0,3.632288677016046,5229318.257140431,-0.6942502784086443,3.395198270769256,3.4654515935019248,1.0,3.7918655896101034,922190.2527979282,0.05765629050576124,6.644933956526012,6.645184085819394,1.0,3.4689249931400865,3532411.787118404,0.009316207419826698,0.9307422504157369,0.9307888742511052,1.0,3.918683680431397,69302.7614539612,-0.17961126723630866,4.096254125796741,4.100190004185788,2.0,2.126261779782535,1342347.850420511,-0.1329724159319439,1.2407577794956837,1.2478627852363566,1.0,1.8811123094836188,123158.39141416509,11.234634542014932,7.647151935705112,13.590288665822868,1.0,3.207832338356714,4678316.517336786,1.5543426038652002,3.2503205983112946,3.60285510699461,1.0,3.2967925533950337,845185.2985789577,9.21808903667108,7.331270022460236,11.777974597961215,1.0,3.6478785651769017,4299804.391883483,5.762469582014956,7.647151935705119,9.575227851670483,1.0,3.2078323383567318,4678316.517336792,1.7918078588652049,3.2503205983113004,3.7114901852083406,1.0,3.29679255339502,845185.2985789605,0.694416246671116,7.331270022460229,7.364084061569693,1.0,3.647878565176901,4299804.391883475,-0.13060105611857953,1.3724042005441657,1.378604339732963,2.0,2.6247384162114034,150679.98405450006,0.018540386983535856,4.5901684607181314,4.590205904283702,2.0,2.0993542205471356,1685575.38880583,0.06201981845909534,0.5929508721200597,0.5961855370852589,1.0,2.1458491600401732,28127.265510369958,4.0,HS_10_2,HS_10,healthy,gait_full,4.0,0.5
9.595119091686296,2.7631557749750164,9.985055844632049,2.0,2.974627807870311,610808.4698831136,-1.275127083176971,1.4469215479791624,1.9286085772540331,1.0,2.073809627738043,167486.63819441886,0.4947940875208856,1.0220782669608073,1.135546200222269,2.0,2.317793824705993,83573.59253406516,-0.9056663831769737,1.446921547979165,1.706989620244741,1.0,2.073809627738049,167486.6381944194,0.0016826733136403238,2.7631557749750124,2.7631562873220257,2.0,2.97462780787027,610808.469883112,-0.44637088247910894,1.0220782669608097,1.1152985916420726,2.0,2.3177938247060164,83573.59253406554,0.08684610864847929,0.7723035192104791,0.7771711345464872,0.25,1.2039906809397816,47716.865271794355,-0.026790058744758084,0.27933015293808283,0.28061190564186744,2.0,3.3630763777120354,6242.098434247079,-0.05790276766657163,0.22440682270690565,0.23175666674522558,1.0,2.375379511785675,4028.6851368975863,9.7952393595368,3.015071025827313,10.24877394625339,2.0,3.0000870399300843,727257.0483400105,-0.20386954805825488,1.3897143506288032,1.4045884696127593,3.0,4.344719068589571,154504.52596060673,1.7530977063539916,2.1436390075520304,2.7692128417155444,2.0,3.7172992019576823,367617.9936894982,0.06238129453685425,3.0150710258273166,3.0157162858418034,2.0,3.0000870399300847,727257.0483400119,-0.11345369805825374,1.3897143506288008,1.3943377345344719,3.0,4.34471906858957,154504.52596060614,-0.01865877364600186,2.143639007552023,2.1437202113458262,2.0,3.717299201957691,367617.99368949566,0.16678621462487495,0.8129504405084053,0.8298831605182172,0.25,2.420997412117746,52873.743737100674,-0.07835083447117361,0.26046363887058366,0.2719929418864303,9.75,7.372175282054921,5427.307009290116,0.04200480951731402,0.45189959943998037,0.45384760878140634,3.0,2.5867785710187,16337.064735565411,11.209726702921092,8.021745241040417,13.784279794981556,1.0,3.9354045030485834,5147873.260074121,0.6608895938998153,3.531139312440377,3.592453186777381,1.0,3.159403529186693,997516.7204759034,9.002427044115523,6.898797981027158,11.341829934699557,1.0,3.6172058268698195,3807481.1632072544,6.446121257921131,8.021745241040453,10.290815127285974,1.0,3.9354045030485962,5147873.260074167,-1.1652885311001804,3.531139312440374,3.7184462083746075,1.0,3.159403529186702,997516.7204759016,-0.2563757858844205,6.898797981027156,6.903560105236442,1.0,3.6172058268698164,3807481.1632072516,0.12978453620149458,1.0941489794496975,1.1018194112774795,1.0,3.612645851607393,95773.84350322039,0.032642887373553475,4.37665770130715,4.376779431557782,2.0,2.2558784214835472,1532420.9678916824,-0.1376983684117936,1.2060820263825076,1.2139170873771428,1.0,2.081581766504065,116371.25537043542,10.925031409203434,7.23059576593436,13.101062034141714,1.0,3.2726898761049044,4182528.5214143307,0.5650084833760609,4.119073929157016,4.157644118987091,0.75,3.367002021874488,1357402.9833395067,8.945008846391907,6.839378452170611,11.26011904351127,1.0,3.769794323200623,3742206.1178105325,5.452866449203468,7.230595765934369,9.056228113469585,1.0,3.2726898761049004,4182528.5214143423,0.8024737383760704,4.11907392915702,4.196514522153392,0.75,3.367002021874491,1357402.9833395085,0.4213360563919491,6.839378452170624,6.8523442473675935,1.0,3.7697943232006215,3742206.1178105455,0.22883252573070811,1.550816691618998,1.5676086041599762,2.0,2.3417374291488624,192405.0213843094,-0.027094575203167746,4.407110204146502,4.4071934910436665,2.0,2.1694222788479247,1553815.24969483,0.17277589135881807,1.0855509691083787,1.0992144536745203,1.0,2.9390002638200956,94277.84867395306,4.0,HS_10_2,HS_10,healthy,gait_full,4.0,0.5
9.555961610426523,2.373097559873527,9.84621725987311,2.0,2.998609709889207,450533.1608032818,-1.0561457893102533,1.6488657105395474,1.9581118608677248,1.0,1.5417276813442369,217500.85602777102,0.5835164375060536,1.2689312746081536,1.396666750702697,0.5,1.0141931637691455,128814.93653639121,-0.6866850893102563,1.6488657105395508,1.7861395643325673,1.0,1.5417276813442418,217500.85602777195,0.04084015457341979,2.3730975598735196,2.3734489560349163,2.0,2.998609709889178,450533.1608032789,-0.3576485324939393,1.2689312746081602,1.3183698466188305,0.5,1.0141931637691413,128814.93653639258,0.6627477012721144,1.2296437135226679,1.3968744316320234,0.25,0.48460877940819,120961.99536513534,0.014367848096217255,0.2939443016307071,0.29429523869760466,2.0,2.482070341256013,6912.261146393949,-0.012604253560536339,0.2750254182487593,0.27531408952453423,1.0,1.7654257041223733,6051.118519610319,9.780252341341427,2.6069504658289917,10.121735354750216,2.0,2.977361905563874,543699.1078041794,0.09479573307874613,1.4495640891307229,1.4526604143802224,1.0,3.5494795490763784,168099.31757039737,1.6910551965891119,1.9955174925097283,2.6156753890388145,2.0,3.7491571207264864,318570.4681395547,0.04739427634147555,2.6069504658289926,2.6073812434540393,2.0,2.9773619055638525,543699.1078041795,0.18521158307874686,1.449564089130718,1.4613484796597642,1.0,3.549479549076378,168099.31757039623,-0.08070128341087857,1.9955174925097237,1.9971486574755666,2.0,3.7491571207264958,318570.46813955315,0.7184646413907697,1.2106928834441755,1.407824100856048,0.25,0.5405099202344543,117262.36685043506,-0.08107803314708274,0.25334733427198924,0.26600473537462166,0.5,5.031385509260503,5134.855389532425,0.17739179430597735,0.458670203094369,0.49177861268432954,0.25,2.14934700728156,16830.38090983983,9.969768019592259,7.391913837756524,12.411150814864063,1.0,4.053219831329487,4371232.269446387,0.4451784216235442,2.979808484614408,3.0128794254100586,1.0,3.2960889951753467,710341.4411756526,8.421056987463864,5.905443463739954,10.285351879714321,1.0,3.7832375228604134,2789946.1510105594,5.206162574592281,7.391913837756533,9.041267551505255,1.0,4.053219831329472,4371232.269446397,-1.3809997033764438,2.979808484614409,3.2842683790618947,1.0,3.296088995175329,710341.441175653,-0.8377458425360851,5.905443463739958,5.9645687689987685,1.0,3.7832375228604165,2789946.151010563,0.6303055458669431,1.6054616984954064,1.724758634269265,1.0,1.8449324888113168,206201.13425849561,0.11771344854204906,3.8241245587834594,3.8259358459151467,2.0,2.2679040973774107,1169922.9937949684,0.39311413698218767,1.6150818960198947,1.6622359205439126,0.25,1.2780975308098699,208679.5280026377,10.253149310034074,6.720759548333944,12.25951384355734,1.0,3.6129548784603345,3613531.671644172,-0.6496578467764574,4.435218223976445,4.482545706646057,1.25,3.4943820828552075,1573693.8761216553,8.719621353212077,5.955056002541252,10.559095062399741,1.0,3.313976034637266,2837024.312701895,4.780984350034106,6.7207595483339535,8.2478130593384,1.0,3.61295487846032,3613531.671644182,-0.412192591776452,4.435218223976439,4.454330861870064,1.25,3.4943820828552137,1573693.8761216507,0.19594856321212936,5.95505600254126,5.958278932110145,1.0,3.3139760346372613,2837024.3127019047,0.5863383901458221,1.9418215705348383,2.0284140897640155,1.25,2.226742985728508,301655.7032394362,0.20661566212937058,3.9466193653254233,3.9520240948909717,2.0,2.3115958864102812,1246081.6730975986,0.3805669735040968,1.5689284737338012,1.6144249059695353,1.0,2.3901499366999888,196923.2521858918,4.0,HS_10_2,HS_10,healthy,gait_full,4.0,0.5
9.556764394463817,2.6140292378831496,9.907819868558336,2.0,2.7263947045407013,546652.2702325742,-0.44574486114303313,1.7956477318182025,1.8501457396700607,1.0,1.8216765905651777,257948.41734831705,1.5785913521098232,1.3801646581412446,2.0968560133061254,0.5,1.6142399639956497,152389.05287161248,-0.07628416114303516,1.7956477318182034,1.7972673841210036,1.0,1.8216765905651802,257948.4173483173,0.04003737053612947,2.614029237883147,2.6143358329693207,2.0,2.7263947045407178,546652.2702325733,0.6374263821098305,1.3801646581412483,1.5202522409757455,0.5,1.614239963995647,152389.05287161333,0.2576856354617638,1.2281814553425026,1.2549229354707645,0.25,1.005573943821686,120675.98608869723,0.048836728445487324,0.365333235099651,0.3685829604222571,2.0,2.53449623180029,10677.48056982515,-0.07298684666636714,0.3362569594102955,0.34408694037722054,1.0,1.6685093622105727,9045.502081896018,9.822269158897349,2.9380954115222377,10.25228638290182,2.0,2.8247555433954488,690592.6910756317,0.2012054209583841,1.3787840769355417,1.393387653251612,3.0,3.5916661051221763,152083.78708490334,1.7369156372084908,2.1166674194824067,2.738093660830047,2.0,3.6328076579162185,358422.4776383647,0.0894110938974093,2.938095411522252,2.939455560290042,2.0,2.824755543395466,690592.6910756384,0.2916212709583846,1.3787840769355388,1.4092865203663765,3.0,3.591666105122171,152083.78708490264,-0.03484084279149819,2.1166674194824058,2.116954144289557,2.0,3.63280765791621,358422.4776383644,0.46657169631958806,1.080963971720896,1.1773581680886887,0.25,1.023305636700667,93479.97382350807,-0.08350486973934977,0.25654560662956016,0.2697938315660957,9.75,5.573445314196105,5265.255353425326,0.15150417059758595,0.44965898161070317,0.4744962733801364,3.0,2.0518547218253143,16175.472470792416,10.455176370732142,7.70691345992527,12.988734658229532,1.0,3.613739887596394,4751721.233510743,0.4817524928931571,2.864688770914746,2.9049143220779867,1.0,3.479973728146773,656515.3405350267,8.467917212953264,6.484970611461584,10.665855134819271,1.0,3.601673803264676,3364387.514213626,5.691570925732158,7.706913459925254,9.580735602312417,1.0,3.613739887596355,4751721.233510722,-1.3444256321068337,2.8646887709147415,3.1644781614779505,1.0,3.479973728146766,656515.3405350245,-0.7908856170466896,6.484970611461586,6.5330195079129965,1.0,3.601673803264683,3364387.5142136267,0.5084558856295499,1.590616983341012,1.6699071157774588,1.0,1.7265152601588705,202404.9946610756,-0.0023438847335314605,4.0082191564279865,4.008219841744203,2.0,2.0848426145169476,1285265.7061335407,0.319512252141035,1.6907098640453857,1.7206359067648807,0.75,1.1703546766167006,228679.98821905258,10.698841677610663,7.251761101472593,12.924908213036172,1.0,3.4789225381659024,4207043.594847519,0.1453318414871962,3.899786963787806,3.9024940367769143,1.0,3.7346856131737174,1216680.4925124233,8.862025502890285,6.699467335124513,11.109381557417054,1.0,3.759417774266345,3590656.8002071516,5.2266767176106725,7.2517611014725745,8.939026154075409,1.0,3.4789225381659272,4207043.594847498,0.38279709648719873,3.8997869637878044,3.918529313404244,1.0,3.734685613173722,1216680.492512422,0.33835271289034374,6.699467335124508,6.708006047457064,1.0,3.75941777426637,3590656.800207147,0.23000460038579248,1.827932594605346,1.8423462450417023,2.0,2.8953739252617305,267314.6324032582,0.1271224616611848,4.060908064554208,4.0628972949140865,2.0,2.0740326535669955,1319280.6319833794,0.2618845832854983,1.379438800587834,1.404077967753152,1.0,3.0865640034193746,152230.21051910846,4.0,HS_10_2,HS_10,healthy,gait_full,4.0,0.5
9.718814648665,2.7244303052645074,10.093457220563678,2.0,2.831657810260378,593801.702640129,-0.3604381539977355,1.7672812131436582,1.8036625375019062,1.0,2.20122425929316,249862.66059385403,0.7010710599199049,1.9717910105987222,2.0927160391546553,0.25,1.0721766562106916,311037.17914440995,0.009022546002263834,1.7672812131436575,1.7673042445110803,1.0,2.201224259293164,249862.66059385377,-0.12201288366505463,2.724430305264508,2.7271610938893804,2.0,2.8316578102604013,593801.7026401291,-0.24009391008009096,1.9717910105987242,1.9863546700263486,0.25,1.0721766562106942,311037.1791444105,-0.19140106523147538,0.5906014195855357,0.6208416904398362,0.25,1.4983457604324837,27904.826981670056,0.00015068769613455936,0.41571279500482394,0.41571282231548323,2.0,2.0703605892000803,13825.370475153999,-0.09409524156904917,0.2800370182105912,0.2954228258855715,1.0,2.102103342031582,6273.670827422698,9.963148717655475,3.0658576274237297,10.42419375116139,2.0,2.9198628091898557,751959.4000408216,-0.10145027244115813,1.2427133184707007,1.2468474444304911,3.0,4.891826363395256,123546.91148285638,1.7141971438465848,2.269676621948279,2.8442756224020096,2.0,3.4926187997466323,412114.88216924237,0.23029065265552554,3.065857627423743,3.074494556237309,2.0,2.9198628091898726,751959.4000408279,-0.011034422441158119,1.242713318470704,1.2427623064701792,3.0,4.891826363395266,123546.91148285702,-0.05755933615340785,2.269676621948276,2.270406361292392,2.0,3.492618799746626,412114.8821692413,-0.04389423107428891,0.30345448536683806,0.3066126680534507,3.0,2.9246539635769997,7366.780003856172,-0.0884247300536209,0.23518344514109796,0.25125721035124854,9.75,8.008937608634078,4424.914471249774,0.016545568524575935,0.41492059087257604,0.41525034926878635,3.0,2.7275063633427514,13772.744811806315,11.653300132558725,8.049209770309268,14.162951030979928,1.0,3.390519461037031,5183182.234456216,0.29727160562049937,3.1908635666016907,3.2046810618490964,1.0,3.1778127159410174,814528.8760599185,8.809597604361263,7.103282392129797,11.3166086215398,1.0,3.450491883964702,4036529.71293263,6.889694687558745,8.049209770309279,10.595172052129099,1.0,3.390519461037038,5183182.234456229,-1.5289065193794924,3.190863566601686,3.53824327112582,1.0,3.1778127159410277,814528.8760599156,-0.44920522563869325,7.103282392129791,7.1174718880429895,1.0,3.450491883964714,4036529.712932624,0.007595880332504619,0.9751664204235803,0.9751960033345937,1.0,3.639601652465039,76075.96418327994,-0.07449728709417981,4.502564942042927,4.50318119811966,2.0,2.07587292302237,1621847.3260316483,-0.20404030318526467,1.2087194404474173,1.2258201870745369,1.0,1.8890469512852752,116880.21816856953,11.052217256361788,7.870780029973514,13.568370740883045,1.0,4.071954674117222,4955977.427130541,0.9415441857148119,3.325199212337456,3.455930447127518,1.0,3.205262794567741,884562.2336628496,8.931978777789142,7.053265164981504,11.381071758600644,1.0,3.5519043500312217,3979884.5385250105,5.5800522963618,7.870780029973511,9.648117013716325,1.0,4.071954674117249,4955977.427130537,1.1790094407148104,3.325199212337459,3.5280324634311837,1.0,3.205262794567754,884562.2336628512,0.40830598778919236,7.053265164981489,7.0650734792502945,1.0,3.55190435003123,3979884.5385249956,-0.047984762859408905,1.2476527292157018,1.2485751359794344,2.0,2.6796613156897986,124531.01440281101,-0.23211048469151968,4.292839091176222,4.299109528708756,2.0,2.130844496099451,1474277.408766258,0.026794380889563155,0.909165376697367,0.9095601250233654,1.0,2.027983636828954,66126.53713871518,4.0,HS_10_2,HS_10,healthy,gait_full,4.0,0.5
9.697952194097448,3.034837543514255,10.161718145792234,2.0,2.560349503144667,736819.2646631142,-0.799385634793434,1.3137804199490846,1.5378674796469607,1.0,2.18871770437642,138081.9734059329,1.5255636558087582,1.0514772176190648,1.852821849800059,2.0,3.087295820254711,88451.38482764174,0.2661679577065583,1.31378041994909,1.3404716981537832,1.0,2.1887177043764234,138081.97340593403,-1.5114182215974927,3.034837543514255,3.3903722444741318,2.0,2.560349503144668,736819.2646631141,3.9866593758087445,1.0514772176190685,4.1229913070361555,2.0,3.0872958202547065,88451.38482764235,-0.5276388356039216,0.3912264723898498,0.6568568287960992,0.75,1.5334490696339405,12244.667360215552,0.026390028467533,0.3040153306566989,0.30515857333002977,2.0,2.5742014318184,7394.027731797425,-0.050429110819581624,0.16977080515111143,0.17710229106284955,1.0,2.5986666832195753,2305.780732908669,9.889943232276037,3.2199531456736943,10.400917046009765,2.0,2.8286188099955085,829448.5476864106,0.061555982520495434,1.543457454053223,1.5446844504482204,3.0,4.788384591353825,190581.56143390166,1.7092923686837196,2.354337728469841,2.909396250313273,2.0,3.831850706240438,443433.9078379464,0.15587724227611088,3.2199531456736974,3.2237239297113427,2.0,2.8286188099955187,829448.5476864119,-0.034844929979504224,1.5434574540532222,1.5438507316504826,3.0,4.788384591353818,190581.5614339014,-0.4082196713162716,2.354337728469839,2.389466350410921,2.0,3.8318507062404525,443433.90783794544,-0.07375179724808899,0.3588420335747347,0.3663426437877172,3.0,3.2672059653746253,10301.408606818435,-0.00417615632197974,0.2695124815203467,0.2695448348176622,10.0,6.868923483860976,5811.08226411519,-0.0050321241199393065,0.4258283124219559,0.4258580443449312,3.0,2.8076604262110596,14506.392750133751,10.683361509141372,8.595697549682967,13.712046874942821,1.0,4.0639280650416865,5910913.3690252835,0.9747521352871107,3.646548381175027,3.7745803503829394,1.0,4.279689414127351,1063791.7008122036,9.108951093033546,7.026751521967683,11.50426994497053,1.0,3.476577457753527,3950019.545914596,4.983184149141413,8.595697549682972,9.935700308980746,1.0,4.063928065041682,5910913.369025291,-0.3071525647128852,3.6465483811750303,3.6594614076746237,1.0,4.2796894141273505,1063791.7008122054,0.84981489803358,7.026751521967674,7.077953257290899,1.0,3.4765774577535318,3950019.545914585,0.012606077261066675,0.999013572211825,0.9990931040935791,4.0,4.066118120913831,79842.35920651401,-0.2787339637906602,4.314428477695443,4.323422916130212,2.0,2.217577206268833,1489149.7734473797,-0.08862292133700737,1.2320631675645999,1.2352464009482567,1.0,2.008100157627279,121438.41481006137,11.657758235355123,7.937854252480501,14.103646947070567,1.0,3.322204166678591,5040774.649793426,1.2877600194263068,3.4711238324841935,3.7023001672031666,1.0,3.2169925982732006,963896.0551104053,9.270238505763805,7.552032265885892,11.957027778621557,1.0,3.6642328579933934,4562655.385660478,5.987230925355135,7.937854252480485,9.94265881377569,1.0,3.3222041666785884,5040774.649793405,1.814157724426305,3.4711238324841966,3.91661447037303,1.0,3.21699259827318,963896.0551104073,0.8582410907638603,7.552032265885896,7.600642677751481,1.0,3.664232857993396,4562655.3856604835,-0.13831363838983404,1.3532840925793777,1.3603339655367808,2.0,2.5609584438498496,146510.2453430298,-0.04722618331218528,4.652178338710366,4.652418038778993,2.0,2.0855672116900204,1731421.6651063408,0.07926177636764745,0.7957193319623341,0.7996572293498874,1.0,2.0358029676319074,50653.54501691745,4.0,HS_10_3,HS_10,healthy,gait_full,4.0,0.5
9.56836217429068,2.785981913797123,9.96570368425639,2.0,2.668498615072471,620936.2553150093,-1.222183403529691,1.3203924234084312,1.799213279091117,1.0,2.092145950393682,139474.97475135216,0.8108698330081766,0.9552420977513562,1.2529953517069088,1.75,2.314113288335868,72999.47232085388,-0.15662981102970003,1.3203924234084348,1.329649972548264,1.0,2.0921459503936792,139474.97475135294,-1.3818282017907302,2.785981913797123,3.1098463632901354,2.0,2.6684986150724836,620936.2553150092,3.271965553008164,0.9552420977513582,3.408554832386951,1.75,2.3141132883358755,72999.47232085417,-0.16241182776538085,1.0115722692038367,1.0245272361534814,0.25,1.8288452627744125,81865.14109057492,0.0022373989696322628,0.301294585986722,0.3013028932802662,2.0,2.6204087859769594,7262.274675241813,-0.043355230398106945,0.19232775775469377,0.1971538546562585,1.0,2.7018179166518372,2959.2004574793327,9.761674043369094,3.0466296725728963,10.226056546430181,2.0,2.8723332749036965,742557.0862552932,-0.16437394585972562,1.527714993702125,1.5365324259708224,3.0,4.844331044040711,186714.39554530854,1.705863055602412,2.230466049355171,2.8080148791976263,2.0,3.6885852815564517,398000.230910317,0.027608053369163627,3.0466296725729016,3.046754759807966,2.0,2.8723332749036894,742557.0862552956,-0.2607748583597267,1.5277149937021246,1.5498118042958695,3.0,4.844331044040714,186714.39554530842,-0.41164898439758163,2.2304660493551687,2.2681344060001414,2.0,3.688585281556476,398000.23091031617,0.2585512054184855,1.0354269790642725,1.0672196375617895,0.25,1.8631189806641846,85771.21772148964,0.01908313418699445,0.2428905735068068,0.24363907057133583,9.75,6.815763902791515,4719.670043423137,0.026392590143996187,0.4495444556699085,0.4503185388567334,3.0,2.6745578913216757,16167.229339580781,11.114798671705167,8.025285456559144,13.709265340338215,1.0,3.972154160830368,5152445.4833930675,0.5103074161355445,3.6445422892226973,3.6800954005155293,1.0,3.915056179137974,1062622.7670248682,8.378765955955433,6.611485320645507,10.673118433231629,1.0,3.6898094914678885,3496989.833336794,5.414621311705203,8.025285456559152,9.681081066101656,1.0,3.972154160830367,5152445.483393077,-0.7715972838644427,3.6445422892226875,3.725325605420221,1.0,3.9150561791379928,1062622.767024863,0.11962976095548183,6.611485320645513,6.612567536503304,1.0,3.6898094914678925,3496989.833336802,0.15511539811485575,1.1394165467155462,1.1499264557620676,1.0,3.393626136290595,103861.75595705895,0.2568237632329744,4.2103803294724305,4.218205893999191,2.0,1.9977100628881987,1418184.306469608,-0.1297312078530377,1.1613320408365932,1.1685556449586363,1.0,2.066480279326186,107895.52328859466,11.175044576647283,7.470930963295065,13.44233725020968,1.0,3.43166456288218,4465187.9682694245,0.09274758202568748,4.6126177760395635,4.613550136479257,0.75,2.421168581390693,1702100.7249751606,8.6510973642627,7.059816642693966,11.166131677282502,1.0,3.566227086382261,3987291.6133291475,5.504517266647306,7.470930963295061,9.279790934990894,1.0,3.431664562882161,4465187.968269419,0.6191452870256821,4.612617776039554,4.6539857793382,0.75,2.4211685813906705,1702100.7249751536,0.23909994926275474,7.059816642693985,7.063864368332423,1.0,3.5662270863822503,3987291.613329169,0.30243723045127946,1.716081643857795,1.7425281882221342,2.0,1.9024624677486663,235595.91165083746,0.017515249686887495,4.36525332718321,4.365288466350841,2.0,2.08350545854942,1524435.5057295882,0.30493733072246043,1.4360331274229314,1.4680524236975407,1.0,1.985890340407271,164976.71636036225,4.0,HS_10_3,HS_10,healthy,gait_full,4.0,0.5
9.613505210251786,2.517793966534853,9.937744657891827,2.0,2.7564427249686463,507146.3039306497,-0.9963834939911623,1.5513134192629776,1.8437335468780267,1.0,1.5959929933841492,192527.00318064893,0.574167276432613,0.9609531097526387,1.119419019165438,0.5,2.4461453211777076,73876.7372316306,0.0691700985088308,1.55131341926298,1.552854734774995,1.0,1.5959929933841488,192527.00318064954,-1.4269712377518409,2.5177939665348625,2.894051376753767,2.0,2.756442724968665,507146.3039306534,3.0352629964326034,0.9609531097526405,3.1837481584849483,0.5,2.446145321177748,73876.73723163089,0.2639959260321947,1.383688682192843,1.408647655799761,0.25,0.5176370332432481,153167.55027605456,0.051187780836786045,0.29407063242242054,0.2984924216128731,2.0,2.87216547805254,6918.265231953631,0.0009174017676910706,0.2090392303408933,0.20904124341267302,1.0,2.226930961413429,3495.803426154602,9.784783000212952,2.6985897178870726,10.150091862970612,2.0,2.8065266442467873,582591.7901225812,0.11521384969038645,1.4803160510666424,1.4847928617170874,3.0,3.9148029580814168,175309.57128985575,1.5981461918808184,2.0207349893386044,2.5763231838727942,2.0,3.536104080797956,326671.47386996826,0.05071701021300507,2.6985897178870712,2.699066260878152,2.0,2.806526644246792,582591.7901225805,0.01881293719038574,1.4803160510666444,1.4804355905108715,3.0,3.9148029580814176,175309.57128985616,-0.5193658481191707,2.0207349893386035,2.0864109809262965,2.0,3.5361040807979567,326671.4738699678,0.7443369833257388,1.3169430637615391,1.5127381061955474,0.25,0.5372753143635223,138747.12266004708,0.0018097827226150032,0.2479959757662291,0.24800257924011024,0.5,4.757624095554488,4920.191429476054,0.1540437103465526,0.4489257689553696,0.4746196484865566,0.25,2.26698015538693,16122.822186308169,10.015333332552077,7.226886092456475,12.350497332312958,1.0,3.9373332523756384,4178268.215605106,0.1923479108304816,3.4145692740729703,3.419982609055792,1.0,3.7756757931178684,932742.7030894217,8.194885239907585,5.707922417775953,9.986817432125438,1.0,3.7109582955920333,2606435.812880363,4.315155972552134,7.226886092456501,8.417152348674314,1.0,3.9373332523755984,4178268.2156051355,-1.0895567891695006,3.4145692740729627,3.5841899118585374,1.0,3.7756757931178675,932742.7030894174,-0.06425095509236664,5.707922417775951,5.708284025219797,1.0,3.7109582955920337,2606435.812880359,0.6532659982588409,1.7483332467150983,1.8663937435735463,1.0,1.8588870513523905,244533.68360244235,0.353780554503308,3.622575790613276,3.639809890568746,2.0,2.149298395899321,1049850.408481504,0.32972046261682186,1.7007639413434235,1.7324299603857776,0.25,1.3455233780002447,231407.94662984545,10.497638343256586,7.320772374191325,12.798207645624982,1.0,3.845483104692347,4287525.323680463,-1.039312652312432,4.595639878632252,4.711695733314255,0.25,3.4429987697192015,1689601.630400165,8.557364916663722,6.234447835966162,10.587579238727344,1.0,3.737556369131056,3109547.789918032,4.827111033256619,7.320772374191341,8.768962828186176,1.0,3.8454831046923275,4287525.323680481,-0.5129149473124335,4.595639878632245,4.6241742654501605,0.25,3.4429987697191775,1689601.6304001606,0.1453675016637651,6.234447835966173,6.236142359658193,1.0,3.737556369131063,3109547.7899180423,0.5242426290471195,1.8872450817802935,1.9587047589706166,1.25,1.9082476102574644,284935.7233955614,0.26707802945421233,4.078832236641139,4.087566891009871,2.0,2.046987477113985,1330951.1889458173,0.3950072056140974,1.65421208766115,1.7007199426864252,1.0,2.294349701637882,218913.44467318218,4.0,HS_10_3,HS_10,healthy,gait_full,4.0,0.5
9.686673273640436,2.706564114324284,10.05769001387535,2.0,2.634605760543985,586039.2221956456,-0.8027541546681494,1.4642843087737232,1.669893041412508,1.0,1.5590834030233887,171530.67617202734,0.5619550318104457,1.0153469398473862,1.1604838930526054,0.25,1.7689112060427767,82474.60865268784,0.26279943783184345,1.4642843087737254,1.4876801005073905,1.0,1.5590834030233915,171530.6761720278,-1.500139301140478,2.706564114324279,3.094496280135785,2.0,2.634605760543981,586039.2221956435,3.023050751810432,1.0153469398473853,3.1890069388885114,0.25,1.768911206042781,82474.60865268766,-0.11423355476988817,1.1576502846199623,1.1632727481188774,0.5,1.5521959667656546,107215.18636362803,0.02409820419848744,0.3050157873664866,0.30596626282711264,2.0,2.7811054673063507,7442.822199713097,-0.004768326016787356,0.2145095036079394,0.2145624945584082,1.0,2.259048673806026,3681.146231645994,9.839031044073087,2.9087906017753777,10.25999973933775,2.0,2.716933489778256,676885.0396340851,0.22748809284708038,1.3989576439977307,1.417333172576894,3.0,3.5979918284771606,156566.63356990088,1.6205523200733136,2.0927499862056638,2.64684573159427,2.0,3.57889065419785,350368.3208040338,0.10496505407313818,2.9087906017753706,2.9106838419095435,2.0,2.7169334897782424,676885.0396340819,0.1310871803470801,1.3989576439977316,1.4050858829804789,3.0,3.5979918284771544,156566.63356990108,-0.49695971992667237,2.092749986205665,2.150946644617995,2.0,3.5788906541978447,350368.32080403424,0.39466253711527727,1.060368053717281,1.131432246113943,0.25,1.1821582581462324,89951.87936670086,-2.0841005253108836e-05,0.2556000990821996,0.25560009993186183,9.75,5.479874778440769,5226.542806802758,0.10851105106119718,0.45226062203472134,0.4650960314232307,3.0,2.358470674316108,16363.307217339847,10.480045202638202,7.4113565539401725,12.83586979596521,1.0,3.4844164445580916,4394256.600545015,0.39227668020136947,3.3355733783759614,3.358560816236656,1.0,4.2417043205107845,890084.1884811557,8.538888139391158,6.181811865409342,10.541698563151515,1.0,3.5325003988958907,3057183.839206965,4.779867842638239,7.411356553940157,8.8190329720848,1.0,3.4844164445580503,4394256.6005449975,-0.8896280197986195,3.335573378375969,3.4521714581030425,1.0,4.241704320510788,890084.1884811593,0.2797519443911906,6.181811865409324,6.1881385803572755,1.0,3.532500398895903,3057183.839206947,0.5136894691283453,1.7329528924634425,1.8074851584980645,1.0,1.922684690306333,240250.18179590628,0.12789517130311912,4.011661404995601,4.0136995905490895,2.0,2.0255163269556533,1287474.17993344,0.31129621526651463,1.725674388436806,1.753527139381082,0.5,1.27462039611327,238236.1679797345,10.711001257964849,7.35885945900326,12.995320714991466,1.0,3.8679941474204593,4332235.114822185,-0.20711603364930298,3.520543266059543,3.5266303945256023,1.0,4.0447598727404115,991544.387495597,9.163061196923985,6.321725910003021,11.132201443550038,1.0,3.6037631110933006,3197140.4252671623,5.040473947964881,7.358859459003258,8.919595851689381,1.0,3.8679941474204407,4332235.114822182,0.319281671350697,3.5205432660595535,3.5349916087393702,1.0,4.044759872740403,991544.3874956032,0.7510637819240312,6.321725910003008,6.3661853009256175,1.0,3.6037631110933077,3197140.4252671488,0.08433106686370148,1.5652933735861019,1.5675634195243682,2.0,2.2305034256858285,196011.549375101,0.1344942185197781,4.28068827482921,4.282800579185952,2.0,2.042588958741118,1465947.0858190889,0.16281158151854389,1.1961249359035167,1.2071547015054704,1.0,3.0933897822874408,114457.55504002162,4.0,HS_10_3,HS_10,healthy,gait_full,4.0,0.5
9.758713601294819,2.5796785031668152,10.09392056298233,2.0,2.873257881034333,532384.3656933095,-1.0519243216398257,1.2695585120518091,1.6487339366861502,1.0,2.0726759196114393,128942.31130189153,0.5970538030975763,0.9381230966667062,1.1120018832235896,2.0,2.211459591434135,70406.87297768319,0.01362927086016617,1.2695585120518116,1.269631668062588,1.0,2.0726759196114357,128942.31130189207,-1.5721796287948644,2.579678503166807,3.0210081040769317,2.0,2.8732578810343026,532384.365693306,3.0581495230975624,0.9381230966667039,3.198805003453848,2.0,2.2114595914341506,70406.87297768283,-0.5359343448753865,0.260259204773199,0.5957855954000463,1.0,2.0382610021674674,5418.788915863603,0.048863909906539806,0.34861608501851993,0.3520239429712052,2.0,2.5680619568605603,9722.690948732312,-0.07181755508745223,0.2202585404863814,0.23167128841513826,1.0,2.678876146909764,3881.1061124926664,9.947259110467762,2.893568105700972,10.359570463736118,2.0,2.796956843359584,669821.299499955,-0.01837099719148816,1.2836161291694923,1.2837475844580508,3.0,4.744978211866136,131814.62288307687,1.641170840208938,2.2406107887497515,2.7773689768221104,2.0,3.621718055265132,401627.2047805106,0.2131931204678152,2.8935681057009712,2.901411327086305,2.0,2.796956843359588,669821.2994999548,-0.11477190969148829,1.283616129169493,1.2887369624241807,3.0,4.744978211866123,131814.622883077,-0.47634119979105327,2.2406107887497484,2.290684972945898,2.0,3.621718055265132,401627.2047805095,-0.061992789683930606,0.281266309753445,0.28801708799152337,3.0,3.0892518362142156,6328.861470771157,-0.0020232780839272817,0.24109453529239197,0.24110302487123497,9.5,7.315708315185914,4650.126092119523,-0.010827391431409837,0.4324328921208559,0.4325684207073105,2.75,2.5679758821486693,14959.866530094934,11.47675366671313,7.876209695469503,13.919430803499871,1.0,3.800630436795486,4962774.358434414,0.4852809312570463,3.170663225817858,3.207585209124679,1.0,3.9604777646857787,804248.4306962918,8.844711099732818,6.8770826167615455,11.203712766556484,1.0,3.4655455237171386,3783541.6007960625,5.7765763067131495,7.876209695469483,9.767472190607313,1.0,3.8006304367954775,4962774.358434389,-0.7966237687429463,3.1706632258178638,3.2692070476615513,1.0,3.9604777646857943,804248.4306962948,0.585574904732857,6.877082616761541,6.901968073442289,1.0,3.4655455237171497,3783541.6007960592,0.07907690903600782,1.0553193058111692,1.0582778438389688,1.0,3.4671174026111546,89095.90697748291,-0.03507733474123451,4.495717612312534,4.495854453723971,2.0,2.0469387797077196,1616918.8860697038,-0.18497829138591912,1.1857440517055813,1.200085798782413,1.0,1.8625722650864467,112479.13546845705,10.850591856637207,7.404094692023785,13.136055794939988,1.0,4.140956585205507,4385703.8408884965,0.5001865023010434,3.205233050811955,3.2440261168957107,1.0,3.2578904122983197,821886.1347923676,9.026808397725754,6.667113543646891,11.222017325469249,1.0,3.995884473729836,3556098.290824387,5.180064546637218,7.40409469202374,9.03624296462761,1.0,4.140956585205528,4385703.840888443,1.0265842073010407,3.205233050811965,3.365619414713625,1.0,3.2578904122983294,821886.134792373,0.6148109827258179,6.667113543646884,6.6954010744958365,1.0,3.995884473729838,3556098.2908243802,-0.06775647624772047,1.1725216712262725,1.1744777603551115,2.0,2.8729564615363277,109984.57012219334,-0.2961092542179168,4.313070350371232,4.323222934071862,2.0,2.1614009276370596,1488209.176193162,0.011843609142612168,0.868662688033789,0.8687434239518657,1.0,2.1979285378841564,60366.099816858565,4.0,HS_10_3,HS_10,healthy,gait_full,4.0,0.5
9.783101613482884,3.041879718924884,10.245101727368935,2.0,2.638976142338086,740242.6011929099,-0.7230536944948031,1.2893549844004786,1.478256716852977,1.0,2.192692173625708,132995.3435225409,0.5776535578224989,1.1369994136991033,1.275323997899003,0.25,2.0332653970491097,103422.63381439493,-0.10993437949481018,1.2893549844004792,1.2940331694331755,1.0,2.1926921736257023,132995.34352254105,-0.08634984848293736,3.0418797189248807,3.043105078819911,2.0,2.638976142338078,740242.6011929086,-0.4752029221774968,1.1369994136990997,1.2323090050787298,0.25,2.033265397049116,103422.63381439428,-0.4467119100832931,0.3238942868480426,0.5517780710240906,3.0,2.5137357940615632,8392.784128470114,-0.0545583784504027,0.2864527686723833,0.2916021353474822,2.0,2.9852404805012465,6564.428639316005,-0.11364772647461628,0.19855024699631518,0.22877501243612025,1.0,2.579662877066161,3153.7811955294956,9.880206777705984,3.1473484745739926,10.369391900715803,2.0,2.72778609999112,792464.7188892994,-0.07737756816677635,1.2941225749054301,1.2964337726761306,3.0,4.395164732557971,133980.9237748695,1.707225067327557,2.252432925169398,2.826317659587958,2.0,3.7063386740246664,405879.41907928226,0.07787332020603795,3.147348474574002,3.148311718112298,2.0,2.7277860999911243,792464.7188893043,0.4805422168332174,1.294122574905429,1.3804615391378499,3.0,4.395164732557966,133980.9237748693,0.13665400982756343,2.2524329251693938,2.2565744837671775,2.0,3.7063386740246687,405879.41907928075,0.10051134949114836,0.33397507388217673,0.34877196181909065,3.0,2.9144346136711134,8923.165452125979,0.012602950139809556,0.2624991162463626,0.262801484741521,9.75,6.815106284230408,5512.601940898372,0.028193656722406167,0.41608732329674786,0.41704141627377167,3.0,2.681839176587313,13850.296485498682,10.701017195002173,8.124707505192573,13.435871428852863,1.0,3.3670566401602136,5280874.953519465,1.1229472036464057,3.4233106298746416,3.6027858791204896,1.0,3.9150392525445126,937533.2713903729,8.988781713041876,6.921627590536903,11.344916270594407,1.0,3.4903143280170887,3832720.318104331,5.132950115002186,8.124707505192552,9.610309512603282,1.0,3.367056640160213,5280874.9535194365,-0.2875862763535822,3.4233106298746523,3.4353691992214905,1.0,3.9150392525445037,937533.2713903787,0.6563610580419322,6.921627590536928,6.952678501167442,1.0,3.4903143280170985,3832720.3181043584,-0.0049394999131570395,0.9014046635959834,0.9014181971826284,4.0,4.223241705753382,65002.69493728287,-0.15400832454988944,4.24226721567412,4.245061800870999,2.0,2.190133566946899,1439751.3169303646,-0.09901146493767583,1.24156452845889,1.2455062217895383,1.0,2.0031049275725628,123318.62431243571,11.539166823924063,7.733576278766954,13.891024909986184,1.0,3.5279626730570612,4784681.100609875,1.1453297143598173,3.3878344060898344,3.576199395682741,1.0,3.412796646267572,918195.049242404,9.101461536767657,7.240147118277135,11.62997559754782,1.0,3.5930907363663067,4193578.463391972,5.9699873789241,7.733576278766951,9.769797918279576,1.0,3.527962673057068,4784681.100609873,1.763906624359812,3.3878344060898304,3.819527266893963,1.0,3.4127966462675565,918195.0492424021,0.6301015217676976,7.240147118277117,7.267513895551243,1.0,3.593090736366299,4193578.463391951,0.08058281726914811,1.3074467616475667,1.3099277174644952,2.0,2.687340898536779,136753.3681176953,-0.03331180413952298,4.598406348907185,4.598527006114559,2.0,2.075303098595299,1691629.9559776918,0.4587092014466167,0.7962008839175665,0.9188851827311761,1.0,1.8902995776137987,50714.86929791668,4.0,HS_10_4,HS_10,healthy,gait_full,4.0,0.5
9.602316989854847,2.7025328831065276,9.975378466901752,2.0,2.7828097839774406,584295.7066782386,-1.1999671843806294,1.335380774356469,1.7953169792856243,1.0,1.6629541755010206,142659.40753191637,0.19116009280428095,0.8372186884489055,0.858764993097091,1.75,2.2375746728323764,56075.05334224146,-0.5868478693806347,1.3353807743564692,1.4586405432173735,1.0,1.6629541755010195,142659.4075319164,0.0944347751450939,2.7025328831065254,2.7041822998882252,2.0,2.782809783977438,584295.7066782376,-0.8616963871957131,0.8372186884489026,1.201439052134666,1.75,2.2375746728323835,56075.05334224109,-0.0176551669064097,0.8536692022673861,0.8538517504920444,0.25,1.6555589021583448,58301.89401698136,-0.05945000506523799,0.2844391144024774,0.2905854657485856,2.0,2.8560542956131667,6472.449026420608,-0.09817661422448279,0.19973601679096542,0.22256038278207496,1.0,2.338921141823956,3191.5650182779773,9.773997793028776,2.8754401902853868,10.188188707814549,2.0,2.8152717701831396,661453.1723165805,-0.18434689704326102,1.3407028718913774,1.3533173940902652,3.0,4.9635386519035265,143799.12830740717,1.6217983856047948,2.174863974798436,2.7129805219400986,2.0,3.764138065513871,378404.42523537856,-0.0283356644711704,2.875440190285399,2.8755798020207255,2.0,2.815271770183173,661453.1723165862,0.37357288795673343,1.3407028718913767,1.3917761649468348,3.0,4.96353865190352,143799.12830740702,0.05122732810480035,2.174863974798435,2.1754672022397408,2.0,3.7641380655138694,378404.42523537815,0.45051322703670493,0.9805208799695697,1.0790659682296189,0.25,1.6853722544042475,76915.56864177824,0.02370236207349211,0.2370302944534059,0.23821243136438375,9.75,6.953093654724491,4494.669661912739,0.0760133854701717,0.4395368283678544,0.4460612718700309,3.0,2.663873507067206,15455.411190661736,11.061768332807793,7.831008215974919,13.553132786458484,1.0,4.176086030649957,4906014.816169288,0.5911204507351567,3.4560538232189684,3.50624177949322,1.0,3.3455580760285692,955546.3593986244,8.563884012433341,6.751083980129173,10.90491835298037,1.0,3.9670462859626165,3646220.476062089,5.493701252807819,7.831008215974879,9.565847747783165,1.0,4.176086030649934,4906014.816169238,-0.8194130292648371,3.4560538232189786,3.5518651074492538,1.0,3.3455580760285706,955546.3593986303,0.2314633574333831,6.751083980129174,6.75505071724788,1.0,3.9670462859626285,3646220.47606209,0.18159925500874657,1.2001946699219073,1.2138556483901566,1.0,3.272381703254157,115237.5350973409,0.23498397689518563,4.173465467705158,4.180075535145856,2.0,2.0513514987375796,1393428.7419198,-0.12583462669669915,1.175799263982803,1.182513535845742,1.0,1.9872288186220652,110600.42910322736,11.06577005052417,7.417867125033628,13.322012591787038,1.0,3.630685246210994,4402004.922313736,-0.23184818048583083,4.468513750849547,4.47452441275339,0.75,2.3858020582331854,1597420.3209673385,8.634805105080076,6.754136705271861,10.962582808636732,1.0,3.6125156439967108,3649506.165279383,5.496590605524202,7.417867125033646,9.232402773351682,1.0,3.63068524621102,4402004.922313755,0.38672872951416304,4.468513750849541,4.485217302624598,0.75,2.3858020582331836,1597420.320967335,0.16344509008013763,6.754136705271861,6.756114040702092,1.0,3.612515643996696,3649506.165279383,0.5004746944432982,1.6280254320764538,1.7032151147949095,0.25,1.9262071627349702,212037.503057968,0.020890879666618796,4.380031258719879,4.38008107872634,2.0,2.0484302850971936,1534773.9862706843,0.6373729833554542,1.5024445808917637,1.6320490306858002,1.0,2.4621815206521087,180591.7071756115,4.0,HS_10_4,HS_10,healthy,gait_full,4.0,0.5
9.572798998109564,2.4045231827824,9.87016779972587,2.0,2.720632875218556,462538.7327303296,-1.1674065809156882,1.4624422940669197,1.871249739783809,1.0,1.480288403649373,171099.00136510286,0.4126481822736024,0.9508782701641783,1.0365558388259304,0.5,1.7284406149860596,72333.70694348318,-0.5542872659156909,1.4624422940669197,1.5639603053249167,1.0,1.480288403649369,171099.0013651028,0.12395276689037668,2.4045231827824023,2.4077159352709763,2.0,2.7206328752185587,462538.73273033043,-0.6402082977263922,0.950878270164178,1.1463141581382237,0.5,1.72844061498606,72333.70694348314,0.3690274148737466,1.188879767879714,1.2448358668523827,0.25,0.46655952937669054,113074.84343626183,-0.08371250069816613,0.2537269694022873,0.2671800100591541,2.0,3.081302701632044,5150.2067385250575,-0.03426312789124424,0.22067086590261684,0.22331500843226468,1.0,2.0370156364776846,3895.660461721596,9.770327652555979,2.547667152531447,10.097024827066026,2.0,2.8791812333946982,519248.6643953772,0.07361944218561729,1.4218189882775383,1.423723659174871,3.0,3.9396424560044387,161725.84797112318,1.6405505806022824,1.993547491304898,2.581789652082938,2.0,3.5575151183995994,317941.5432868371,-0.032005804943966466,2.5476671525314454,2.5478681856873595,2.0,2.8791812333947373,519248.6643953766,0.6315392271856143,1.4218189882775387,1.5557670233363243,3.0,3.9396424560044236,161725.8479711233,0.06997952310229338,1.9935474913049036,1.9947753592175985,2.0,3.5575151183995817,317941.54328683903,0.8890155800702019,1.2109450353528444,1.5022438484657739,0.25,0.5196053072639193,117311.08031695863,0.006185675981379884,0.24700106606657973,0.24707850822233307,0.5,4.910890203583079,4880.786386232451,0.1860944154684306,0.4483385935625353,0.48542623120940737,3.0,2.3879754483994775,16080.689845973433,10.182890530917032,6.9998278822876925,12.356732980294263,1.0,4.015938847381478,3919820.40586119,0.23643182757341014,3.3096012154314245,3.318035595691352,1.0,3.4056961377672264,876277.3298012511,8.301913878572444,5.905703819839083,10.188184904824594,1.0,3.802195820318624,2790190.577103966,4.6148234509170605,6.99982788228764,8.384162800470033,1.0,4.015938847381459,3919820.405861132,-1.1741016524265817,3.3096012154314147,3.511691173126693,1.0,3.4056961377672095,876277.3298012458,-0.030506776427512296,5.905703819839077,5.9057826129201425,1.0,3.8021958203186195,2790190.5771039613,0.6775001994590781,1.7074017838418216,1.8369070122718039,1.0,2.0762594844873394,233217.96486995998,0.2755901481524143,3.768422355663924,3.778486069899729,2.0,2.227700294645999,1136088.0548488074,0.325591213660515,1.5204773329280574,1.554947252597639,0.25,1.389924094970727,184948.37162281774,10.379881152297823,7.181336734913557,12.62194636480628,1.0,3.4748175180471788,4125733.9606670165,-1.0406997604444033,4.73647368144713,4.849457590950803,1.25,3.1771758641253163,1794736.9280239013,8.7575205531723,5.794371427213658,10.500900269774268,1.0,3.517748165592476,2686009.4186852793,4.810701707297847,7.181336734913556,8.643751975665273,1.0,3.4748175180471983,4125733.9606670155,-0.42212285044440273,4.736473681447124,4.755246643015331,1.25,3.1771758641253474,1794736.9280238973,0.2861605381723563,5.794371427213656,5.801433278950738,1.0,3.5177481655924563,2686009.418685278,0.7401935517951077,1.8702003238046467,2.0113517209275114,1.25,2.0791983911079583,279812.05674257624,0.21407620543475392,4.031827111339361,4.037506467792272,2.0,2.20811688428309,1300460.674807727,0.7587722361528959,1.8312846537190957,1.9822559848070922,1.0,2.300546715433262,268288.4038111545,4.0,HS_10_4,HS_10,healthy,gait_full,4.0,0.5
9.459254737785727,2.6701757909319452,9.828903242417272,2.0,2.7358120449251326,570387.270686717,-0.8129294054766841,1.2921435275867195,1.5265939585144854,1.0,1.8626383632652352,133571.07975571192,-0.5860094662276569,2.436710035153056,2.506184927319617,0.25,0.7617286374947017,475005.1453329657,-0.19981009047668707,1.2921435275867197,1.3075010394414812,1.0,1.862638363265229,133571.07975571198,0.23749702721421737,2.670175790931935,2.680716992227,2.0,2.7358120449251437,570387.2706867128,-1.6388659462276514,2.4367100351530553,2.9365689818426297,0.25,0.7617286374946958,475005.14533296524,-0.0014627450591688529,1.0237567582441784,1.0237578032297179,0.25,1.3229175346887976,83847.87470871277,-0.20789821308336542,0.3818404673485535,0.43476868505932914,0.5,1.9956571832289693,11664.205765684701,-0.04018375532334313,0.20216861527677377,0.20612346590045122,0.25,2.3913074879505047,3269.771920512115,9.832777752488749,2.8365091411815984,10.233733553197702,2.0,2.8597228288370293,643662.8812697089,0.1311868915679717,1.4967383856184648,1.5024765540610059,3.0,3.8654503971584306,179218.10351618862,1.7333081739906044,2.1406591089012332,2.7544107621312524,2.0,3.783876740127826,366593.77892238577,0.03044429498881078,2.8365091411816037,2.8366725160131128,2.0,2.8597228288370364,643662.8812697113,0.6891066765679692,1.4967383856184673,1.6477541705831995,3.0,3.8654503971584195,179218.10351618927,0.16273711649061467,2.1406591089012346,2.1468359950414255,2.0,3.783876740127827,366593.7789223862,0.5359911552428429,0.9741073176107707,1.1118325344769366,0.25,1.1702386368877968,75911.99497775505,0.014165436013972315,0.2652719766612595,0.26564992222705003,9.75,5.692261544189666,5629.549839253604,0.14457246292689252,0.4546707190870423,0.4771023578142072,3.0,2.2568788077661845,16538.09638844098,10.760542664733753,7.321525293147383,13.015145448966456,1.0,3.418230011408835,4288378.847024151,0.477242227345552,3.515126131566008,3.5473753486739956,1.75,4.147177470869624,988488.9436407887,8.527018495950848,6.49142594576563,10.716746485741233,1.0,3.773720801380254,3371089.1250489,5.19247558473378,7.321525293147366,8.975886324829043,1.0,3.4182300114088124,4288378.847024131,-0.9332912526544358,3.515126131565995,3.6369141154417437,1.75,4.147177470869601,988488.9436407812,0.19459784095088054,6.491425945765625,6.49434208592848,1.0,3.7737208013802737,3371089.1250488954,0.49821766437673465,1.6368623848520114,1.711005350091116,1.0,2.096246678571294,214345.53718505008,0.14083222508393153,4.097597388093554,4.100016837835328,2.0,2.0173795578895932,1343224.3510915763,0.3065934451075475,1.6078694205041597,1.6368395199210266,0.75,1.362680909286158,206819.52588551855,10.718495633659991,7.475736902451117,13.068006385193488,1.0,3.79630731753201,4470933.99908991,-0.14839999976139326,3.949910093484257,3.9526968396953985,1.0,4.016911951941109,1248152.094246898,9.252358221518925,6.4077768811320235,11.254587385492144,1.0,3.943052151991917,3284816.600709733,5.149316188660014,7.475736902451111,9.077560214367372,1.0,3.796307317532003,4470933.999089902,0.47017691023861,3.9499100934842493,3.9777953785395095,1.0,4.01691195194115,1248152.0942468934,0.7809982065189623,6.4077768811320315,6.455196569970273,1.0,3.943052151991911,3284816.6007097415,0.30835237325514714,1.5989816329648345,1.6284420310993484,2.0,2.547221604177582,204541.3471807452,0.07436403314715097,4.245181985660538,4.245833263424585,2.0,2.149853452189945,1441732.4324766232,0.5478679016450989,1.4168464940077792,1.5190830211792705,1.0,3.0946209150033224,160598.1337517501,4.0,HS_10_4,HS_10,healthy,gait_full,4.0,0.5
9.351654226385223,2.62600981364588,9.713360093769461,2.0,2.88454393850069,551675.757147932,-1.0143602618596708,1.1049750745312519,1.4999655516628922,1.0,2.410899987258567,97677.60258461047,-2.2603785001546504,2.2214619320977755,3.1692592320163664,0.25,0.941012987835693,394791.8603177641,-0.40124094685967604,1.1049750745312559,1.1755697396463571,1.0,2.4108999872585684,97677.60258461117,0.34509753861471215,2.626009813645878,2.6485882753879264,2.0,2.8845439385006837,551675.7571479313,-3.3132349801546406,2.2214619320977724,3.9890373712814333,0.25,0.9410129878356751,394791.8603177632,-0.4038727581820708,0.24320808454881254,0.47144817020696533,1.0,2.1382242050543154,4732.0147350919615,-0.05903856947825581,0.4748519286952826,0.4785080008439447,0.25,1.3125455515407922,18038.749801563634,-0.11730033711188394,0.16000576827757892,0.19839661027512515,3.0,3.6649226587987886,2048.147670626712,9.937597820706252,2.933998864716337,10.361669739200451,2.0,2.922182084260602,688668.776086698,-0.016628186387706124,1.4749935708449744,1.4750872959308385,3.0,4.858040614740303,174048.53302928773,1.7323566927328002,2.181663573476452,2.7858061057241885,2.0,3.7588113548473174,380772.5522877552,0.13526436320631122,2.9339988647163433,2.937115214987386,2.0,2.922182084260607,688668.7760867011,0.541291598612289,1.4749935708449773,1.5711787386425085,3.0,4.858040614740303,174048.53302928843,0.16178563523281084,2.181663573476449,2.1876541179084303,2.0,3.7588113548473228,380772.552287754,0.11040535593923714,0.37022247809782344,0.386334085875118,1.0,2.9218027700182123,10965.182052264163,0.0121204936500671,0.26490910184380706,0.26518623381694206,9.75,7.085718080383766,5614.147241702346,0.04248547513285402,0.42274280099804407,0.4248723236372737,3.0,2.5940713742710613,14296.9295576762,11.620816743006117,7.905743792814078,14.05504061510139,1.0,3.4812811419550367,5000062.795119994,0.4999316730581704,3.6654548757797842,3.699390642268607,1.0,4.533824683711108,1074844.824392337,8.836570979490887,7.0634341394120765,11.31269589962501,1.0,3.7530916279708983,3991368.163606956,6.0527496630061615,7.905743792814096,9.95673457518276,1.0,3.4812811419550096,5000062.795120019,-0.9106018069418171,3.665454875779787,3.7768710723538756,1.0,4.533824683711105,1074844.8243923383,0.5041503244909179,7.063434139412081,7.0814030665890195,1.0,3.7530916279709077,3991368.1636069613,0.047213475898782456,1.1188777779987913,1.1198734724985486,1.0,3.930617554925828,100150.99874741404,-0.025077706092166335,4.534038159443898,4.534107511146626,2.0,2.075663652560143,1644600.5489871372,-0.14922537048957707,1.267567028197504,1.2763206423823141,1.0,1.9723364896508166,128538.12123079174,11.167531626824102,7.565847900587296,13.489099936279581,1.0,3.999508083020435,4579399.767735883,0.5174520433023391,3.3624398228183123,3.4020226600056924,1.0,3.2875909147551403,904482.7027768394,8.857871275002658,7.002048642781872,11.291172158832786,1.0,3.8628021257278653,3922316.458521041,5.598352181824152,7.565847900587313,9.411886187505493,1.0,3.999508083020419,4579399.767735903,1.1360289533023358,3.3624398228183017,3.549163752888217,1.0,3.2875909147551394,904482.7027768338,0.3865112600027021,7.002048642781883,7.012708189422435,1.0,3.862802125727875,3922316.4585210546,0.16403950197332332,1.1848651165241475,1.19616650285963,2.0,2.9186908786714216,112312.4680415701,-0.28009880737547654,4.416560223404,4.425433261144896,2.0,2.158734230993827,1560480.5869547634,0.35882915045902064,0.9178733725667221,0.9855201100363966,1.0,2.0800030042585216,67399.32288660256,4.0,HS_10_4,HS_10,healthy,gait_full,4.0,0.5
9.744483019360034,3.0767634402162,10.218680080208356,2.0,2.5186468537774407,757318.2983759479,-0.7883397371159566,1.4497606900886761,1.6502380433266135,1.0,2.1358784949251826,168145.29857702265,0.9427897820960512,1.0836309764773802,1.4363525564449837,2.0,2.4964051324809784,93941.32684993617,-0.0966198821159632,1.4497606900886812,1.4529767582953668,1.0,2.1358784949251834,168145.29857702384,-0.14532441936008136,3.0767634402162014,3.0801935740978,2.0,2.518646853777431,757318.2983759487,-0.7851788929039364,1.083630976477384,1.3381935536547693,2.0,2.4964051324809793,93941.3268499368,-0.00963546967924525,0.3477541994569518,0.3478876622070479,0.5,1.9714615940298503,9674.657694487103,0.029431565111703462,0.30567272010306457,0.307086354044153,2.0,2.8469080050516906,7474.883881564291,0.05072363235558233,0.21453984442024254,0.22045460240876388,3.0,2.6149871435126917,3682.1934254496646,9.833578810828183,3.3101597818642725,10.375761659282695,2.0,2.7581758964764846,876573.6785245058,-0.002151830126804208,1.5481091200561305,1.5481106155484698,3.0,4.10317564331771,191732.1727392985,1.8648456713631418,2.428379973589808,3.0618097057351368,2.0,3.875017120346183,471763.7226874992,-0.024012634171757995,3.3101597818642636,3.3102468772089395,2.0,2.758175896476477,876573.678524501,0.0040948648731929,1.5481091200561308,1.548114535659199,3.0,4.103175643317695,191732.17273929855,0.4241800513631518,2.4283799735898035,2.4651486795133595,2.0,3.8750171203461807,471763.72268749715,0.018272202123765617,0.3894599492602404,0.3898883499775811,3.0,3.1023330825569344,12134.481755454788,-0.02871371815283625,0.3038301362482047,0.30518392700593383,10.0,5.7824079209833,7385.033327925528,0.02195963057558524,0.44539336224880954,0.44593438139519526,3.0,2.870892664853838,15870.123850808232,11.01923474396309,8.57717295453762,13.963933193574613,1.0,3.6793433443585197,5885452.51880184,1.0535666898672107,3.5311672076784864,3.6849890934142024,1.0,3.638500198008256,997534.1443485424,9.378824069178581,7.241488939321512,11.849114016622476,1.0,3.546230825571105,4195159.590737814,5.404973573963117,8.577172954537637,10.138127796950062,1.0,3.6793433443585366,5885452.518801863,-0.26261290513278385,3.5311672076784864,3.5409190031016182,1.0,3.6385001980082476,997534.1443485424,1.0849671741786198,7.241488939321521,7.32231628839953,1.0,3.546230825571085,4195159.590737825,0.04329730997253086,0.9643641255209486,0.9653356015617789,4.0,4.399119268169971,74400.43404566856,-0.29362085343859173,4.426621284781096,4.436348634231877,2.0,2.1158636533807,1567598.0890703264,-0.07208525729675859,1.2921414917847356,1.2941506554923279,1.0,1.8981187193698503,133570.4146884746,11.883998861298306,8.370164991107503,14.53578655985637,1.0,3.688922686586078,5604775.6400436275,1.0247027494516008,3.9031099769379107,4.035378943396261,1.0,3.475036191902559,1218741.6478391364,9.422128853578354,7.842355984731722,12.258835977558848,1.0,3.530441615718714,4920203.800795887,6.241823626298331,8.370164991107528,10.441265448219296,1.0,3.6889226865860687,5604775.640043665,1.5543781244515873,3.9031099769379,4.2012330149428525,1.0,3.475036191902582,1218741.64783913,0.969039678578404,7.842355984731728,7.901998816117152,1.0,3.5304416157187304,4920203.800795894,-0.09489491460207239,1.3870971385265312,1.3903393530091224,2.0,2.5612120481701455,153923.0837405184,-0.04408967381554483,4.670945999354797,4.671154078835952,2.0,2.1414899505167244,1745418.9256257447,0.1409650881629906,1.0047008584633277,1.0145417542308188,1.0,2.323319775377143,80753.92326275237,4.0,HS_10_5,HS_10,healthy,gait_full,4.0,0.5
9.60076277581357,2.7636478209204562,9.990615354197452,2.0,2.7398229762202293,611021.6875115836,-1.340979059452743,1.248933727523647,1.8325011033112297,1.0,2.0477767004534684,124787.2091667552,0.5619124723722851,0.920814077079124,1.0787234080868984,2.0,2.2739746859667234,67832.03899420198,-0.6492592044527494,1.248933727523651,1.4076125071598145,1.0,2.0477767004534737,124787.20916675603,-0.0016041758136206851,2.763647820920456,2.763648286497112,2.0,2.7398229762202084,611021.6875115832,-1.1660562026277044,0.9208140770791255,1.4857946130719493,2.0,2.2739746859667336,67832.03899420219,0.4625040022623665,1.111234299835926,1.203640985194733,0.25,1.4433632713530362,98789.67288126671,-0.006115467742836271,0.327671074562694,0.32772813741084883,2.0,2.67268272037445,8589.467320169335,0.06068936303512111,0.20296169427052155,0.2118410916861254,3.0,2.740067915679525,3295.4849257163723,9.79329617288248,3.0472524107783068,10.256431990940554,2.0,2.7926838410642825,742861.1550273265,-0.17606179896252386,1.4859049118255732,1.4962991559314882,3.0,4.448604952593388,176633.9896545082,1.6402593413235054,2.2154279163458095,2.7565506632970407,2.0,3.724329481587342,392650.07577076607,-0.06429527211746265,3.0472524107783086,3.047930631922398,2.0,2.792683841064277,742861.1550273276,-0.16981510396252517,1.485904911825573,1.4955770045441212,3.0,4.448604952593384,176633.9896545081,0.19959372132351208,2.2154279163458073,2.2244007071829692,2.0,3.724329481587351,392650.07577076554,0.41702145370302524,1.1296249205683233,1.2041425804353798,0.25,1.2760476703704338,102085.6268289825,-0.0028017279017229202,0.24621238730060446,0.24622832765443167,10.0,6.998878975763424,4849.6632397035755,0.06516762201373326,0.4757192050008268,0.4801620361560704,3.0,2.6024898278834074,18104.802291077205,11.203976639767204,8.478216354097986,14.050240036787406,1.0,4.203857610540942,5750444.817767648,0.5106039102905662,3.976744810033781,4.00939093096877,1.0,3.5074606458036848,1265164.4493818253,8.775255631779107,7.124977164163669,11.303557448561257,4.0,3.8498988987753444,4061269.8335182075,5.589715469767231,8.478216354097981,10.155051530142503,1.0,4.203857610540959,5750444.817767638,-0.8055756847094261,3.976744810033775,4.057517894960616,1.0,3.5074606458036914,1265164.4493818218,0.4813987367791387,7.124977164163684,7.1412214875066375,4.0,3.8498988987753147,4061269.8335182234,0.26869775228248616,1.3209472225872225,1.347998533731605,1.0,3.5781649658230283,139594.9934615758,0.2039897565540555,4.253728564207796,4.258616972531846,2.0,2.1287095130989098,1447540.016619307,-0.14744545031219414,1.2316487774768625,1.2404430143614076,1.0,1.9875124867537564,121356.69694215206,11.476154081849222,8.048984375230457,14.017427081424342,1.0,3.6949379811703538,5182897.9766839305,-0.1633833479596997,4.898661988432324,4.9013858647633795,0.5,2.7961670537407666,1919751.8667584423,8.685359348319839,7.283234132524622,11.334944483261419,1.0,3.3654103216480666,4243640.580856766,5.833978846849232,8.048984375230471,9.94089828225742,1.0,3.6949379811703627,5182897.976683947,0.3662920270403012,4.898661988432306,4.912337440158692,0.5,2.7961670537407985,1919751.8667584283,0.2322701733198992,7.283234132524608,7.286936864182751,1.0,3.365410321648085,4243640.580856749,0.23335693504625193,1.6156788257478885,1.632444034907248,0.25,2.1932392705050257,208833.5395450286,0.04084428603719035,4.46622329926664,4.4664100589415305,2.0,2.1339158177738846,1595772.4655341262,0.36740155562835497,1.611069852081366,1.6524315330335506,1.0,1.7726540219479687,207643.70322581503,4.0,HS_10_5,HS_10,healthy,gait_full,4.0,0.5
9.633829163893564,2.598740928369951,9.978182137637662,2.0,2.6573362897167176,540276.370740691,-1.114326014526195,1.4752010884112563,1.8487673509394278,1.0,1.7372165490925127,174098.37165635277,0.9831615296852471,1.2268040832793525,1.5721497550182448,0.25,1.6448509921095216,120404.57949715888,-0.4226061595261993,1.4752010884112552,1.5345403928601018,1.0,1.7372165490925087,174098.37165635254,-0.03467056389359696,2.5987409283699585,2.5989721931536423,2.0,2.657336289716736,540276.3707406941,-0.7448071453147432,1.2268040832793552,1.4351954370268865,0.25,1.6448509921095291,120404.5794971594,0.7771007871265888,1.2857019626284445,1.502303288307457,0.25,0.5277905731131854,132242.40191871102,0.05281618474580386,0.31021798584607824,0.31468197932754344,2.0,2.7775506711197173,7698.868477539261,0.1230132430589907,0.23006165949269913,0.26088431370326765,0.25,2.0485284741845233,4234.274787642866,9.874844022028606,2.7890426588588517,10.261155072033974,2.0,2.7776715307848243,622300.7394750238,0.04093689534869368,1.4786600897745146,1.4792266528469413,3.0,3.8877063134970453,174915.31016637708,1.4783214209431703,2.066841294510624,2.5411153378612674,2.0,3.6606685286604317,341747.19162141805,0.01725257702866313,2.789042658858863,2.7890960192056213,2.0,2.777671530784821,622300.7394750288,0.047183590348691844,1.4786600897745146,1.4794127051942498,3.0,3.887706313497048,174915.31016637705,0.037655800943176804,2.066841294510621,2.067184291745419,2.0,3.6606685286604366,341747.191621417,0.7808759923562084,1.2787409618813659,1.4983143071570713,0.25,0.5283499010482817,130814.27755677723,-0.03476207500418614,0.23172260154866836,0.23431552643194514,0.5,5.3425186194402405,4295.643243490703,0.14279908941372857,0.4599721318187508,0.48162842730395,3.0,2.2536846374165425,16925.949985061565,10.018179536489486,7.420562045083668,12.467103203642495,1.0,3.998475151168405,4405187.86036737,0.2753751216296688,3.741026868436072,3.751148289253993,1.0,3.5699076535033947,1119624.6283983819,8.211842765364185,6.0617846772840265,10.206840602106977,1.0,4.048646101590654,2939644.018391541,4.40391836648952,7.420562045083663,8.628976651007926,1.0,3.9984751511684,4405187.860367365,-1.040804473370325,3.7410268684360712,3.883111636580679,1.0,3.5699076535034022,1119624.6283983814,-0.0820141296357722,6.061784677284023,6.062339465191245,1.0,4.048646101590645,2939644.0183915375,0.6407878913977786,1.7703366046600602,1.8827375854221748,1.0,2.194681375267756,250729.87232818617,0.30007504112238015,3.8065511270907,3.8183604483416795,2.0,2.2457708944069057,1159191.9871867434,0.31487523541903345,1.5518901065486532,1.5835117039933053,1.25,1.4472145869392365,192669.2901084708,10.688567741519046,7.9809030360933315,13.339426285885212,1.0,3.86927513808252,5095585.250821079,-0.8223056638308922,5.329510139976845,5.392574982036353,1.0,3.1863782267986926,2272295.6562298844,8.459321682415947,6.608865907798012,10.734860591262812,1.0,3.5283580380001975,3494168.931019664,5.04639250651906,7.980903036093314,9.442504466579573,1.0,3.869275138082538,5095585.250821057,-0.2926302888308844,5.329510139976834,5.33753789851249,1.0,3.1863782267987055,2272295.6562298746,0.006232507415991577,6.608865907797997,6.608868846588146,1.0,3.528358038000225,3494168.931019649,0.5112436332737583,1.911805210005895,1.978981862870056,1.25,2.2569045576162208,292400.23063504574,0.21691408696566172,4.038128701461521,4.043950436230823,2.0,2.1296092697492846,1304522.6447121433,0.4433196205574194,1.907653459949688,1.9584876842168784,1.0,2.3935844236710673,291131.3479651077,4.0,HS_10_5,HS_10,healthy,gait_full,4.0,0.5
9.651787830203633,2.7035577680583747,10.023284537739897,2.0,2.6394818951333074,584738.5150492082,-0.9482152997771242,1.4627033525312183,1.7431618835430882,1.0,1.7529808476128976,171160.2706930612,0.7188004230620129,1.4671924851841263,1.633807772283784,0.25,1.1776987639806662,172212.84581770052,-0.25649544477712505,1.462703352531213,1.485022225657739,1.0,1.752980847612895,171160.27069305998,-0.05262923020367051,2.7035577680583813,2.7040699771087007,2.0,2.6394818951333403,584738.5150492111,-1.0091682519379768,1.467192485184129,1.7807510632596382,0.25,1.1776987639806675,172212.84581770113,0.3100975893211793,0.9435940410304621,0.993242281203838,1.0,1.7188693053037232,71231.76512928518,0.029738178449988988,0.34805013781467786,0.34931827563175055,2.0,2.415570621874227,9691.200378768113,0.09301192588300423,0.23488966731227648,0.25263486332360663,0.25,2.189124487896032,4413.861726174689,9.852004825578792,2.9233429371134445,10.276572045735819,2.0,2.762346573003688,683674.7339243769,0.09474351851151608,1.4172225823459468,1.4203859272082557,3.0,3.819478819011426,160681.62051401866,1.5144846399520169,2.1952606506035304,2.6669895104290955,2.0,3.786196864008254,385536.25720242463,-0.005586619421149264,2.923342937113445,2.923348275229556,2.0,2.762346573003705,683674.7339243774,0.10099021351151684,1.417222582345946,1.42081626931015,3.0,3.819478819011437,160681.62051401837,0.07381901995202324,2.1952606506035264,2.196501439060511,2.0,3.7861968640082595,385536.25720242324,0.3329178397447986,0.8971799069130071,0.9569566726810445,0.25,1.2737496229137453,64395.85218458341,-0.046337874675339806,0.22887438331134613,0.23351805490277724,9.75,6.843353425967328,4190.738056699714,0.08010511613369171,0.44406203829822827,0.45122934688290095,3.0,2.836119104184726,15775.52181602911,10.680011844736455,7.598942276775199,13.107500781211971,1.0,3.5054542292829254,4619516.106478866,0.5843695696020547,3.4935917701551378,3.5421280680365865,1.0,3.6258274282485656,976414.6821706675,8.521573384035595,6.623971378892597,10.79324834180573,1.0,3.706098584163478,3510160.5394859496,5.065750674736487,7.598942276775206,9.132675053036472,1.0,3.5054542292829507,4619516.106478874,-0.7318100253979416,3.4935917701551413,3.569415830324154,1.0,3.625827428248568,976414.6821706694,0.22771648903564112,6.623971378892585,6.627884400603774,1.0,3.706098584163466,3510160.539485937,0.4385301921543811,1.5938332967424704,1.6530617977667774,1.0,3.250670296015813,203232.67103330413,0.12958931750254832,4.147047323725392,4.149071570415328,2.0,2.095566228413352,1375841.865483593,0.2857332599587492,1.5842979803846882,1.6098582504362475,0.75,1.3497077454025543,200800.03812775956,11.056144726771112,7.833052545233676,13.5497250302617,1.0,3.779580173003453,4908538.128268101,0.15358347699415278,4.3311489175080045,4.333871113685359,1.0,3.2884871871878665,1500709.3692701298,8.963816448734406,6.889893151564409,11.30577874215552,1.0,3.7195817372370574,3797657.025500181,5.413969491771128,7.833052545233627,9.521962919178982,1.0,3.77958017300344,4908538.128268038,0.6832588519941497,4.331148917507992,4.384711347906383,1.0,3.2884871871878643,1500709.369270121,0.5107272737344297,6.889893151564421,6.908796565836234,1.0,3.719581737237088,3797657.025500195,0.08688744531346866,1.6932183645335557,1.6954462121066507,2.0,2.3461162409343137,229359.41777121104,0.16536356531632612,4.161415970973889,4.164700228373067,2.0,2.0287833960725656,1385391.373477465,0.20821243114195148,1.4256842228954454,1.4408080787860096,1.0,2.8868236456167704,162606.04536087858,4.0,HS_10_5,HS_10,healthy,gait_full,4.0,0.5
9.640952281659624,2.4754553936237924,9.953684760080513,2.0,2.7831618740387665,490231.72356457944,-1.0471694259192055,1.141378485749624,1.5489701915505227,1.0,2.0494945287698614,104219.8417457432,0.18614516320742303,0.9970438880419806,1.0142714313572023,0.25,1.6152692705177272,79527.89126706596,-0.35544957091920565,1.1413784857496188,1.1954452079450317,1.0,2.0494945287698583,104219.84174574222,-0.04179368165967172,2.475455393623789,2.4758081746467715,2.0,2.7831618740387816,490231.72356457805,-1.5418235117925656,0.9970438880419823,1.8361144452888094,0.25,1.6152692705177287,79527.89126706622,-0.055060188214774416,0.37749366576598525,0.3814879972157548,1.0,1.6427905054340919,11400.129565072046,0.02802748249547922,0.3623068294475002,0.3633892932370661,2.0,2.294767071055348,10501.31015586198,0.004803816333853616,0.18496389249488376,0.18502626348231843,3.0,2.9296610187635728,2736.9323697909713,9.80655591731795,2.792402240369956,10.19637431793806,2.0,2.874696836663859,623803.6358327477,-0.14519011485564867,1.2824124214746078,1.2906052023001318,3.0,4.545687151589078,131566.52973072848,1.6278707368306278,2.2622229250539907,2.7870442584338924,2.0,3.8997981032495876,409417.8385785156,-0.05103552768198344,2.7924022403699595,2.7928685785602134,2.0,2.8746968366638637,623803.6358327494,-0.13894341985564693,1.282412421474608,1.2899173976164329,3.0,4.5456871515890755,131566.52973072854,0.1872051168306333,2.2622229250539867,2.2699555763070314,2.0,3.8997981032495765,409417.8385785142,-0.015166776100708062,0.3048853374631655,0.305262346347068,3.0,2.8889224350709624,7436.491416045398,-0.03570229687487271,0.2345334931967692,0.23723535451787223,9.75,7.762742210152938,4400.498360172712,-0.011720214925962553,0.42530875814724384,0.42547021422734344,3.0,2.78887076137682,14471.088723084185,11.594861469671677,8.18368119701553,14.192020660753787,1.0,3.834819019989202,5357819.814123107,0.6118848416672338,3.2799752297802596,3.33656118892404,1.0,3.707868379333641,860661.0328897863,8.806379391974927,7.100164431658764,11.312146257540736,1.0,3.594472720674969,4032991.330186836,5.98060029967171,8.183681197015515,10.136084938417724,1.0,3.8348190199892125,5357819.81412309,-0.7042947533327635,3.2799752297802565,3.3547382323430397,1.0,3.7078683793336498,860661.0328897845,0.5125224969749915,7.100164431658746,7.11863851213822,1.0,3.5944727206749656,4032991.330186815,0.11063248592520697,0.9459005147338369,0.9523483242573217,1.0,3.6993283498957767,71578.84079076245,0.10650978633291562,4.463451825554482,4.464722447547027,2.0,2.2308378551838532,1593802.2849689734,-0.2034124245965171,1.1694114404737928,1.1869708217101314,1.0,2.0348008604634686,109402.70672255919,11.112987209513795,7.348571761111649,13.322912280992648,1.0,3.5620971254796783,4320138.859092126,0.5364685289203633,3.442340915807638,3.48389286046017,1.0,3.120895855310737,947977.1002880941,9.14035738926623,6.353407433653023,11.131573079377024,1.0,3.655011980090955,3229284.0046236995,5.470811974513822,7.34857176111162,9.161402217384135,1.0,3.5620971254796547,4320138.859092092,1.066143903920356,3.4423409158076246,3.6036611667177882,1.0,3.1208958553107524,947977.1002880866,0.6872682142662694,6.353407433653051,6.390471314100283,1.0,3.655011980090965,3229284.004623729,-0.1589388534160024,1.2136796424371359,1.2240424149479165,2.0,2.83030150039726,117842.00102692972,-0.05291090315468398,4.371737976376908,4.372058153520913,2.0,2.234809834340907,1528979.5807344795,0.08432888828384452,1.0563212815201357,1.0596820330606398,1.0,1.8501806167009385,89265.43534710309,4.0,HS_10_5,HS_10,healthy,gait_full,4.0,0.5
7.517007357302823,1.6799084833649978,7.702434168639578,2.0,2.609760815062929,225767.6772980091,0.03574263719853061,1.0515833444563472,1.05219060367022,1.0,1.9902591405348822,88466.22638224905,6.5431054459531115,1.8125168424210247,6.789510010370495,2.0,2.409241723871057,262818.8203666191,-0.9143928378014663,1.051583344456351,1.3935357161410047,1.0,1.9902591405348744,88466.2263822497,1.9259789576971298,1.6799084833649949,2.555677494906938,2.0,2.6097608150629505,225767.67729800832,7.629727285953106,1.8125168424210114,7.842063233746408,2.0,2.409241723871048,262818.82036661525,0.10176977703768855,0.275584214624474,0.2937749936064828,1.0,2.3353934678029953,6075.738110615201,-0.3190896648079983,0.42496302248847,0.5314242981552656,2.0,2.3771791644687474,14447.515133676688,-0.059029216915185236,0.15532304339892267,0.1661616570100443,3.0,2.314383815010988,1930.0201314761805,9.856961550859594,2.726008843086826,10.226965103475807,2.0,3.2787643661963415,594490.7391691946,0.3567307032283979,1.4732319421046665,1.5158064354868384,3.0,6.8496346845345695,173633.2159532279,1.7553536588129912,1.9690730611984761,2.6378997683471015,2.0,3.382218496346226,310179.9500487747,0.0686351058596425,2.7260088430868374,2.726872749202647,2.0,3.2787643661963286,594490.7391691997,0.1285977732283975,1.4732319421046642,1.478833913093956,3.0,6.849634684534571,173633.21595322734,-0.24442066868699563,1.9690730611984755,1.9841850174867597,2.0,3.3822184963462334,310179.9500487744,0.043510026281936384,0.5066103429096568,0.5084753306996268,1.0,1.9807660468734096,20532.33936400082,0.10018148984681019,0.22664335472109845,0.24779737921769912,2.0,2.9665956452294666,4109.377985683097,0.008587254883969983,0.32832918056714444,0.3284414586472524,3.0,2.6784682105326767,8624.004077575893,9.761524965557264,8.077088515817069,12.669914306953372,1.0,3.9307430045152305,5219162.411077721,2.0292588827732962,3.50138387266705,4.046922366081073,1.0,4.547993022842197,980775.4197569299,9.547056764479384,6.459403403644426,11.526933035079399,1.0,4.31986077291841,3337912.406658433,3.9971020205572994,8.077088515817064,9.012002189030312,1.0,3.9307430045152216,5219162.411077713,0.096243732773309,3.5013838726670423,3.502706365065589,1.0,4.5479930228422125,980775.4197569257,1.3219502694794476,6.459403403644429,6.59328786312186,1.0,4.319860772918401,3337912.406658436,0.10117750340764749,1.1358988901401925,1.1403960609444097,2.0,3.9165292850469884,103222.01724640257,-0.07835127950998136,4.136620084412931,4.137362039484735,2.0,2.310138799007018,1368936.2553804012,0.16639966342322382,1.5283347625227905,1.5373665777305543,2.0,3.5108388862048314,186864.97057161908,10.021097127195805,8.402325219371964,13.077517223264747,1.0,3.6744372834174865,5647926.331341419,-2.224885464042397,4.932395913163976,5.41097447529591,1.0,4.962451711919734,1946285.8659094987,8.581435098092602,6.40608548378522,10.70882624606167,4.0,4.608639213302983,3283036.362980072,4.083873082195854,8.402325219371999,9.34222074474686,1.0,3.6744372834174737,5647926.331341469,-0.049480539042413306,4.932395913163968,4.932644095000221,1.0,4.962451711919716,1946285.8659094926,0.5102778730926477,6.406085483785223,6.426376485495672,4.0,4.608639213302986,3283036.362980075,-0.09008113775073802,1.202594646734946,1.2059637207370781,2.0,4.042971943300497,115698.74664804422,0.04556089646748071,3.7903919935282917,3.7906658069381822,2.0,2.2974563859979527,1149365.846754744,-0.09593098579210095,1.8378764091564306,1.840378344082754,2.0,3.3459675103104,270223.67332853604,4.0,HS_11_1,HS_11,healthy,gait_full,4.0,0.5
7.453780647503873,1.8706975330989732,7.684943409124482,2.0,2.5823106034980623,279960.74186864484,0.28651398071899403,0.870743210354104,0.9166700603408051,1.0,3.012970409087815,60655.518444397596,6.772573044700021,2.093418574797715,7.088733806195956,2.0,2.3667295557948282,350592.1939916766,-0.6636214942810009,0.8707432103541041,1.094800084969635,1.0,3.0129704090878056,60655.51844439765,1.989205667496078,1.8706975330989735,2.7306498215518413,2.0,2.5823106034980734,279960.74186864484,7.859194884700003,2.0934185747976994,8.13322479493852,2.0,2.366729555794855,350592.1939916714,0.05008856992620398,0.28768932631323085,0.29201714557849656,1.0,2.598675070109403,6621.232060600884,-0.2914200746457474,0.4340286419030791,0.5227872625636208,2.0,2.4614563757166397,15070.514740850707,-0.04530052301131854,0.1782255079131476,0.183892547581457,1.0,2.32935231461511,2541.149231058638,9.939823737924648,3.168118199025768,10.432500604553473,2.0,3.0999898738059244,802958.1353000045,0.3599705138234712,1.4333592281111938,1.477869225484397,3.0,6.946513156388614,164361.5359225892,1.8406996772350004,2.2405928117020895,2.8997295476689042,2.0,3.395725813651297,401620.78028668766,0.15149729292469385,3.1681181990257627,3.171738380251712,2.0,3.099989873805874,802958.1353000018,0.13183758382347333,1.4333592281111938,1.4394095405130285,3.0,6.946513156388601,164361.53592258913,-0.15907465026498455,2.2405928117020895,2.246232599756312,2.0,3.395725813651293,401620.7802866877,-0.0145923949662641,0.6256708358819726,0.6258409804927269,1.0,1.5937351248531766,31317.135818964813,0.06958229720122473,0.19153540494844265,0.20378299102860248,2.0,4.069847950621746,2934.8649349957886,0.01294873598411292,0.41296004810792386,0.4131630078998906,3.0,2.8481743000661046,13642.914612284536,11.394919957180523,9.021606897004256,14.533877384738929,1.0,3.78330891743736,6511157.701633596,1.8153717478067666,3.85810249794182,4.263863209269254,1.0,5.361815241901021,1190796.3910175795,9.185846781530413,7.582770156471066,11.911262919590891,2.0,4.417226808427007,4599876.743600715,5.630497012180565,9.021606897004263,10.63446696399256,1.0,3.7833089174373513,6511157.701633607,-0.11764340219322289,3.858102497941813,3.859895705158943,1.0,5.361815241901041,1190796.3910175755,0.9607402865304816,7.582770156471055,7.643390945387442,2.0,4.417226808427006,4599876.7436007,0.11509196968880715,1.1622676046680223,1.167952116461797,2.0,3.9356806529792365,108069.27885267745,-0.18140075438969774,4.601976958008544,4.605550798301406,2.0,2.2593653277816728,1694255.3900098032,0.1980473611814883,1.6486090975680021,1.6604621988635975,2.0,3.6822791437544775,217433.7079968018,11.53374615837532,9.142562295232672,14.717803700554223,1.0,3.9621979778935335,6686915.628515294,-1.812467399474307,5.315879792801787,5.616370362224657,1.0,4.462125675440968,2260686.2378277257,8.930562300129296,7.080492051140899,11.396855297965317,4.0,4.573007256288553,4010669.4375449424,5.596522113375386,9.142562295232727,10.71949182973292,1.0,3.9621979778935037,6686915.628515375,0.3629375255256841,5.3158797928017725,5.328255025705219,1.0,4.462125675440946,2260686.237827714,0.8594050751293287,7.080492051140892,7.132457134075704,4.0,4.5730072562885535,4010669.437544936,-0.10402663967768916,1.4368950794622162,1.4406557573359988,2.0,3.9749533688521703,165173.39852009906,0.06089059515712233,4.375134669460227,4.3755583689960575,2.0,2.2658877838628264,1531344.273845528,-0.1594322314708734,2.074042146367859,2.080160921982234,2.0,3.2991257114622594,344132.0678026575,4.0,HS_11_1,HS_11,healthy,gait_full,4.0,0.5
7.671228598460144,2.0932775221735618,7.951701641451966,1.75,2.101768514263423,350545.51010182797,0.16313866212815925,1.527773421562681,1.5364588672380095,0.5,1.4857851677574818,186727.6785030777,6.364006974354529,2.26066699340791,6.7536064457974625,2.0,1.8038016851558714,408851.03005269537,-0.7869968128718344,1.5277734215626768,1.7185620765930316,0.5,1.4857851677574923,186727.67850307666,1.7717577165398068,2.0932775221735613,2.7424325317052807,1.75,2.101768514263418,350545.5101018279,7.450628814354502,2.2606669934079,7.786044244953499,2.0,1.803801685155895,408851.03005269147,0.7359945434609372,1.448691869593294,1.6249295680213303,0.25,0.5677490815297879,167896.69328547196,-0.2530510487344762,0.4083513215250158,0.48040153523572865,2.0,2.067677417173959,13340.073199499504,0.32503998938448275,0.7930563054195567,0.857081850388154,0.25,0.7196123711556368,50315.08869966228,9.987539263138373,2.786965038066964,10.369094206156014,2.0,3.5236909981102875,621374.7481739825,0.44910097965599477,1.730923560191835,1.7882360194211364,2.75,5.0119865589279105,239687.71313843806,1.574902155409874,2.0127746018822266,2.5556952864331897,2.0,3.535605278011349,324102.3802454036,0.19921281813843097,2.7869650380669393,2.7940758526421776,2.0,3.5236909981102027,621374.7481739713,0.220968049656,1.730923560191839,1.7449708450848016,2.75,5.011986558927899,239687.71313843914,-0.4248721720901102,2.0127746018822275,2.0571285717229073,2.0,3.5356052780113343,324102.38024540385,0.7807059612273032,1.345185688844766,1.555321939460964,0.25,0.624449183740056,144762.09096980857,0.12952403127130704,0.24953458076160456,0.2811476154489671,2.0,3.141668324438617,4981.402453483247,0.16020357801052174,0.4451475934547524,0.47309784016198053,2.75,2.3285149184240215,15852.518070560374,10.050849767086364,7.929453949410697,12.802180321193923,1.0,3.530178097499781,5030104.012348132,2.0247879331484393,3.8316464704089537,4.333737514942607,1.0,4.891652945721333,1174526.9523370476,8.537510495822525,6.037625980686296,10.456673130060915,3.75,4.047992528571213,2916244.6168862204,4.2864268220864075,7.929453949410722,9.013861261242436,1.0,3.530178097499759,5030104.012348163,0.09177278314845008,3.8316464704089483,3.83274534999707,1.0,4.891652945721343,1174526.9523370438,0.31240400082258524,6.037625980686279,6.045702915491954,3.75,4.04799252857121,2916244.616886204,0.8406763744610986,2.126296014149484,2.2864539152069177,0.5,1.6003160757464467,361693.3241384036,-0.30437470595597416,3.833251742383778,3.845317006712718,2.0,2.655394679359031,1175524.84230003,0.48339694883705137,1.8763438020960375,1.937611590027574,2.0,3.0481843991003545,281656.817376191,10.914294067326248,7.958881730403114,13.50798332048931,1.0,3.8608579477771485,5067504.28818915,-2.9661936710615056,4.665444390517148,5.5285329206990586,1.0,3.690661134340124,1741309.7803328,8.070139048401565,6.441069405634239,10.325430710083388,1.0,4.291234682630079,3318990.0409761714,4.977070022326274,7.958881730403144,9.386960338985341,1.0,3.860857947777139,5067504.28818919,-0.7907887460615162,4.665444390517139,4.731988820982715,1.0,3.6906611343400995,1741309.7803327935,-0.0010181765983978863,6.441069405634239,6.441069486108732,1.0,4.291234682630094,3318990.040976171,0.39989937170935447,1.7817216710931718,1.8260480882869927,1.25,2.61409833219613,253962.576306246,0.1152815859622394,3.8518975305641656,3.8536222479672664,1.0,2.2810566267788257,1186969.1812408778,0.5070851478898692,2.564262642855367,2.6139200922664183,1.0,2.1226312920436863,526035.4449818379,4.0,HS_11_1,HS_11,healthy,gait_full,4.0,0.5
7.741955405678697,2.284946312869272,8.072103391075494,2.0,2.343668348079031,417680.3900404761,0.3096336426651058,1.7503685722847104,1.7775441292727667,0.75,1.4609149617984105,245103.2842370056,6.104839886241437,2.1139255069024934,6.460476072657286,2.0,1.7793261722182117,357495.02198613284,-0.6405018323348863,1.750368572284709,1.86387572978092,0.75,1.460914961798424,245103.28423700517,1.7010309093212514,2.2849463128692755,2.848593654272434,2.0,2.343668348079025,417680.3900404774,7.191461726241425,2.113925506902502,7.49571896543142,2.0,1.779326172218242,357495.0219861356,0.7181655034385406,1.4687067290221405,1.6348887259394898,0.25,0.5784260072972938,172567.96447593594,-0.28826831680817727,0.43557957516065493,0.5223295786881653,0.5,2.0162168779073206,15178.390605917668,0.3340000390605291,0.7979312417997018,0.8650146199530094,0.25,0.7382533943882944,50935.54144250568,9.869584794101353,2.7876001195761613,10.255701752421317,2.0,3.7325159090634425,621660.8311057021,0.536984942354133,1.7696331230116253,1.849311822915473,3.0,5.248510142489517,250528.79842359532,1.6257368248510335,1.9322159732034343,2.5251690618212503,2.0,3.6686590494468168,298680.7735631544,0.0812583491014129,2.787600119576151,2.7887842056996197,2.0,3.732515909063415,621660.8311056973,0.30885201235413834,1.769633123011629,1.7963827419553695,3.0,5.248510142489518,250528.7984235964,-0.3740375026489535,1.9322159732034336,1.9680860297482825,2.0,3.6686590494468034,298680.7735631543,0.8431653942402759,1.2840173519247693,1.5361082130137371,0.25,0.6370045784063634,131896.1838489922,0.11052439847443139,0.2709056344161867,0.29258418517850804,0.25,2.946546507560337,5871.197661594047,0.15454224729074711,0.39878996974663866,0.42768767362200116,0.25,2.409187945211727,12722.852327194269,9.566374018387195,7.42474595449435,12.109598025882354,1.0,3.3735417870014994,4410152.668220325,2.0893170492845665,3.7418108555292204,4.2856031326976,1.0,4.781867669704923,1120092.421452586,8.53511937772953,6.013392241423503,10.440744659328974,2.0,3.9847371983308673,2892879.908460773,3.801951073387245,7.424745954494375,8.341563669553269,1.0,3.3735417870015065,4410152.668220355,0.1563018992845724,3.741810855529223,3.7450739328184564,1.0,4.781867669704919,1120092.4214525877,0.3100128827295831,6.013392241423497,6.021378101121919,2.0,3.9847371983308393,2892879.908460766,0.9458810914930763,2.07869972672034,2.2837871164167978,1.0,1.5888604078036428,345679.56729563855,-0.059199677364971566,3.614092392173032,3.614577211924392,2.0,2.8709531474385925,1044965.5222833221,0.41317510849985545,1.8418332711600283,1.8876078695099567,1.0,2.6586878865249606,271388.41927826445,10.609139779541998,8.111613507301016,13.354853820004497,1.0,4.015479062371994,5263904.1222989205,-2.9607626763981956,4.820817063373176,5.657419268930187,1.0,3.818265570255623,1859227.729006508,8.17204945336663,6.528927964545917,10.459889704700501,3.75,4.52198110958365,3410156.6970719155,4.671915734542012,8.111613507301008,9.360826369636891,1.0,4.015479062371996,5263904.122298912,-0.7853577513982088,4.820817063373175,4.884369350918419,1.0,3.8182655702556287,1859227.7290065074,0.1008922283666675,6.528927964545908,6.529707467258725,3.75,4.521981109583654,3410156.6970719066,0.3380508293242096,1.7919707202319974,1.8235781928328625,0.25,2.508197060554904,256892.7983060796,0.09524195474189497,3.9205276572413084,3.9216843500130243,1.0,2.282731505951513,1229644.2930037058,0.4852219767489221,2.4266249676016534,2.4746614112051484,1.0,2.0725902526717075,471080.8847983205,4.0,HS_11_1,HS_11,healthy,gait_full,4.0,0.5
7.650284126595791,2.037016156707628,7.916835355136006,2.0,2.4094985629184147,331955.7547794882,0.04242467966341334,1.3099417301211997,1.3106285475898445,1.0,2.2335776290460183,137276.0820332874,6.158272636009688,1.8086692282617867,6.418380343722768,2.0,2.4548075977783244,261702.75045949774,-0.9077107953365804,1.309941730121204,1.5937020500342904,1.0,2.233577629046022,137276.08203328832,1.7927021884041596,2.037016156707627,2.7135246376248316,2.0,2.40949856291839,331955.7547794878,7.244894476009676,1.8086692282617882,7.46724717320758,2.0,2.4548075977783306,261702.75045949826,0.05951006410725808,0.35710313042992764,0.36202775237943274,1.25,2.1868536254377364,10201.84276092277,-0.3526331844032593,0.42322745237553294,0.5508826001850731,1.75,2.349346142723941,14329.740514963347,-0.04582058878517945,0.28748335554257587,0.2911120163624985,1.0,1.9944767536197583,6611.738638454398,9.696806211610406,2.9996892766049523,10.15018159747425,2.0,3.216289388352822,719851.398535971,0.40368481116867655,1.4864337211831384,1.5402748567183202,6.75,7.41766937989701,176759.3816635959,1.871562215589903,2.1751485612695887,2.869497585016748,2.0,3.5786462429391857,378505.09263704164,-0.09152023338953107,2.9996892766049554,3.0010850886468443,2.0,3.2162893883528287,719851.3985359723,0.17555188116867995,1.48643372118314,1.4967644004492555,6.75,7.417669379897027,176759.38166359626,-0.12821211191008428,2.1751485612695878,2.178923956734976,2.0,3.5786462429391643,378505.09263704123,0.07054376255476559,0.5727776938320998,0.5771054574226462,1.0,1.6290472885614085,26245.943442979104,0.06872409825866793,0.2033572728652442,0.21465596220151079,2.0,3.5446352059447648,3308.340980092418,-0.002892666589867382,0.34205442158361443,0.3420666526349816,3.0,2.6164226636865235,9360.098196130733,10.984940028763358,8.670522450376568,13.994529895570327,1.0,3.812982661175904,6014265.299576575,1.685194268486984,3.96736145687398,4.310433464517299,1.0,5.952136281910268,1259203.4249595867,8.9084405776891,7.458931018199555,11.618776418387489,2.0,4.319048077359076,4450865.5202416135,5.220517083763404,8.670522450376549,10.120857581467556,1.0,3.8129826611758943,6014265.299576546,-0.24782088151300719,3.9673614568739772,3.975093976097055,1.0,5.952136281910257,1259203.4249595844,0.6833340826891593,7.4589310181995545,7.4901667139539745,2.0,4.319048077359055,4450865.5202416135,0.27274494200573524,1.2240133197160297,1.2540328585136704,2.0,4.674957471571038,119857.80010363544,0.212017662522683,4.315499261517549,4.320704267290241,2.0,2.203674796590626,1489883.0442750663,0.11267149371439376,1.622259281081722,1.6261672855372593,2.0,3.6673170143616156,210539.4352781445,11.118090493963491,8.980075827728585,14.291735307642547,1.0,4.044989720433151,6451341.460510498,-1.7778323294570404,5.473211035965537,5.754713445157595,1.0,4.749111500775079,2396487.2361584,8.82768209353922,6.7510630381608525,11.113272393395864,1.0,4.692447459431717,3646148.3458670606,5.180866448963518,8.980075827728555,10.36740753678327,1.0,4.044989720433129,6451341.460510455,0.3975725955429489,5.47321103596553,5.487631821919328,1.0,4.749111500775042,2396487.2361583943,0.7565248685392502,6.751063038160842,6.793318925381011,1.0,4.6924474594317305,3646148.345867049,-0.16745446307739742,1.6213059345798808,1.6299306521163655,2.0,3.935220028505502,210294.14332185287,0.15703399353222253,4.354019165023749,4.356850073679238,2.0,2.173618700879632,1516599.727962426,-0.18783658319822336,1.812852189551268,1.8225574457745932,2.0,3.4040231989198966,262916.8024791217,4.0,HS_11_1,HS_11,healthy,gait_full,4.0,0.5
8.208122408640667,2.076773418978549,8.466773961138026,2.0,2.124610684118257,345039.97959174286,-0.09896214176955138,0.9477050294741154,0.9528579791312819,1.0,3.0444443685406606,71852.01792347535,5.438482749090895,1.6685840400636816,5.688696450937991,2.0,2.3019095124521165,222735.10892213607,-1.0490976167695458,0.9477050294741173,1.4137717752176546,1.0,3.0444443685406655,71852.01792347562,1.2348639063592772,2.0767734189785605,2.4161698410924664,2.0,2.124610684118234,345039.97959174693,6.525104589090875,1.6685840400636653,6.73506960597513,2.0,2.301909512452112,222735.10892213174,0.08257429257407443,0.29128889399713864,0.3027667973212801,1.25,2.341016708669779,6787.944212371641,-0.3590981817538254,0.36317903845810373,0.5107352720483052,2.0,2.4789537066500733,10551.921594815738,-0.06860350729487108,0.24737880056167552,0.2567152355831081,0.75,2.1494063672565935,4895.701824292865,9.743056085559529,2.9157378167076238,10.16998863825017,2.0,3.389929720957816,680125.1004532814,0.27395799472933097,1.3908193921625518,1.4175442019533382,3.0,7.861214070987707,154752.25185519058,2.0100035833884444,2.2312413486021314,3.0030904683252957,2.0,3.7857545865048916,398282.6612693552,-0.04527035944040003,2.91573781670762,2.9160892340980893,2.0,3.389929720957791,680125.1004532796,0.04582506472933339,1.3908193921625527,1.3915741152280967,3.0,7.861214070987719,154752.25185519079,0.010229255888460695,2.231241348602135,2.2312647967885626,2.0,3.785754586504879,398282.66126935644,0.005086601775135472,0.5705379945310067,0.5705606687470509,1.0,1.6452280670088857,26041.154029664638,0.08971238268035059,0.18653289304846396,0.20698510041840054,2.0,4.26913506609357,2783.5811881032982,-0.007033799782560738,0.3799497885263062,0.3800148893669378,3.0,2.936187814262238,11549.04045313184,11.476784192555867,8.4628013683711,14.259578619405413,1.0,3.686233224354129,5729528.458133733,1.796589754915044,3.801537541632978,4.204690527007975,1.0,5.4131881088324505,1156135.015560186,8.841802601638227,7.618600769258595,11.671356002096935,4.75,4.400411482458041,4643455.921208578,5.712361247555905,8.462801368371078,10.21029274913711,1.0,3.6862332243541243,5729528.458133702,-0.13642539508494414,3.801537541632977,3.803984696192794,1.0,5.413188108832424,1156135.0155601855,0.6166961066382821,7.618600769258588,7.643519593046803,4.75,4.4004114824580265,4643455.92120857,0.24882002495239877,1.26794864253095,1.292132023019858,2.0,4.1492661763477345,128615.50266658382,0.1448424111559867,4.478874293152427,4.48121571205082,2.0,2.374610999334051,1604834.7349622552,0.19128558956443129,1.6533871315333373,1.664415568148487,2.0,3.5405830916080507,218695.71512836395,10.70560469653601,8.472732519841859,13.652734827545713,1.0,4.432528571956392,5742981.851176644,-1.594527026239503,5.057947015010682,5.303333333297432,1.0,5.15784666637766,2046638.6712553278,9.045735011344568,5.986535198365675,10.847300381972286,3.75,4.624350428389516,2867093.6461542407,4.768380651536043,8.472732519841825,9.722378844229869,1.0,4.432528571956378,5742981.851176597,0.5808778987604839,5.057947015010672,5.091193095918064,1.0,5.157846666377615,2046638.6712553205,0.9745777863445988,5.9865351983656705,6.06534463513059,3.75,4.624350428389547,2867093.646154237,-0.025726638805848672,1.6100695670740457,1.6102750916418755,2.0,3.7329946081160905,207385.99348168875,0.08705728046381918,4.12924750615502,4.130165122264388,2.0,2.2710395616454764,1364064.0919083126,-0.1966211108188125,1.8465416177181697,1.856980292621561,2.0,3.234900632568013,272779.93457532325,4.0,HS_11_1,HS_11,healthy,gait_full,4.0,0.5
7.167888483295741,1.776207097128723,7.384682590393046,2.0,2.3505545300339605,252393.98436053147,0.12486418362969448,1.0392522999922817,1.0467265198669409,1.0,2.0980105905741304,86403.83824547859,6.840811623337032,1.8580635740938385,7.088660233877583,2.0,2.3777450573300376,276192.48536220007,-0.5794008113702982,1.039252299992281,1.1898532023975925,1.0,2.098010590574136,86403.83824547847,2.4608471167041968,1.7762070971287314,3.0349102431014057,2.0,2.350554530033967,252393.98436053388,7.775108883337018,1.858063574093835,7.994042681467279,2.0,2.3777450573300443,276192.48536219914,0.06644894464191665,0.2654268876412961,0.27361815533142125,3.0,2.8846918119345264,5636.18850586715,-0.30443718845377615,0.34083014816825624,0.4569980214552745,2.0,2.299176720561158,9293.220503260141,0.02018237694265726,0.19998644302561125,0.20100225305476443,1.0,2.1715474563655817,3199.5811657717977,9.796521364666374,2.8479421525252624,10.20208828390026,2.0,3.217944660449049,648862.9716388065,0.3037466148399389,1.4060009358118988,1.4384368729738046,8.75,6.636227018176095,158147.19228048302,1.8230516950810642,2.107829615072797,2.786837485235886,2.0,3.3157714337040463,355435.84169319057,-0.06784123533357189,2.847942152525269,2.8487500657905827,2.0,3.2179446604490116,648862.9716388097,0.07678283983994062,1.4060009358119,1.4080959612177804,8.75,6.636227018176089,158147.1922804833,0.2742362000810737,2.1078296150727955,2.125594312095522,2.0,3.3157714337040636,355435.84169319,0.04530663555343546,0.526262565525158,0.5282092190584078,1.0,1.9641370167264716,22156.183040927288,0.03760339791749754,0.22620874381248032,0.2293129113507611,2.0,2.9087808514617928,4093.652748425515,0.002904355960572044,0.3154669104562625,0.3154802796948888,3.0,2.654064076995046,7961.592582201169,10.196126864531106,8.318059861485859,13.158690014468577,1.0,4.155670850438936,5535260.834070586,2.1708224012099473,4.129030153547707,4.664907277374452,1.0,5.477423277546926,1363914.9729578358,9.617090161860187,6.616526035094667,11.67333885203516,1.0,4.0013737383492725,3502273.582912097,4.213402754531142,8.3180598614859,9.32431673803252,1.0,4.1556708504389235,5535260.83407064,0.019385581209953616,4.12903015354772,4.129075660443285,1.0,5.477423277546936,1363914.9729578441,1.4876236568602323,6.61652603509467,6.781698969840508,1.0,4.001373738349277,3502273.5829121,0.19544479321301833,1.230758199729702,1.2461799281789032,2.0,4.221626387798446,121181.4906310744,0.09013607847503845,4.278395495085495,4.279344871006626,2.0,2.1185364630033785,1464376.7606105153,0.18396490860071701,1.5408970462635234,1.5518398096389077,2.0,3.7927228903679766,189954.2910852635,10.095018353658931,8.285704506543563,13.059950027870205,1.0,3.5389272965832177,5492235.514115697,-2.02336846317163,5.079077673900541,5.4672707958608076,1.0,5.200674595699118,2063768.8670065887,8.770701904748684,6.415700029458915,10.866757509485582,1.0,4.654492125705859,3292899.493639884,4.196917853658964,8.285704506543563,9.288004018093321,1.0,3.538927296583227,5492235.514115697,0.16250582682836223,5.079077673900554,5.081676707669255,1.0,5.2006745956991205,2063768.8670065992,0.6775633597487336,6.415700029458919,6.451379617916865,1.0,4.6544921257058345,3292899.4936398896,-0.06288272820107373,1.2420992553679155,1.2436899925992573,2.0,3.912592030277957,123424.96692107311,0.042744065345323844,3.812319619716704,3.8125592373101775,2.0,2.222590110355964,1162702.8564058698,-0.09251598301440893,1.822022890303924,1.8243701981518408,2.0,3.607063989182194,265582.0234029719,4.0,HS_11_2,HS_11,healthy,gait_full,4.0,0.5
7.260165715386267,1.779259879183668,7.475009828257276,2.0,2.4589582140035366,253261.96934071198,0.005775206730990821,1.0599953220849043,1.0600110545907837,1.0,2.131673000914055,89887.24688102299,6.952836537058217,1.9391651973733446,7.218192126409194,2.0,2.5676741538666623,300829.9038119444,-0.6984897882690032,1.059995322084906,1.2694400604825582,1.0,2.131673000914051,89887.2468810233,2.368569884613665,1.7792598791836765,2.9624127018313127,2.0,2.4589582140035326,253261.96934071433,7.887133797058206,1.9391651973733435,8.12202198934488,2.0,2.567674153866646,300829.90381194407,-0.004490791269984879,0.28449386004274313,0.28452930184473174,1.75,2.4226205964740246,6474.946229704162,-0.34094393693782016,0.32741627293974856,0.472698830039187,2.0,2.778788050732091,8576.127354633403,0.0009112755161396802,0.2200948368089791,0.22009672331281413,1.0,2.200454716071604,3875.340199419249,9.920860029282297,3.054452610909385,10.38042120883841,2.0,3.4328923390646877,746376.3018670845,0.3462481126384846,1.5398494724607334,1.5782978658489377,3.0,7.741175743937939,189691.2031838833,2.003718844425796,2.34852976762286,3.0871477575454227,2.0,3.53700130530895,441247.4659276948,0.05649742928235255,3.0544526109093715,3.054975075480419,2.0,3.4328923390646318,746376.301867078,0.11928433763848784,1.5398494724607334,1.5444627386387317,3.0,7.741175743937917,189691.20318388328,0.45490334942580873,2.348529767622858,2.3921808306918386,2.0,3.5370013053089377,441247.4659276938,0.0714791758513052,0.5928553977183778,0.5971488886234301,1.0,1.782412721577415,28118.209574827826,0.02219759837503613,0.20340546996313597,0.20461309485109602,2.0,3.615341865868249,3309.9101657259534,-0.00034676674333382617,0.38456191937323564,0.3845620757162636,3.0,2.7202337036779705,11831.054532172364,10.7775960252675,8.6749721020456,13.835162342926493,1.0,4.457511406786289,6020452.575757215,1.9468480516706494,4.234568627976092,4.6606639871731925,1.0,6.047320874475136,1434540.3312614313,9.168975662992528,7.279728124607842,11.707457293398752,2.0,4.138457690520727,4239577.449765889,4.794871915267529,8.674972102045626,9.911908880487715,1.0,4.457511406786313,6020452.5757572455,-0.20458876832934103,4.2345686279760955,4.239507993761289,1.0,6.047320874475147,1434540.331261434,1.0395091579925635,7.27972812460784,7.35357197950471,2.0,4.138457690520716,4239577.449765889,0.19521971471923416,1.1163242670376732,1.133265461483874,2.0,4.522044139100733,99694.53256348654,-0.1897827052710833,4.360824411481128,4.3649521215002745,2.0,2.2395101683914347,1521344.0933357477,0.23578701544776348,1.5914387003978139,1.6088109440756697,2.0,3.5407883525564046,202615.2223375785,11.362229416070127,9.004329559456215,14.497524206522513,1.0,4.3177845651682825,6486236.0998500725,-1.7520568786678448,5.568942738066454,5.838049890669864,1.0,4.892530822902551,2481050.1956174765,8.820340309101734,6.975820857603507,11.24546485503116,1.0,4.419844300259757,3892966.1319887443,5.464128916070157,9.004329559456183,10.532552189603923,1.0,4.317784565168273,6486236.099850024,0.4338174113321562,5.56894273806647,5.585814243799931,1.0,4.892530822902523,2481050.195617491,0.7272017641017848,6.975820857603501,7.013622390968079,1.0,4.4198443002597125,3892966.1319887387,-0.07900706455435645,1.4893046469811502,1.4913988225049477,2.0,3.912888431599199,177442.27207971085,0.07711020419527442,4.307032314192889,4.307722523456309,2.0,2.2516576725983066,1484042.4027232868,-0.16020313666489114,1.9582808356081376,1.9648228612542593,2.0,3.380455562267255,306789.15338138764,4.0,HS_11_2,HS_11,healthy,gait_full,4.0,0.5
7.678719003720514,2.03375235441249,7.943479979025371,1.75,2.1561021343197946,330893.06513929396,-0.17796576227610406,1.1570852466922952,1.1706912832405838,1.0,2.473350791488518,107108.30955478817,6.406294278889213,2.2543664739739206,6.791375014436051,0.25,1.3886379781735232,406574.5089532034,-0.8822307572760999,1.1570852466922972,1.4550523623557108,1.0,2.4733507914885293,107108.30955478849,1.9500165962794376,2.0337523544124823,2.8175722466058537,1.75,2.1561021343197897,330893.0651392915,7.340591538889207,2.254366473973914,7.678961670681096,0.25,1.3886379781735303,406574.5089532011,0.7001976821389934,1.5204987038511704,1.6739752395080125,0.25,0.6349956070122899,184953.31002740204,-0.2952088476901068,0.3762799451953062,0.47826233482337216,2.0,2.802616017763344,11327.060993180196,0.4004117704229791,0.8591472386738661,0.9478731790773456,0.25,0.7293760370347796,59050.72047083119,10.046160206302137,2.537572266763901,10.361689432700532,1.75,3.692717142244852,515144.4776970864,0.3867239882355867,2.2259132468408045,2.259257671346544,10.5,7.305904248884283,396375.20325579797,1.6920115272216671,2.227056080431245,2.7969057534419672,2.0,3.8046937069477886,396784.0057521971,0.18179760630218256,2.537572266763889,2.544076134612804,1.75,3.6927171422448466,515144.4776970818,0.15976021323558615,2.2259132468408045,2.231639107964021,10.5,7.305904248884271,396375.2032557981,0.14319603222167593,2.2270560804312427,2.23165496639373,2.0,3.804693706947777,396784.0057521962,0.8556820624032936,1.4631968262260222,1.6950329625693592,0.25,0.6933517065761668,171275.6158564907,0.06756185067923731,0.26847508396118924,0.2768455785725522,1.0,4.141414441578255,5766.312440040612,0.1564712989401025,0.4672237358924225,0.49272841076324697,2.75,2.177871662349618,17463.843464032176,9.629410594638506,7.746720192531085,12.358690146674329,1.0,4.101591129553316,4800952.6342032645,2.424727803236582,3.74939375260613,4.465115724353668,1.0,5.316831029514062,1124637.8697219933,8.444641477663271,6.172522402298136,10.460019239616305,3.75,4.360741676879029,3048057.958210608,3.6466864846385296,7.746720192531125,8.562125674072695,1.0,4.101591129553349,4800952.634203315,0.273290983236592,3.7493937526061334,3.7593405636627715,1.0,5.3168310295140735,1124637.8697219954,0.3151749726633019,6.172522402298136,6.180563734018578,3.75,4.360741676879032,3048057.958210607,0.8505105946822812,2.0461976794575785,2.215918142685868,0.5,1.7800681890761052,334956.1747524461,-0.3242174462299634,3.6626462661898915,3.676968129270994,2.0,2.404226164024524,1073201.4432920723,0.5727349658999821,1.9623321226453063,2.0442046621437115,0.75,3.1822205393730196,308066.52502629155,10.299883632759993,7.94072905844371,13.00549041089991,1.0,4.242424567169659,5044414.262404809,-3.1524018554089706,5.827009806328692,6.625079678089666,0.25,3.5185604020850443,2716323.5623660954,8.293988059795218,6.346154094558487,10.44336678125915,1.0,4.320804178236793,3221893.8446124718,4.401783132760033,7.94072905844368,9.079144933718295,1.0,4.242424567169643,5044414.262404771,-0.966527565408977,5.827009806328691,5.906624993830754,0.25,3.5185604020850123,2716323.5623660944,0.20084951479527224,6.346154094558464,6.349331643525534,1.0,4.320804178236732,3221893.844612448,0.4149155810383258,1.8616711769350136,1.907347506465188,1.25,3.2306869170639523,277265.56742518826,0.07824891259073154,3.7189166311954303,3.719739749243702,1.0,2.2684112761109767,1106427.2915739454,0.48699543723480526,2.489267524983996,2.5364576414415967,1.0,2.2579052997498406,495716.228055192,4.0,HS_11_2,HS_11,healthy,gait_full,4.0,0.5
7.570728908908252,2.1258739701118095,7.863540954873833,2.0,2.124725093462875,361547.9093079015,-0.02954237991124586,1.168508371889428,1.1688817593693992,1.0,2.1064061748354046,109233.00674768249,6.344358277513323,2.3502255224773294,6.765681189647918,2.0,1.6350262140218434,441887.324626114,-0.7338073749112398,1.1685083718894285,1.3798134216805575,1.0,2.1064061748354175,109233.00674768256,2.0580066910916988,2.1258739701118006,2.9588395829069736,2.0,2.124725093462881,361547.90930789855,7.278655537513311,2.3502255224773196,7.64868527527947,2.0,1.635026214021858,441887.3246261104,0.7614119958272151,1.4874155084570049,1.6709737048164444,0.25,0.6462273110225956,176992.3922572596,-0.2835694805936471,0.39538334342119175,0.4865589774930382,2.0,2.2991023247220044,12506.240355681364,0.4264864341735983,0.849540495137698,0.9505838897293157,0.25,0.7310758949847346,57737.532014708704,9.897691998816601,2.752338833680776,10.27325050599008,2.0,3.505121547997885,606030.6505663696,0.42017230749658935,2.252535718969636,2.2913886473536222,10.5,6.918801575236799,405913.4723648143,1.712956900513529,2.2769295193944172,2.84932086282093,2.0,3.845716299565086,414754.6272702402,0.03332939881665453,2.752338833680774,2.752540627168421,2.0,3.505121547997895,606030.6505663687,0.1932085324965885,2.2525357189696367,2.2608066485800027,10.5,6.918801575236791,405913.4723648146,0.16414140551353318,2.2769295193944195,2.2828382415961186,2.0,3.8457162995650984,414754.6272702409,0.8518473691552546,1.4739727885339247,1.7024217226278577,0.25,0.7304619217086882,173807.67803294008,0.036234935393257006,0.29472723808779117,0.2969463173939207,1.0,3.7698858831066553,6949.1388043914785,0.1614701971259478,0.4650392099282658,0.49227440653623067,0.25,2.1669849514539568,17300.97779192794,9.763577704964133,8.175559193988997,12.734489300136486,1.0,3.802452473619175,5347196.101278408,2.598912884839789,3.628453645457635,4.46318541405363,1.0,5.692637483149755,1053276.4817875826,8.468368735887722,6.421200375404285,10.627562434916708,1.25,4.259264139803764,3298555.562150217,3.7808535949641606,8.175559193989036,9.00747589732951,1.0,3.802452473619172,5347196.101278459,0.447476064839801,3.6284536454576415,3.6559418329398183,1.0,5.692637483149749,1053276.4817875861,0.3389022308877667,6.421200375404301,6.4301375555421085,1.25,4.259264139803763,3298555.562150235,0.8982663361291477,2.025065916867975,2.2153497191827785,0.5,1.60428254097251,328072.7633423185,-0.12849323317572775,3.8294080953491982,3.8315632412499636,2.0,2.947102245362663,1173180.5564218815,0.5150621530614723,1.9955184660162955,2.060917991994914,1.0,2.556937429094169,318569.95656388276,10.436712489051292,8.389639158143583,13.390706209269748,1.0,4.0181445580151225,5630884.769011392,-3.3127141459294642,5.828514130976663,6.704151847000173,1.0,4.165175750567222,2717733.315564729,8.34601625248394,6.543005331002965,10.6050415392048,4.75,4.2530882428839085,3424873.5009245398,4.53861198905134,8.389639158143586,9.538608074085902,1.0,4.018144558015138,5630884.769011396,-1.1268398559294814,5.828514130976648,5.9364421193089765,1.0,4.165175750567223,2717733.315564715,0.2528777074839807,6.543005331002941,6.547890186653657,4.75,4.25308824288388,3424873.500924514,0.4215065607611391,1.7536956968224737,1.8036397583271293,2.0,3.2860820422303996,246035.91998426398,0.06986917258377738,3.910195518237175,3.910819695680131,1.0,2.2312385962699874,1223170.3274080858,0.5055832433100428,2.4609944911270665,2.512390953110934,1.0,2.2479326099838857,484519.6314890995,4.0,HS_11_2,HS_11,healthy,gait_full,4.0,0.5
7.3061570654093115,1.9417639528959487,7.559786922473179,2.0,2.5832881889787176,301636.9552971876,0.09334812340830893,1.022863817624803,1.0271145318560337,1.0,1.9125231817872541,83700.03140376169,6.645705096147367,2.1322542026752216,6.979391392505884,2.0,2.3060407226535613,363720.7099976136,-0.6109168715916851,1.022863817624804,1.1914150466572762,1.0,1.9125231817872574,83700.03140376181,2.322578534590632,1.9417639528959538,3.0273450906871004,2.0,2.583288188978743,301636.95529718907,7.580002356147352,2.1322542026752087,7.874194797185646,2.0,2.3060407226535573,363720.70999760914,0.035955607130889265,0.19837189073154918,0.20160409895773587,3.0,2.70243096128589,3148.112593394029,-0.3483749282302908,0.430180281121672,0.5535523144973571,2.0,2.33140772641281,14804.523557762264,0.022996517101590896,0.2401693564198005,0.2412678170869562,1.0,1.9335996083194835,4614.505632508075,9.742575675443238,3.2597632826700047,10.273453044170777,2.0,3.242497445663911,850086.0253497034,0.41070650024750466,1.4259852062066007,1.4839520334787222,3.0,6.9760223009390785,162674.91352198133,1.957369720443554,2.342292908117642,3.0524796952522846,2.0,3.4733889505865547,438907.2691844974,-0.12178692455670151,3.259763282669993,3.2620375095998564,2.0,3.2424974456638975,850086.0253496978,0.18374272524750498,1.425985206206601,1.4377743902996265,3.0,6.9760223009390705,162674.91352198142,0.4085542254435609,2.3422929081176456,2.3776569606539137,2.0,3.473388950586571,438907.2691844989,0.07139859046068515,0.5850226034082225,0.589363389784526,1.0,1.778846160276706,27380.116347871495,-0.0024596522248327133,0.21926191221359959,0.21927570781240538,2.0,3.407154613484738,3846.0667361484816,-0.002551566358621078,0.39243717681427553,0.3924454716732522,3.0,2.824733674076962,12320.656541487362,10.991147861206837,9.075404311423869,14.253711612163428,1.0,3.593706087184632,6589041.150188469,1.8504897489805179,3.8007029969447768,4.227251539956782,1.0,6.496047802073243,1155631.5779504832,9.074889604340616,7.558843363441998,11.81057722230461,2.0,4.433690556445384,4570907.490778061,5.008423751206875,9.075404311423892,10.365677589403624,1.0,3.5937060871846067,6589041.150188506,-0.3009470710194648,3.8007029969447754,3.8125991673057102,1.0,6.4960478020732255,1155631.5779504825,0.9454230993406536,7.558843363442028,7.617738367115169,2.0,4.433690556445373,4570907.490778096,0.28594982907338184,1.2065653015798203,1.2399867465918735,2.0,4.338459220833768,116465.0791267887,0.1866081559839266,4.384819557426754,4.388788574888505,2.0,2.2619681983074287,1538139.9879585595,0.09134248831962061,1.6349143831701156,1.6374640424964877,2.0,3.217642199638062,213835.69387762505,11.404366873343967,9.168873545165054,14.63310718436289,1.0,4.02500928526237,6725493.7094386425,-1.7884017490531763,5.1508605770632085,5.452499014246623,1.0,4.982240163318397,2122516.1452265913,8.845265412548963,7.120343789058021,11.355087665571416,1.0,4.470879379952427,4055949.9707977185,5.506266373343997,9.16887354516504,10.69519571870689,1.0,4.025009285262394,6725493.709438622,0.3974725409468071,5.150860577063212,5.166173545783249,1.0,4.982240163318412,2122516.1452265936,0.7521268675490012,7.120343789058019,7.159957436973084,1.0,4.47087937995241,4055949.970797717,-0.08083607937839883,1.4188342137562482,1.4211351089374233,2.0,4.390620041805228,161047.45551940822,0.08027860760773553,4.5025762335871145,4.503291839765991,2.0,2.2267548168449074,1621857.2775780126,-0.12103939799156241,1.8408275811709196,1.8448026234439656,2.0,3.216300002594069,271092.05209384783,4.0,HS_11_2,HS_11,healthy,gait_full,4.0,0.5
7.768987879774233,1.8609210550741269,7.988754586873799,2.0,2.485527670371345,277042.4603312874,-0.006308254403895779,0.9809599908402856,0.980980273860284,1.0,2.4892446335337497,76982.65551333019,6.081211135904996,1.8884842752910165,6.3676920259601415,2.0,2.3370681426100153,285311.5837394465,-0.7105732494038918,0.9809599908402868,1.2112790126134363,1.0,2.489244633533751,76982.65551333036,1.8597477202257187,1.860921055074133,2.630910252384711,2.0,2.485527670371375,277042.46033128916,7.015508395904995,1.8884842752910076,7.26524128374515,2.0,2.337068142610011,285311.5837394438,0.036551159062374036,0.1825501110989846,0.18617338770902406,1.0,3.325799269368177,2665.9872808060622,-0.35913916741002994,0.41370395589596337,0.5478429562310158,2.0,2.552552390082638,13692.10885486687,0.017127902647756054,0.19506492239654039,0.1958154462719408,1.0,2.154867644460734,3044.026222386231,9.77284403656225,2.958791776048375,10.210922061057062,2.0,3.1697280691845187,700355.9048140894,0.28596215968805483,1.325726927906237,1.35621762418469,10.5,7.529103366904294,140604.32563846893,1.925707088810431,2.1308672868149503,2.8720973496580604,2.0,3.5029311310082276,363249.63803043216,-0.09151856343770107,2.958791776048371,2.960206820724723,2.0,3.1697280691845293,700355.9048140873,0.05899838468805449,1.3257269279062327,1.3270390713055502,10.5,7.529103366904276,140604.3256384681,0.3768915938104388,2.1308672868149525,2.1639414658218206,2.0,3.502931131008246,363249.6380304329,0.021061196516805655,0.5271756437843289,0.5275961840253787,1.0,1.9330190186214993,22233.380621343782,0.027068310733262466,0.18511698400831866,0.1870855184515588,2.0,4.217863743978114,2741.469660354548,-0.014926785633050176,0.3811904554002924,0.38148259752918917,2.75,2.7876467276395553,11624.52889439594,11.171212009458777,8.569535037007409,14.079520890668604,1.0,3.8463171292797287,5874990.758847056,1.7589354420311707,3.7111032132973705,4.106840750379719,1.0,6.484694834662092,1101807.562856249,8.909689931165193,7.520565323461736,11.65939438624329,1.0,4.432018189084561,4524721.250145937,5.188487899458811,8.569535037007425,10.017850938865498,1.0,3.8463171292797367,5874990.758847077,-0.3925013779688163,3.711103213297367,3.731801762078669,1.0,6.4846948346620925,1101807.5628562467,0.7802234261652246,7.5205653234617715,7.560929266908444,1.0,4.432018189084573,4524721.250145979,0.24310469906037482,1.2469502300176531,1.2704270033521459,2.0,4.093678430665855,124391.20731983433,0.27051462330332077,4.313990000125754,4.3224631730768905,2.0,2.24953058337679,1488849.4121884,0.09784485515081431,1.6434315319015371,1.6463416461135023,2.0,3.435372574688668,216070.97373702866,10.784348699352256,8.341806616900174,13.634071824036289,1.0,3.9583249665254194,5566891.521698478,-1.5943441637036753,4.579632960712247,4.849223790172814,1.0,4.663608662236491,1677890.9492018623,8.842246661273235,6.26976514162922,10.839524018608314,1.0,4.7155415067726,3144842.9550187797,4.8862481993522575,8.34180661690015,9.66753117912905,1.0,3.9583249665254416,5566891.521698445,0.5915301262963122,4.579632960712259,4.617677548850533,1.0,4.663608662236515,1677890.9492018712,0.7491081162732814,6.269765141629218,6.314358075137595,1.0,4.715541506772604,3144842.9550187774,-0.08738943321575185,1.3546101975196458,1.3574261306833548,2.0,3.928224650591147,146797.98922670112,0.07523757045076708,4.1814261747800625,4.1821030053243735,1.0,2.1927913208622942,1398747.1850744088,-0.04748361847832487,1.8992193417357102,1.8998128334251296,2.0,3.081162663523034,288563.60310460144,4.0,HS_11_2,HS_11,healthy,gait_full,4.0,0.5
7.056978433860017,1.8301716003561481,7.290437072131928,2.0,2.3244643160000837,267962.70869433973,0.2751707970299245,0.9255468854267522,0.9655858349526704,1.0,2.1581788588242947,68530.9633582638,7.019494076278482,1.9241950068227236,7.278449251811144,2.0,2.425779338870559,296203.19783690886,-0.26637903797007145,0.9255468854267529,0.963117245714676,1.0,2.1581788588243014,68530.9633582639,1.7926573111399313,1.8301716003561521,2.5618642278492523,2.0,2.324464316000089,267962.70869434084,5.037423731278498,1.9241950068227145,5.392417294009177,2.0,2.425779338870532,296203.19783690595,0.047258406098904776,0.18826610733969143,0.1941068883884578,3.0,3.1287902278565114,2835.5394154409883,-0.372084785439684,0.32711307450297283,0.4954291584742294,2.0,2.5202338658780916,8560.250243080858,-0.0020278915645424965,0.1944195126926007,0.19443008836038178,1.0,2.0428811840995134,3023.922165341811,9.844204400723877,2.9019256432045224,10.263017720043132,2.0,3.0547163504915735,673694.9655775155,0.19410525530219425,1.3236097988643163,1.3377667023011022,10.5,7.001580693344363,140155.437899327,1.7876681047365581,2.097095706279822,2.7556428749004587,2.0,3.1214223531590055,351825.1330436657,-0.00462588927607471,2.901925643204524,2.901929330211124,2.0,3.0547163504915797,673694.9655775162,-0.12411055469780402,1.3236097988643152,1.3294157850112318,10.5,7.001580693344367,140155.4378993268,0.1544845297365706,2.0970957062798212,2.102778131716514,2.0,3.1214223531590077,351825.13304366526,0.007665418912935365,0.4992912971839225,0.4993501357671938,1.0,1.8628758055492483,19943.379689590325,0.018052553187148865,0.21956599534506108,0.22030687912192443,2.0,3.0766483484964495,3856.7457929913203,0.013150181158308969,0.35063879594497893,0.35088529819050684,2.75,2.4544161759584044,9835.81234697742,10.035113312305809,8.408111525874137,13.091976116016816,1.0,4.271265441035613,5655750.753074247,2.2080604790360603,4.017857887174777,4.584617004790425,1.0,6.209618577584631,1291454.621826465,9.55824245263405,6.4088741634084645,11.507982743545469,1.0,4.038246512100026,3285895.7538689943,3.986113047305851,8.408111525874144,9.30512958842807,1.0,4.271265441035602,5655750.753074256,0.269677339036065,4.017857887174772,4.026898045483906,1.0,6.209618577584643,1291454.621826462,1.528781527634102,6.408874163408486,6.588690385929519,1.0,4.038246512099998,3285895.7538690157,0.24229035551458825,1.2312903686224346,1.2549026210179643,2.0,4.363038347887297,121286.23751211318,0.014295745387993363,4.361470432018917,4.361493860790301,2.0,2.174178530195235,1521799.2934819525,0.16642259757421698,1.626145921522311,1.6346397276057485,2.0,3.2806930302548496,211549.29764660486,10.212638367884853,8.192302637547401,13.092433117582075,1.0,3.4349383136091727,5369108.54505887,-2.2024048323058567,4.662350796685394,5.156365192334336,1.0,5.161979023774031,1739010.1602363023,8.634243679804705,6.555719257015301,10.84101558430061,1.0,4.617549435693607,3438197.7462139274,4.22785146788488,8.192302637547382,9.218923502213377,1.0,3.434938313609171,5369108.5450588465,-0.14306904230587306,4.662350796685399,4.664545390734161,1.0,5.161979023774052,1739010.160236307,0.5864632448047452,6.555719257015305,6.5818989747874594,1.0,4.617549435693601,3438197.746213932,-0.13358420686932043,1.1880701653845296,1.195556547471398,2.0,4.787727009560821,112920.98077127998,0.07179761340668923,3.97043479543556,3.9710839026764866,2.0,2.254977288832668,1261149.2157487792,-0.13703635289130128,1.7457242481157484,1.7510945469828418,2.0,3.489867965776825,243804.97258625674,4.0,HS_11_3,HS_11,healthy,gait_full,4.0,0.5
7.199110588539687,1.8112971227981405,7.423475636996531,2.0,2.4508564182035077,262465.1421439969,0.12490778265017882,0.9930879772883398,1.0009124261398847,1.0,1.9670134211507326,78898.13352622083,7.005572470383566,1.9975632469052007,7.284799555456727,2.0,2.49096269805163,319221.8364497467,-0.41664205234981966,0.9930879772883405,1.0769467630393423,1.0,1.967013421150733,78898.13352622093,1.6505251564602572,1.811297122798154,2.4505163862265906,2.0,2.450856418203533,262465.14214400086,5.023502125383588,1.9975632469052027,5.406092168019325,2.0,2.4909626980516113,319221.8364497474,4.6669345617331714e-05,0.20875522569876723,0.2087552309154697,2.75,2.4867018823253546,3486.3000288499134,-0.3560205763679194,0.3984224624771048,0.5343136807191685,2.0,2.0161565872171523,12699.264312214467,0.016500449192537844,0.21913762686679666,0.21975796761975872,1.0,2.1579527236037848,3841.705213302184,9.965188815385142,3.0505495291177174,10.42165248681213,2.0,3.253629452975879,744470.9657945757,0.2585086940524723,1.2990655606147925,1.324536928770255,10.5,7.336138859230309,135005.74149917337,1.8535315373694243,2.2573383140818835,2.9208141714674527,2.0,3.379581491755988,407646.18048675254,0.11635852538519288,3.0505495291177196,3.052767881125284,2.0,3.2536294529758663,744470.9657945767,-0.05970711594752678,1.2990655606147912,1.300436953669878,10.5,7.336138859230321,135005.74149917308,0.2203479623694372,2.2573383140818883,2.2680673466064505,2.0,3.3795814917559994,407646.1804867544,0.05064491557546541,0.5532682888236128,0.5555814133783227,1.0,1.6653576032774928,24488.482813244114,0.01730270568638234,0.19726355166868673,0.19802093940039323,2.0,3.8198699563876284,3113.0502871233775,0.007123781295762386,0.38809878471295506,0.388164159803069,3.0,2.5138959410028736,12049.681421370755,10.623355039610017,8.63426949897211,13.689641415263134,1.0,4.554593637353381,5964116.272155582,2.0105578999229734,4.079037322328101,4.547624494820156,1.0,6.676340119227875,1331095.3007775168,9.138023713869822,7.1841163819518155,11.623898037434587,1.0,4.392686803658055,4128970.100618382,4.574354774610067,8.634269498972115,9.771147905178701,1.0,4.554593637353373,5964116.272155592,0.07217475992298361,4.079037322328108,4.079675804879059,1.0,6.676340119227896,1331095.3007775208,1.108562788869868,7.1841163819518385,7.269142978804016,1.0,4.392686803658019,4128970.10061841,0.1923181949201681,1.1377477617697072,1.1538874544379663,2.0,4.46891750839733,103557.65293709557,-0.27783676271419033,4.42958201272133,4.4382868400025535,2.0,2.2870932642089548,1569697.754308987,0.22047729456022394,1.6254676077406573,1.6403521515914599,2.0,3.4675318751882243,211373.53791414757,11.383206790903069,8.841111893160496,14.413280554816302,1.0,4.132722684030592,6253220.812977655,-1.9110750785451227,5.270921954224938,5.606676930532621,1.0,5.157041929504323,2222609.6388238003,8.665066010547578,6.965183257110038,11.117425366166076,1.0,4.36626988252958,3881102.245660657,5.398419890903085,8.841111893160463,10.358966976773381,1.0,4.132722684030601,6253220.812977607,0.148260711454863,5.2709219542249395,5.2730066836759795,1.0,5.15704192950432,2222609.6388238007,0.6172855755476199,6.965183257110044,6.992483055889748,1.0,4.3662698825295845,3881102.245660664,-0.1285840558349112,1.1412229723892782,1.1484440483210205,2.0,4.379147820550022,104191.19442728827,0.05402978126529947,4.431956209625844,4.432285534721862,2.0,2.28752394202121,1571379.099573548,-0.12873371007376117,1.9837648399735368,1.9879374508330454,2.0,3.351867123453994,314825.862777983,4.0,HS_11_3,HS_11,healthy,gait_full,4.0,0.5
7.509151399133417,1.9671219685208055,7.762533321934567,1.75,2.270588077151941,309565.8198300253,-0.09721285505854466,1.2266903469354018,1.2305362840863856,0.25,1.723723364301053,120381.60724277093,6.584549903666864,2.041616062186254,6.8938010980341025,2.0,1.8430694407303374,333457.49412437406,-0.638762690058543,1.2266903469354034,1.383035423073222,0.25,1.7237233643010414,120381.60724277125,1.3404843458665323,1.9671219685208037,2.3804342294107577,1.75,2.270588077151958,309565.81983002473,4.602479558666884,2.041616062186257,5.034979069799936,2.0,1.8430694407303352,333457.49412437505,0.7003168416701964,1.3900093248562908,1.5564606008230213,0.25,0.5814749686772989,154570.07420677107,-0.3084793694396681,0.44072857142321636,0.5379602169665006,1.0,1.994306081999849,15539.344684979105,0.4034772463471015,0.8931676685906522,0.9800726363568676,0.25,0.7880669812250692,63819.884706962206,9.960901776432786,2.5699282943278665,10.287083922945744,1.75,3.4458435548385475,528362.6239521122,0.4528198477334716,1.7892586158500616,1.845668499188043,0.75,5.590928382183169,256115.8599466236,1.7437847935974384,2.0880363685009313,2.7204193210908163,2.0,4.442559319004727,348798.7335601603,0.11207148643283543,2.569928294327874,2.572370785104325,1.75,3.4458435548385458,528362.6239521154,0.13460403773347165,1.7892586158500627,1.7943145324518321,0.75,5.5909283821831846,256115.85994662394,0.11060121859744967,2.088036368500934,2.090963535248238,2.0,4.442559319004722,348798.7335601613,0.7805288129381809,1.3211930984195441,1.5345280809219888,0.25,0.640293932710056,139644.25268568058,0.0904967123608294,0.2948325339871221,0.3084086218726484,0.25,4.255879947220922,6954.157289003936,0.18778487348709094,0.4344299515513606,0.4732785031199709,0.25,1.914384099909222,15098.365027787544,9.587631175455602,7.5261311603677985,12.188737498183611,1.0,3.754353615343043,4531419.447693455,2.3193064111196198,3.598305094014927,4.2810024268008,3.75,5.255528510506668,1035824.5041606136,8.2457620544808,5.913851138637812,10.147227559736853,3.75,4.0250865011976575,2797891.283946112,3.5386309104556393,7.5261311603677905,8.316523249741513,1.0,3.7543536153430384,4531419.447693446,0.3809232711196328,3.598305094014926,3.6184115421126775,3.75,5.255528510506689,1035824.5041606132,0.21630112948084684,5.913851138637812,5.917805460521867,3.75,4.0250865011976495,2797891.2839461127,0.821584246179893,1.8915854501016467,2.0623036121306755,1.0,1.4120801817944078,286247.64126490743,-0.16287959242752706,3.5986576170122775,3.6023417947371184,1.75,2.8339153768270258,1036055.6401378058,0.48881133761725126,1.991129062984291,2.05025156242932,0.75,2.7248758173835075,317170.7434770078,10.476436726531665,8.019343496413395,13.193392156624821,1.0,4.330295994794991,5144794.763745667,-3.2493795660431863,5.1907902037265465,6.12395056342901,1.25,3.7511640114878197,2155544.3853272432,8.28337211920203,6.232474930632708,10.366194934793512,1.0,4.04402839842091,3107499.5872890935,4.49164982653169,8.019343496413375,9.191560709566666,1.0,4.330295994794998,5144794.763745641,-1.190043776043204,5.190790203726552,5.325458396044673,1.25,3.7511640114877967,2155544.385327247,0.2355916842020792,6.232474930632715,6.23692610206586,1.0,4.0440283984209024,3107499.5872891005,0.3352316101637489,1.665516327163074,1.6989187351076436,2.25,2.737213831660764,221915.79956438267,0.04653043094478935,3.892271512629053,3.8925496283319965,1.0,2.303655682158179,1211982.2026566595,0.5195444948031808,2.415381027310886,2.4706258294557033,1.0,2.2360356865013298,466725.5116909599,4.0,HS_11_3,HS_11,healthy,gait_full,4.0,0.5
7.412504979958984,2.212302435210576,7.735600309139257,2.0,2.605203634818062,391547.1619005818,0.009756309946367416,1.1298086678045072,1.1298507916667426,0.25,2.240174039320696,102117.56154520312,6.541698669575449,2.2236990248940693,6.909316814044644,2.0,2.0868044974731443,395590.5003987324,-0.5317935250536308,1.1298086678045076,1.2487081240767046,0.25,2.2401740393206717,102117.56154520318,1.4371307650409662,2.2123024352105625,2.638110479238089,2.0,2.6052036348180754,391547.161900577,4.559628324575473,2.223699024894075,5.072972285710399,2.0,2.0868044974731323,395590.50039873447,0.7092194263780986,1.3821638250192991,1.5535021834371714,0.25,0.588102836882755,152830.19779591786,-0.32646771774149674,0.4518915907039548,0.5574828970258121,2.25,2.43297516118616,16336.502259550474,0.42135749175506854,0.8810629316049866,0.9766340283373788,0.25,0.8248693725344879,62101.856626083085,9.814104108620404,3.002853922764493,10.263224207640697,2.0,3.8390650453482102,721383.0635602097,0.46369365101916243,2.00626130250053,2.0591493913523133,0.75,6.08348974004359,322007.52578431286,1.8646744620256785,2.228129826622603,2.905438585414605,1.75,3.8655186061869884,397165.8601141463,-0.03472618137955321,3.002853922764518,3.0030547096474054,2.0,3.8390650453482396,721383.0635602217,0.14547784101916533,2.0062613025005303,2.0115288255798673,0.75,6.083489740043593,322007.525784313,0.23149088702568402,2.228129826622601,2.2401228883838495,1.75,3.865518606187,397165.86011414585,0.8188360885325889,1.3125798823931252,1.5470483145482237,0.25,0.7112232906865379,137829.34403077784,0.04722539620061211,0.33053315740144906,0.33388981144694413,0.25,3.9042477128483495,8740.173695802041,0.17977114416258339,0.4271138214802229,0.4634046620103903,0.25,2.1582443328119694,14594.296465625312,9.974511173504029,7.800354178511385,12.662400975351268,1.0,3.354494432051467,4867645.242381266,2.37465243069634,3.610037500835478,4.32103516811082,1.0,5.048543945121706,1042594.4873791864,8.449606377702757,6.257649875676341,10.514467647230992,4.0,4.123961484503996,3132658.0752208913,3.9255109085040556,7.800354178511359,8.732420122910026,1.0,3.3544944320514554,4867645.242381235,0.43626929069635095,3.6100375008354715,3.6363032947545944,1.0,5.048543945121711,1042594.4873791826,0.4201454527028068,6.257649875676327,6.271738528349121,4.0,4.1239614845040276,3132658.0752208782,0.9302931184594735,1.859495495965934,2.0792231207281833,1.0,1.4796715110729184,276618.1979729488,0.0901657951785759,3.717915743634575,3.719008920046579,2.0,2.6054482302163535,1105856.0827771733,0.46954743286038053,2.0360980928337375,2.089538282814402,1.0,2.4210096136357007,331656.1590389709,10.564745921186129,8.548007221243695,13.589786011326792,1.0,3.8920120703205767,5845477.208841982,-3.350784417876191,5.257819372630148,6.234775117860047,1.0,3.6548365131778393,2211575.5661250902,8.443049912486924,6.69979864959178,10.778329822835135,5.0,4.293041643745391,3590990.933984906,4.579959021186158,8.548007221243697,9.697651885388488,1.0,3.8920120703205896,5845477.208841986,-1.291448627876219,5.257819372630159,5.41410233682818,1.0,3.6548365131778415,2211575.5661250995,0.395269477486984,6.699798649591799,6.711448420788536,5.0,4.293041643745371,3590990.9339849274,0.28413960552310175,1.8106265427201043,1.8327858010769784,2.0,2.959012712871567,262269.94986041274,0.08213530904177818,4.028667974383443,4.02950516277299,1.0,2.3019071034259824,1298416.021499338,0.4991960912500805,2.431798454387725,2.482506890278833,1.0,2.2840701625793645,473092.2645380207,4.0,HS_11_3,HS_11,healthy,gait_full,4.0,0.5
6.969074994531067,2.0837928113396686,7.273939700051759,2.0,2.500907653189656,347376.1048000693,-0.04614228768586138,1.1497664124417633,1.1506919283162145,1.0,2.2214888497691536,105757.07494063755,7.0043552044063855,2.318822101536224,7.378206270365967,2.0,2.4281673096655783,430154.8755974165,-0.587692122685859,1.1497664124417624,1.2912570751969614,1.0,2.221488849769151,105757.07494063738,1.880560750468881,2.083792811339667,2.8069024238108016,2.0,2.500907653189654,347376.1048000689,5.022284859406405,2.318822101536227,5.531752086599298,2.0,2.428167309665557,430154.8755974179,0.03499605514692676,0.20656066445583487,0.20950425288352204,1.0,2.747226075320295,3413.385184527757,-0.3887549468185813,0.42632104297619766,0.5769575724091252,2.0,2.559254788547147,14540.047801121671,0.010930927948532832,0.20390447171812873,0.20419725456642449,1.0,2.0603981856148272,3326.1636477804796,9.710545929333602,3.5492229192574807,10.338843531859837,2.0,3.3534994819839747,1007761.3818002199,0.31240005516197916,1.8521699597158263,1.8783310022833926,3.0,7.422626068990105,274443.0141237304,2.0496406155823057,2.4690773953679583,3.2089515168293885,2.0,4.094092092169902,487719.3840633787,-0.13828436066634575,3.549222919257501,3.5519158062920972,2.0,3.353499481983993,1007761.3818002314,-0.005815754838018474,1.8521699597158232,1.8521790903360427,3.0,7.422626068990097,274443.0141237295,0.41645704058231026,2.4690773953679557,2.5039528052596327,2.0,4.094092092169919,487719.38406337774,0.06658711690299579,0.5974621785445434,0.6011612919413933,1.0,2.077908162390872,28556.88808574124,-0.026950494304601735,0.24478915208608523,0.2462682645455702,2.0,4.114150628488255,4793.7596385341085,-0.007077495760000235,0.36685749370889403,0.366925757663051,3.0,2.7365252868029835,10766.801226953758,11.732243450948715,9.147646852682636,14.87699496987626,1.0,3.834032380205531,6694367.86167715,1.9614236008749684,3.727588072602447,4.212136676447876,1.0,5.449180710960977,1111594.1695345293,9.150967651980912,7.868566142336084,12.06874235800561,2.0,4.261706645940871,4953148.646645175,5.683243185948745,9.147646852682605,10.769340557899858,1.0,3.834032380205531,6694367.861677107,0.023040460874980562,3.72758807260245,3.7276592792053003,1.0,5.449180710960965,1111594.1695345312,1.121506726980952,7.868566142336072,7.948088479312563,2.0,4.261706645940893,4953148.64664516,0.3277834414714977,1.083695451840901,1.1321827665370787,2.0,4.071439154702796,93951.6704453218,0.12754652695231644,4.5953463917908435,4.597116115249073,2.0,2.2460467899768406,1689379.5568383134,0.1185116513695206,1.705889187628864,1.7100008573037022,2.0,3.0354379693452938,232804.97516018758,11.602218194837342,9.571172087491156,15.04057186974566,1.0,3.870272743931231,7328601.822602441,-1.9041095160537072,5.319941159370731,5.650434230065251,1.0,4.79868947104121,2264147.8834765013,8.973478793367178,7.33632773179706,11.59073018594364,4.0,4.3433887603302415,4305736.918988358,5.617431294837384,9.57117208749118,11.097876800568146,1.0,3.8702727439312374,7328601.822602478,0.1552262739462733,5.319941159370744,5.322205288721038,1.0,4.798689471041216,2264147.883476513,0.9256983583672312,7.336327731797073,7.394499444791283,4.0,4.34338876033023,4305736.918988375,-0.2187760589336196,1.3290042091111565,1.3468909205268618,2.0,4.36392950332603,141301.00458729573,0.1220394294967341,4.549213658220474,4.55085030851286,2.0,2.2164012141713934,1655628.3912183023,-0.12058876116886844,1.9929159410554131,1.9965609425792705,2.0,3.0348491013666394,317737.48529053445,4.0,HS_11_3,HS_11,healthy,gait_full,4.0,0.5
7.426059555004513,1.9255218676972292,7.671635743272359,2.0,2.2800888339047463,296612.0640588792,-0.1156305058873379,1.2022026658360265,1.207750662858444,1.0,2.338126815281891,115624.12143248042,6.653554414151361,2.1353555624728267,6.987812942563409,2.0,2.4991581007244674,364782.5412873174,-0.6571803408873343,1.2022026658360248,1.3701011824650167,1.0,2.3381268152818855,115624.12143248007,1.423576189995433,1.9255218676972343,2.394619725906842,2.0,2.280088833904766,296612.06405888073,4.671484069151369,2.1353555624728275,5.136390443348196,2.0,2.4991581007244466,364782.5412873178,0.06570916379835078,0.21903324415357953,0.22867718786866362,1.0,3.0693325918717744,3838.088906362435,-0.39445234072689606,0.37753470543957657,0.5460083359402814,2.0,2.482360627525897,11402.598551816238,-0.02702114648664172,0.191754255114347,0.193648745701878,1.0,2.795592208871765,2941.6529857986666,9.849636996511915,3.197919519989981,10.355773183079533,2.0,3.469148481994287,818142.3169494946,0.2494752137258133,1.8482605101130516,1.8650213927745969,10.75,7.3486317412236515,273285.4323570821,2.0359572227931335,2.3732939643781985,3.126922777172074,2.0,3.552415622577258,450602.4162301595,0.0008067065119691818,3.197919519989984,3.1979196217397914,2.0,3.469148481994299,818142.3169494962,-0.06874059627418609,1.8482605101130527,1.849538370193896,10.75,7.34863174122365,273285.43235708255,0.4027736477931426,2.373293964378198,2.4072288741851238,2.0,3.552415622577253,450602.4162301594,-0.04523815968865114,0.6075618953946809,0.609243750749725,1.0,1.889250572337942,29530.540902239598,0.02166109485752289,0.22921612383701317,0.2302373437505123,2.0,3.552302748507794,4203.204764297866,0.010315562979873768,0.40692289777991053,0.4070536273971665,3.0,2.9035501822709473,13247.010844676828,11.60736752620217,8.888105040097827,14.61948672464752,1.0,4.347499598058489,6319873.130401359,1.872863510227984,3.8632482330431044,4.293285995371629,1.0,5.722843641981272,1193977.493051752,8.815049099234717,7.437052813585416,11.533206196629692,1.0,4.207486172538942,4424783.260867713,5.558367261202204,8.888105040097788,10.483027130281414,1.0,4.34749959805849,6319873.130401303,-0.06551962977200416,3.8632482330431133,3.8638037905665183,1.0,5.722843641981288,1193977.4930517576,0.785588174234753,7.437052813585403,7.478429202149075,1.0,4.207486172538939,4424783.260867695,0.28885415053468094,1.2438466304802336,1.2769460287882737,2.0,4.200946139415593,123772.3576854291,0.11329912705807352,4.6423586728428035,4.643741028471648,2.0,2.328954761602869,1724126.5608391934,0.1261754096189108,1.7671014883564549,1.771600379358759,2.0,3.149918854011186,249812.15063214832,10.816387767069308,8.784020041638488,13.933888632378013,1.0,4.2433021501280965,6172731.820064194,-1.7273432923331893,4.683568129092051,4.991946040314866,1.0,4.81415089436745,1754864.8405206706,8.761682747922611,6.430639361023164,10.868312066129917,2.0,4.553980541484076,3308274.0527798943,4.831600867069354,8.78402004163852,10.02513715769378,1.0,4.243302150128088,6172731.82006424,0.33199249766679634,4.683568129092057,4.695319950584189,1.0,4.814150894367448,1754864.8405206755,0.713902312922664,6.430639361023161,6.470145215057905,2.0,4.553980541484045,3308274.052779892,-0.08189578693449186,1.3112340701048688,1.313789064698515,2.0,4.207966916820133,137546.96588892926,-0.05520620873080499,4.213542224519609,4.2139038673529425,2.0,2.42070350778787,1420324.3977121213,-0.2078323431701003,1.8955939594077393,1.9069532615695342,2.0,3.0276381908395913,287464.4689974612,4.0,HS_11_3,HS_11,healthy,gait_full,4.0,0.5
6.866317073473137,2.024713939216103,7.158615556734745,2.0,2.627244278203862,327957.4030943022,-0.34352961558562756,1.1999106430083248,1.2481178421884134,1.0,1.6956662480170936,115182.89558464929,7.15285159990054,2.173110012234417,7.475673423543405,2.0,2.3654539511645027,377792.59018814244,-1.0494223505856255,1.1999106430083262,1.5940742834364132,1.0,1.6956662480170828,115182.89558464951,2.3624167715268096,2.024713939216106,3.1113469009493553,2.0,2.627244278203888,327957.40309430315,7.547081574900542,2.1731100122344205,7.853715517096141,2.0,2.3654539511645614,377792.59018814366,0.048419107428836,0.23538131731377787,0.24030974700285163,1.0,2.3054418388769014,4432.3528826325,-0.4286465086120331,0.3809514486838139,0.5734647640436004,2.0,2.556497137903533,11609.920803814271,-0.021688623058557566,0.25259381450700646,0.25352323660243886,1.0,1.9873413359551457,5104.300539022798,9.762596704597765,3.2923649411328237,10.302813272219568,2.0,3.2830683286707165,867173.5750590418,0.2007316857884618,1.455056301016478,1.4688369714870448,3.0,7.4391234065394,169375.1223205308,1.975008856665878,2.3316789720920923,3.055713797593795,2.0,3.3050345354663877,434938.2233632938,-0.044008275402180656,3.292364941132829,3.292659052180236,2.0,3.283068328670696,867173.5750590443,-0.011849369211535893,1.455056301016478,1.455104548367047,3.0,7.439123406539401,169375.12232053082,-0.007763128334108749,2.3316789720920963,2.331691895396557,2.0,3.3050345354663926,434938.22336329555,0.04991842517706637,0.5575867286041224,0.5598167638501063,1.0,1.8123669628551147,24872.26369298004,0.05658333618414981,0.23054346373472587,0.23738568323412718,2.0,3.545336785282823,4252.050085718902,0.014730674772642803,0.3616939338136191,0.36199377693107937,3.0,2.6352989793471457,10465.809474289268,10.666204234291506,8.998570827140126,13.955005901062004,1.0,4.245041039953645,6478037.57155098,1.9983084605639914,4.226809504593915,4.675377556057595,1.0,5.650543874265254,1429283.9914325282,9.811863888151203,6.874708887522326,11.980579921180114,1.0,4.129537150687056,3780973.504835337,4.718321319291541,8.99857082714012,10.160552790234313,1.0,4.245041039953639,6478037.571550974,0.0037264705640077268,4.226809504593918,4.2268111472726515,1.0,5.650543874265274,1429283.99143253,1.7221301631512518,6.874708887522342,7.087125975105426,1.0,4.129537150687071,3780973.5048353556,0.25952971681799886,1.3296705943924034,1.3547618106159762,2.0,3.5288398509740193,141442.1766572364,0.10143197335747146,4.469073771925828,4.4702246950387785,2.0,2.09602296583096,1597810.3771920155,0.09946558237452541,1.656750994785711,1.6597340934018758,2.0,3.181472295432291,219587.70953701588,10.430062332614757,8.759099644448423,13.62013314338761,1.0,3.4064967768690577,6137750.078181431,-2.221829956859598,4.7860845055424255,5.276659288924386,1.0,4.704818278590063,1832535.2611898407,8.88314884178492,6.684932342106407,11.117493142064221,4.0,4.498297664559729,3575068.620537616,4.452304647614785,8.759099644448401,9.82572354875448,1.0,3.406496776869061,6137750.078181402,-0.03642799185961618,4.786084505542418,4.786223134454153,1.0,4.704818278590102,1832535.2611898351,0.8778737617849671,6.684932342106397,6.74232769599421,4.0,4.498297664559733,3575068.620537606,-0.09408069528950704,1.2010951829274417,1.204774176216299,2.0,4.358318644824319,115410.57633983444,0.018266243467777193,4.08936987515302,4.089410670433999,2.0,2.201025673748945,1337835.697546748,-0.06921505204681574,1.794413380410704,1.795747783856857,2.0,3.371969522559122,257594.15554880578,4.0,HS_11_4,HS_11,healthy,gait_full,4.0,0.5
7.0415752874229405,1.7909837798544077,7.265769431254135,2.0,2.7367163411679356,256610.61261840205,-0.2290939553604397,1.0719937288228114,1.096200070707043,1.0,2.3692685830841516,91934.03991671931,7.140561090655949,2.2422724203072355,7.484343544778001,2.0,2.572129235796096,402224.6823894633,-0.9349866903604334,1.0719937288228074,1.4224523421846453,1.0,2.36926858308416,91934.03991671864,2.1871585575770056,1.7909837798544066,2.8268861766409885,2.0,2.7367163411679427,256610.61261840176,7.534791065655945,2.242272420307231,7.861352428810141,2.0,2.57212923579613,402224.6823894622,0.07048307048593286,0.37443227599309803,0.3810083890552759,3.0,3.3273360279658646,11216.441504973463,-0.4699814892107982,0.42643535777816216,0.6346098916375231,2.0,2.422889969522049,14547.769634499069,0.027064934539623667,0.29109971795299455,0.29235518889519835,3.0,2.5789641920392374,6779.231414757644,9.894188897433805,3.368856693539652,10.451993559111546,2.0,3.5528170641140964,907937.1192908887,0.2832561114184361,1.6606030982184314,1.6845879835937767,9.75,8.191786288595175,220608.66757849502,2.002621190257337,2.4542474479054177,3.167620900173815,2.0,3.6344050316786665,481866.44448377675,0.08758391743386565,3.3688566935396556,3.3699950095215283,2.0,3.552817064114083,907937.119290891,0.07067505641843766,1.6606030982184308,1.6621063784885732,9.75,8.191786288595178,220608.66757849485,0.01984920525734698,2.454247447905421,2.4543277137537323,2.0,3.634405031678672,481866.4444837781,0.06236772906874817,0.7004053194438237,0.703176610201447,1.0,1.660287822989629,39245.44046111254,0.03802796204208339,0.2203828680095988,0.223639742463656,2.0,3.991905110827887,3885.5107780233798,0.004230653037360038,0.41240915677174805,0.41243085604050866,3.0,2.62021320472466,13606.505086883528,10.822961895833412,8.78572466282499,13.940066787846938,1.0,4.457416735152073,6175178.216901476,2.0355677192925623,4.226963768455847,4.691562494485646,1.0,6.615688575489812,1429416.2023526235,9.413861628009636,7.145467749789602,11.818565907697748,2.0,4.7369625463970655,4084752.682144194,4.8750789808334485,8.785724662825006,10.04765410035276,1.0,4.457416735152075,6175178.216901499,0.040985729292575004,4.226963768455849,4.22716246787891,1.0,6.615688575489841,1429416.2023526242,1.3241279030096846,7.145467749789604,7.267119378874419,2.0,4.73696254639708,4084752.682144196,0.23180147832437994,1.2243278870435172,1.2460781277054065,2.0,4.362526483466016,119918.4633571103,-0.16376478676294515,4.544348703866053,4.547298543939312,2.0,2.2873868901494956,1652090.99260343,0.22483880640060622,1.633852106419399,1.6492498884386064,2.0,3.0940446007656215,213557.9472488876,11.668538965415555,9.564196964220095,15.0873677345592,1.0,4.327465526239062,7317909.1377473455,-1.977848573887623,5.514810776671392,5.858756086723548,1.0,5.046076002145448,2433051.4153220933,8.815952510486442,7.140460834239882,11.34491954984547,1.0,4.455828948810884,4078894.684584809,5.6907812804155675,9.564196964220033,11.12918933040156,1.0,4.327465526239043,7317909.137747249,0.20755339111236382,5.514810776671381,5.51871509616623,1.0,5.0460760021454405,2433051.415322084,0.8106774304864994,7.140460834239882,7.186332779771188,1.0,4.455828948810908,4078894.684584809,-0.05546119245678713,1.4612134190608814,1.4622655709248988,2.0,4.075351994098949,170811.57630275734,0.07224625999162713,4.5349617446060515,4.535537183964336,2.0,2.258061487704026,1645271.0855468807,-0.14844114809014425,2.0153029416564734,2.0207624108478353,2.0,3.1186962957489603,324915.71886372706,4.0,HS_11_4,HS_11,healthy,gait_full,4.0,0.5
7.482091606927547,1.9523811291133664,7.732624838162888,1.75,1.929090770502302,304943.6603263604,0.0831114710320751,1.2834021108287124,1.2860903913398583,1.25,2.4111667847599976,131770.28911941478,6.615239070290174,2.4095628477031474,7.040410575678447,0.25,1.4335510221882801,464479.47632400406,-0.6227812639679181,1.28340211082871,1.4265263687815468,1.25,2.4111667847599993,131770.28911941432,1.7466422380724047,1.9523811291133681,2.619647148212249,1.75,1.929090770502298,304943.6603263609,7.009469045290171,2.40956284770315,7.412061077319345,0.25,1.4335510221882788,464479.476324005,0.702274185035875,1.3973121689966896,1.5638639098700486,0.25,0.5905213103931038,156198.5403386344,-0.37911718588424875,0.47584882135712137,0.60840935349463,2.0,2.8286509281718537,18114.93072098599,0.40054171234289937,0.727476268049379,0.8304549258699317,0.25,0.6759157548596665,42337.737740416924,10.053358594101912,2.7558373138868504,10.424234183968329,1.75,3.7919384643384375,607572.0838174308,0.5156542736080532,2.071670200373496,2.1348809683459664,10.5,7.027817039260182,343346.2028862524,1.7420091641745676,2.3544134170779834,2.928798126635737,1.75,3.960014538465536,443464.674061265,0.24675361410197472,2.755837313886853,2.766862238472218,1.75,3.7919384643384055,607572.0838174319,0.3030732186080558,2.071670200373496,2.093721756813213,10.5,7.027817039260168,343346.20288625226,-0.24076282082542064,2.3544134170779905,2.366691630611955,1.75,3.9600145384655416,443464.6740612678,0.856238993932666,1.5710278541534766,1.7892103658477114,0.25,0.730925141123038,197450.33300977264,0.10715804468987479,0.30805970252481396,0.3261650301019931,0.5,2.561059097296976,7592.069767041029,0.175554445568395,0.41987890860042965,0.45510181415405765,2.75,2.262618796514326,14103.866668585044,9.444393276185348,7.635077585835615,12.144586205259708,1.0,4.0403004652454255,4663600.8244886715,2.3586207490087236,4.101808411812422,4.731587903111344,1.0,5.874561505950885,1345996.9547832678,8.55430813464937,6.242772010312306,10.590013693818678,4.75,5.461063833242576,3117918.449070409,3.4965103611853885,7.635077585835598,8.397618379493435,1.0,4.040300465245427,4663600.824488653,0.3640387590087408,4.101808411812424,4.117931090399133,1.0,5.874561505950914,1345996.95478327,0.4645744096494221,6.242772010312298,6.260034485115857,4.75,5.461063833242557,3117918.4490704015,0.5265626071286389,1.6547046236374297,1.7364664035659303,1.0,2.6621901861015034,219043.80492926392,-0.0349810852118031,3.8511362208948507,3.851295089734214,1.75,2.0662257850889043,1186500.2209592983,0.7640559843903173,1.9637441163335758,2.1071479543965093,1.75,2.4237369472096497,308505.71379068034,10.61340166265235,8.610170720497488,13.666723626711118,1.0,4.522684701889845,5930803.252346976,-3.5045538999427395,6.187160106918552,7.110755812587593,1.25,3.6704466794767794,3062476.5343532097,8.21932169078839,6.554702348175338,10.512914530701742,1.0,3.9251965842827774,3437129.8333918275,4.635643977652382,8.610170720497466,9.778764488607784,1.0,4.522684701889823,5930803.252346948,-1.31915193494275,6.18716010691854,6.326224151585798,1.25,3.670446679476745,3062476.534353198,0.2140466107884344,6.554702348175341,6.558196308800564,1.0,3.925196584282817,3437129.83339183,0.6049827611331264,2.2633258972595254,2.3427864304016053,1.25,2.4710843827814784,409811.530397155,0.1647735806474784,4.031510116414298,4.034875977230306,1.75,2.2996808606824244,1300246.3195539624,0.24840669976227453,2.3919401728749494,2.4048042912261756,1.75,2.327587498376134,457710.28071296593,4.0,HS_11_4,HS_11,healthy,gait_full,4.0,0.5
7.595991639454144,2.1924831253296273,7.906078120124567,2.0,2.2551022550933473,384560.87295826175,0.12039554448274493,1.2896541401530242,1.295261706507659,1.0,2.1975506273563656,133056.74743512704,6.376082720783511,2.415992188092779,6.818463838372936,2.0,1.7006541958942065,466962.67097619514,-0.5854971905172471,1.289654140153021,1.4163385052018524,1.0,2.197550627356372,133056.7474351264,1.632742205545809,2.1924831253296304,2.7336476299307084,2.0,2.25510225509333,384560.87295826303,6.7703126957835025,2.4159921880927793,7.1884735689583374,2.0,1.70065419589423,466962.6709761955,0.6814774884062369,1.3771344928318674,1.5365256192305279,0.25,0.6812309986379589,151720.4690005194,-0.38044196487860577,0.451919988040781,0.5907349356788321,1.25,2.19828397386286,16338.540474922833,0.3597789884497542,0.7418134099437798,0.8244562181840506,0.25,0.7234048570821336,44023.052870622785,9.906136163744765,2.935598879312712,10.331954049204532,2.0,3.4357500028808032,689419.4196756782,0.5582925567034781,1.8946673670375707,1.9752101180855641,10.5,6.639601005289482,287183.7089340116,1.7955119410427107,2.3782861783659297,2.9799510527244206,1.75,3.8303904495658156,452503.2275540551,0.09953118374483384,2.9355988793127183,2.9372856920564834,2.0,3.435750002880773,689419.419675681,0.34571150170348053,1.89466736703757,1.9259493436036041,10.5,6.639601005289466,287183.7089340113,-0.18726004395727108,2.3782861783659364,2.385646971005838,1.75,3.83039044956581,452503.2275540575,0.8824466142656834,1.505224326690316,1.7448244326261835,0.25,0.6727333879710253,181256.09540632495,0.08396242237759105,0.3094401316066253,0.32062888737641615,0.25,2.429458659270262,7660.269598451015,0.17907483889971865,0.40049422971547893,0.43870653740553606,0.25,2.2097295670007315,12831.708954871532,9.642113493204278,7.827933929443312,12.41961763580352,1.0,3.485002811149488,4902124.184954341,2.332317440677867,3.8520092934951555,4.5030745320573144,1.0,5.099194825513462,1187041.3741843938,8.39942102362054,6.233538421456535,10.459793247660947,4.0,4.274344859956251,3108560.7421496627,3.694230578204325,7.827933929443277,8.655858661546475,1.0,3.4850028111494296,4902124.184954296,0.3377354506778874,3.852009293495157,3.8667868873029003,1.0,5.099194825513478,1187041.3741843947,0.30968729862059396,6.233538421456516,6.241226439947641,4.0,4.274344859956249,3108560.742149644,0.6028673152438896,1.5690408120521142,1.6808741980512798,0.75,2.461947057284674,196951.6433138058,0.20001563025220953,3.834364871801326,3.839578130791088,2.0,2.752055211575924,1176219.8899452828,0.6161199889182359,2.0758239539903416,2.1653288269232234,1.0,2.378055650209146,344727.12918268656,10.639574475445876,8.757510026077943,13.780222308635484,1.0,4.1559490939785935,6135528.967060496,-3.469091229254037,6.230106936659272,7.130836304326251,1.0,3.63443699022768,3105139.393868851,8.338578965256758,6.707795928770556,10.70170198528502,1.75,3.8773863154839026,3599563.733568471,4.66181679044591,8.757510026077975,9.921013942361924,1.0,4.155949093978624,6135528.967060543,-1.2836892642540563,6.230106936659245,6.360981887206625,1.0,3.6344369902276683,3105139.393868824,0.33330388525679694,6.707795928770561,6.716071597441333,1.75,3.877386315483903,3599563.7335684756,0.559384963405659,2.274285013872601,2.342068287136361,2.0,2.5425869247573267,413789.8813714335,0.1077856258336477,4.053867097130597,4.055299764793523,1.0,2.2485573789189353,1314707.190057816,0.29637118897954495,2.446076849945414,2.463965875878972,1.0,2.499756600646692,478663.57728573494,4.0,HS_11_4,HS_11,healthy,gait_full,4.0,0.5
7.371457692842969,1.9550781945642735,7.62631754284035,2.0,2.4303646407380173,305786.56431366183,-0.06227480986502058,0.9806999453898824,0.9826751929459921,1.0,2.1559912230026814,76941.8077537329,6.592782003707341,2.164744673328684,6.939084525289507,2.0,2.49892762206727,374891.30341570417,-0.7681675448650132,0.9806999453898786,1.2457342252148542,1.0,2.1559912230026925,76941.80775373231,1.85727615215698,1.9550781945642863,2.696628534342798,2.0,2.4303646407380137,305786.56431366596,6.987011978707337,2.1647446733286757,7.314674011280658,2.0,2.4989276220673067,374891.3034157012,0.05485797308050331,0.19975560846327511,0.2071513946924676,1.0,3.086598596747472,3192.218250701431,-0.45173032629307697,0.4485766266661296,0.636617057330397,2.0,2.8379618577639203,16098.088531474967,-9.95909939601114e-05,0.22631379538774687,0.22631381730060812,1.0,2.134098696717149,4097.436393939013,9.711640878770922,3.368276799487605,10.279166170277671,2.0,3.270543834628313,907623.7985757141,0.3280204901565938,1.4762680183771566,1.5122713724876855,10.75,7.537700278751708,174349.4044576643,1.9102693033017504,2.355402112231422,3.0326635028372664,2.0,3.7491540265492733,443834.07330984087,-0.09496410122901772,3.3682767994876124,3.3696152270680324,2.0,3.2705438346283193,907623.798575718,0.11543943515659487,1.4762680183771575,1.4807746368953287,10.75,7.5377002787517124,174349.40445766452,-0.07250268169823368,2.355402112231423,2.356517716707788,2.0,3.7491540265492764,443834.0733098413,0.056106240580476696,0.5489274792778686,0.5517873573564632,1.0,1.698657873903863,24105.711566932467,0.0216009397463497,0.22030987486814366,0.22136630629421122,2.0,3.967492753353939,3882.928626006455,-0.003937895628424515,0.38079935868587744,0.3808197192866408,3.0,2.743276360472305,11600.760228099594,11.126911928735531,8.753288076743981,14.157267434936214,1.0,3.551335641031093,6129614.879095635,1.9558285109957416,3.839155606605055,4.308640265344839,1.0,5.737176666556943,1179132.9637472916,8.916177968239317,7.171124566136181,11.442170122155938,2.0,4.339942748110493,4114018.151922506,5.17902901373557,8.753288076743967,10.170663384439726,1.0,3.551335641031064,6129614.879095615,-0.038753479004251384,3.8391556066050425,3.839351195692036,1.0,5.737176666556945,1179132.9637472841,0.8264442432393764,7.171124566136176,7.21858972585541,2.0,4.339942748110487,4114018.1519225007,0.29836489402335753,1.1458020757049037,1.1840118270841873,2.0,3.634761705049811,105029.01625867603,0.21066284270186364,4.452106480621519,4.457087720483788,2.0,2.28302791326142,1585712.0357094924,0.043570742190278955,1.7609799019970065,1.761518840322861,2.0,3.1107173676998254,248084.0185497892,11.4437688857994,9.486752564172974,14.864666848787191,1.0,3.9485785767668133,7199885.319626171,-1.7775273777024614,5.48575414868948,5.7665502823044585,1.0,5.277841059705097,2407479.894364101,8.843285205191483,7.111908205956746,11.348256762618366,1.0,4.510288800823311,4046349.3179727998,5.466011200799432,9.486752564172997,10.948778592204146,1.0,3.9485785767668387,7199885.319626208,0.4078745872975304,5.485754148689463,5.500896314131616,1.0,5.277841059705108,2407479.8943640855,0.8380101251915281,7.111908205956765,7.161110200232831,1.0,4.5102888008233,4046349.3179728203,-0.12325662446930559,1.5353114116502617,1.5402510594766967,2.0,4.265704657976164,188575.22640120643,0.04704288215422812,4.480394153473776,4.4806411152025305,2.0,2.223670499460559,1605916.9426993248,-0.07960406352865396,2.162157996609301,2.1636228897919847,2.0,3.4667775530230425,373995.2908930758,4.0,HS_11_4,HS_11,healthy,gait_full,4.0,0.5
7.571861461892309,1.6417453505215778,7.7478005778446,2.0,2.4363890409074016,215626.4803161831,0.17051793931418402,0.8881839622675406,0.9044042892740082,1.0,2.3839577551147357,63109.67449526338,6.4583150199894135,1.9600352942272408,6.749190414563612,2.0,2.44635245250576,307339.6929470179,-0.5353747956858111,0.8881839622675398,1.0370616773774308,1.0,2.3839577551147295,63109.674495263265,1.656872383107639,1.6417453505215893,2.332499494075839,2.0,2.436389040907414,215626.48031618615,6.852544994989421,1.9600352942272388,7.127349525803475,2.0,2.446352452505786,307339.6929470171,0.051330748964626235,0.14350703146808994,0.15241100311346564,2.5,3.809975759280807,1647.5475068636708,-0.44716552572345797,0.4365699464885999,0.6249402576027532,1.75,2.4226074964757625,15247.518152336714,-0.01421143414785494,0.19261188502650742,0.19313545276308886,1.0,2.151303494378539,2967.947116227597,9.811884597973114,2.9927441687719694,10.258147835923435,2.0,3.4703522534383,716521.483479547,0.19775364525741207,1.5929572364059015,1.6051851174336627,10.5,7.708520535778512,203004.10805243114,2.0479959727698747,2.2449136399385363,3.0387373620080615,2.0,3.6662256311324675,403171.99845414294,0.005279617973165056,2.9927441687719716,2.992748825759452,2.0,3.470352253438318,716521.483479548,-0.01482740974258883,1.5929572364059061,1.5930262424384654,10.5,7.70852053577851,203004.10805243233,0.0652239877698905,2.244913639938543,2.2458609528113547,2.0,3.666225631132461,403171.99845414533,-0.019580039016549908,0.5564828600183533,0.5568272186433559,1.0,1.961789372634148,24773.93646364891,0.05420007079716013,0.19594342951943325,0.20330143936099976,2.0,4.271348132007,3071.5189200022614,0.0037728118832789327,0.38301085641829186,0.38302943782923526,2.75,2.7140626536509918,11735.826468982243,11.016313252953449,8.71677517559906,14.047822861537579,1.0,4.428059438991089,6078594.759261176,2.231439237794741,4.027757160965504,4.60457911428166,1.0,5.762164050519509,1297832.8889889165,8.810422196522495,6.783548634618019,11.119355707917803,1.0,3.947516607804592,3681326.7627493413,5.068430337953478,8.716775175599071,10.08321156936754,1.0,4.428059438991103,6078594.75926119,0.23685724779474562,4.0277571609654865,4.034715492267288,1.0,5.762164050519492,1297832.8889889054,0.7206884715225408,6.78354863461803,6.821724411848785,1.0,3.947516607804584,3681326.762749354,0.2400209590285013,1.1693451818348088,1.1937245138863672,2.0,3.677427904748783,109389.45258274875,0.22140556683359514,4.329716992631607,4.335374223905912,2.0,2.3404508757884903,1499728.569341877,0.11467484296397334,1.7049154744056771,1.708767712264235,2.0,3.4542553923562123,232540.11883164337,10.379026435128043,8.273408372659857,13.27303566792032,1.0,3.7530461582677774,5475943.355460276,-1.705490093051584,4.614688764496304,4.919761056257257,1.0,5.095009129920705,1703631.6733397024,8.609263388904923,6.270126687383748,10.650535422004875,1.0,4.55789482506157,3145171.244934054,4.401268750128072,8.27340837265987,9.371256730644635,1.0,3.7530461582677983,5475943.3554602945,0.47991187194840706,4.614688764496305,4.6395762519874,1.0,5.095009129920707,1703631.6733397031,0.6039883089049687,6.2701266873837564,6.29914998655659,1.0,4.557894825061569,3145171.2449340634,-0.06042368938162263,1.4124384894986888,1.4137303522439575,2.0,4.085002306129975,159598.9034161235,-0.021878048995313985,4.038164576228098,4.0382238414594225,1.0,2.2490982918400744,1304543.8143258574,-0.12530926471877693,2.0079005039642523,2.0118068609198696,2.0,3.372763581159027,322534.6854215125,4.0,HS_11_4,HS_11,healthy,gait_full,4.0,0.5
6.865790735871944,2.092838074936523,7.1776774542110084,2.0,2.3177913147244538,350397.7637593941,0.06263726461982291,1.0982185486937635,1.10000336709216,1.0,2.0339746473389435,96486.86464516545,7.171619917910873,2.1198939544782953,7.478374330374855,2.0,2.4528285609242637,359516.05590339616,-0.6933776153801711,1.0982185486937612,1.2987903981032982,1.0,2.0339746473389457,96486.86464516504,0.49580788912801166,2.0928380749365108,2.1507665309897157,2.0,2.317791314724445,350397.76375939004,0.566402317910915,2.1198939544782975,2.1942565857183816,2.0,2.4528285609242664,359516.05590339686,0.006581126196475988,0.24432088288121218,0.2444095027487044,1.0,2.5408797840209085,4775.435343102827,-0.034384113931118454,0.3011767118145951,0.3031331044776862,2.0,2.498521525853702,7256.592972514006,-0.02119483105367936,0.20925031177165151,0.21032097812611886,1.0,2.11045126281012,3502.8578888393195,9.796473469096872,3.25137636454927,10.321934929782719,2.0,3.281814414975232,845715.9531557093,0.2143510806417387,1.4793628921825215,1.4948113434607444,3.0,7.060766209856,175082.0151601185,1.8432310516366608,2.3652099096539914,2.9986194534223634,2.0,3.361199649222019,447538.5872183902,-0.11745730090305495,3.251376364549273,3.2534972693219033,2.0,3.2818144149751998,845715.9531557112,-0.13127089435826034,1.479362892182524,1.4851756173841055,3.0,7.060766209856021,175082.0151601191,0.5722172116366628,2.3652099096539874,2.433444154694876,2.0,3.361199649222049,447538.58721838857,-0.023985719272585894,0.5626367403305462,0.5631477748325086,1.0,1.706472556228612,25324.824091582905,0.022109142337770445,0.2201979094018811,0.22130506880745146,2.0,3.8506667270793753,3879.033877619255,0.006988482260828559,0.36365163944031154,0.36371878388658496,3.0,2.5883276227903123,10579.412756425072,11.008901871669096,9.048530035950664,14.250326881568038,1.0,4.022671482905433,6550142.284748094,1.8256267508081634,4.22482602500222,4.602398067834032,1.0,5.684702256205073,1427939.7050732037,9.495724020544094,7.465054688085381,12.078734046680703,1.0,4.289787628787474,4458239.876428899,4.977674761669125,9.04853003595066,10.327300801490148,1.0,4.022671482905455,6550142.284748088,-0.0773313941918127,4.224826025002217,4.2255337042867955,1.0,5.684702256205088,1427939.705073202,1.4564360255441304,7.465054688085378,7.605803533658246,1.0,4.289787628787487,4458239.8764288975,0.2605416062127187,1.3479662926941836,1.3729148024577507,2.0,3.7379964527982703,145361.08101070687,0.08148144581461557,4.43760212822756,4.438350129773655,2.0,2.0341409045910726,1575385.2395793032,0.06259830875418905,1.772495577619935,1.7736006091961944,2.0,3.198846467887345,251339.51335413952,10.492972226115741,8.788630574077715,13.687311405299798,1.0,3.465339145897212,6179204.252095857,-2.221888882586619,4.944167589658733,5.42047814876085,1.0,4.780150975936592,1955590.1887879386,8.894729753491452,6.535809078845282,11.037799495495582,2.0,4.485562077646723,3417345.1613170756,4.463661891115797,8.788630574077773,9.857195587276031,1.0,3.465339145897214,6179204.25209594,-0.09345069758662933,4.944167589658733,4.945050675929546,1.0,4.780150975936571,1955590.1887879383,0.8820144084915015,6.535809078845292,6.595054945328595,2.0,4.485562077646708,3417345.1613170872,-0.03755006175612637,1.1605057737225237,1.1611131116222928,2.0,3.668103701774319,107741.90699516745,0.0174674551019531,4.11932426087793,4.119361294939453,2.0,2.2069742723587216,1357506.5976929348,-0.16024313322746014,1.7683241616087548,1.775569824669213,2.0,3.3768773835632544,250157.97648667148,4.0,HS_11_5,HS_11,healthy,gait_full,4.0,0.5
7.20721572905911,2.0569599335287725,7.49500118301123,2.0,2.5910943518479272,338488.78262495686,-0.034505726667853814,1.0115906474074576,1.0121789777974624,1.0,2.1217702137420784,81865.25234367201,6.8663751894701,2.1854814588275677,7.205791937701895,2.0,2.7424016666773574,382110.0661076002,-0.7905206066678491,1.011590647407457,1.2838373991626597,1.0,2.1217702137420846,81865.2523436719,0.15438289594084406,2.0569599335287694,2.0627453179444526,2.0,2.5910943518479215,338488.7826249559,0.2611575894701402,2.185481458827577,2.2010298710869347,2.0,2.74240166667738,382110.0661076036,0.025835475363826018,0.3693535604982819,0.3702560255283266,1.0,3.1671827065142564,10914.260587519633,-0.07544482821041186,0.33725030765382835,0.34558601261668626,2.0,2.6378599627126706,9099.037451732607,0.013225517557153808,0.2168734740730264,0.2172763633512818,3.0,2.735586817357078,3762.7981721969422,9.82055559828604,3.41732563221774,10.398145350765187,2.0,3.6039529932239103,934256.2356650792,0.29181585286534106,1.5860435902981338,1.6126657317340507,3.0,7.770168511143019,201243.2253603254,2.0464589769253223,2.407201486235577,3.159527391806092,2.0,3.6781417150216806,463570.08110382763,-0.09337517171390701,3.417325632217728,3.418601088062908,2.0,3.603952993223905,934256.2356650725,-0.05380612213465748,1.5860435902981342,1.5869560072998132,3.0,7.770168511143039,201243.22536032542,0.7754451369253306,2.4072014862355773,2.529018417433119,2.0,3.6781417150216953,463570.08110382775,-0.016989631016069925,0.6346146584843757,0.6348420373016449,1.0,1.5393750639021322,32218.863788827388,0.0058880411566885945,0.21187170781810227,0.21195350811539343,2.0,4.6274312610823785,3591.1723817746642,-0.001352426160776777,0.41990488814342986,0.41990706607922984,3.0,2.7149705344301225,14105.658301969639,10.80575638216107,8.316649078496892,13.635652638780364,1.0,4.134281389846206,5533381.62834449,2.038688170128013,4.060532920620987,4.543586364807728,1.0,5.746460633576449,1319041.7747100983,9.479819787671067,6.797361059451162,11.66495180355508,2.0,4.091609601768562,3696329.453295807,4.77452927216109,8.316649078496901,9.589722710568145,1.0,4.134281389846216,5533381.628344499,0.13573002512802165,4.060532920620991,4.062800787531686,1.0,5.746460633576467,1319041.774710101,1.4405317926711079,6.797361059451173,6.948327080545317,2.0,4.091609601768566,3696329.4532958195,0.22622818676123835,1.2612181349130824,1.2813470943967182,2.0,4.5216549833561706,127256.3822747922,-0.09939050390108947,4.5618183071380685,4.562900912753394,2.0,2.3447449205419684,1664825.9089650468,0.23032677283051142,1.6729516327832838,1.6887325388926375,2.0,3.3723473597214535,223903.60393172078,11.705246784608532,9.363690399005538,14.989713145254544,1.0,4.196143378572214,7014296.375508856,-1.9181635165015591,5.397958675618521,5.728639379444553,1.0,4.950606953210213,2331037.446444024,8.82313272588592,6.94938282471077,11.231277431484992,1.0,4.396952601604168,3863514.7972349655,5.675936449608578,9.363690399005566,10.949655358431345,1.0,4.196143378572189,7014296.375508895,0.2102746684984281,5.397958675618524,5.402052693180382,1.0,4.950606953210199,2331037.4464440267,0.8104173808859653,6.949382824710782,6.996477540564771,1.0,4.396952601604157,3863514.7972349776,0.004602770618842264,1.528676691042595,1.5286836203852998,2.0,3.8707839580442447,186948.2247912579,0.14408583990488322,4.547323976601943,4.549606145309724,2.0,2.2699133959070616,1654254.9537779097,-0.2252653169187824,1.9444523787212213,1.9574574110618947,2.0,3.2511334126241196,302471.71166890097,4.0,HS_11_5,HS_11,healthy,gait_full,4.0,0.5
7.642772496361922,1.9487154106690117,7.887297584275943,1.75,2.1819674565186267,303799.644590199,0.06625825444428263,0.9870977622804512,0.989319032759947,1.0,3.1934936751399676,77949.11011456461,6.5419261353842595,2.0309180298492517,6.849921576543077,0.25,1.9596490005293958,329972.8344109132,-0.6897566255557146,0.987097762280451,1.2042118562765771,1.0,3.19349367513997,77949.11011456461,-0.2811738713619678,1.9487154106690097,1.9688957559290852,1.75,2.181967456518628,303799.6445901984,-0.06329146461570734,2.0309180298492575,2.0319039971071446,0.25,1.9596490005294065,329972.8344109151,0.6456323063885919,1.2007730566610142,1.3633403862042992,0.25,0.5705281227646694,115348.47947259217,0.014139658654366317,0.497824389015883,0.4980251522221536,1.0,2.2022853268139535,19826.4202226156,0.4207864046836091,0.8352682808871391,0.935272312977731,0.25,0.7238940181579375,55813.849788933476,10.031932352224366,2.6909421959387148,10.386570012351978,2.0,3.689129972630806,579296.9644956919,0.3922371429595032,1.8298642519285093,1.8714307779885733,9.25,7.220175253654519,267874.6554560308,1.8221035440354267,2.268651100628299,2.909783349592965,1.75,3.6562719219631914,411743.54102233547,0.11800158222441538,2.690942195938703,2.6935282206226976,2.0,3.6891299726307913,579296.964495687,0.04661516795950783,1.8298642519285104,1.8304579083851615,9.25,7.220175253654501,267874.6554560312,0.5510897040354346,2.268651100628293,2.3346258111902705,1.75,3.6562719219631723,411743.5410223333,0.812472339314441,1.5356572598740637,1.7373412220847688,0.25,0.6502693515008726,188659.45937041083,0.035435547598830074,0.28359580052469674,0.2858010778651342,1.0,3.0522508527479175,6434.127433112223,0.16849541818687502,0.44250915154693565,0.4735029621372592,2.75,1.9543988430504027,15665.165689162555,9.163321941676147,7.186931035042195,11.64553333726095,1.0,4.4709729051180345,4132229.7069386463,2.119947994351557,3.5643131871911433,4.147108389605928,1.0,5.675495192857904,1016354.0868101569,8.887158532581939,5.797226104346382,10.610816051942427,3.75,4.4394106339627974,2688692.5351151535,3.1320948316761585,7.18693103504219,7.839770132922592,1.0,4.470972905118077,4132229.7069386397,0.2169898493515604,3.5643131871911478,3.5709120811224593,1.0,5.6754951928579045,1016354.0868101595,0.8478705375819888,5.797226104346398,5.8589004901444515,3.75,4.439410633962812,2688692.5351151684,0.6872558697543824,1.9710202336104996,2.087400630404676,1.0,2.0945677156958245,310794.2644349264,-0.02664753294022292,3.725042548601141,3.7251378605228402,2.0,2.376356670496796,1110082.7689783263,0.671246478117668,1.5883502029868828,1.7243631293071207,1.75,2.41568519498268,201828.58249521657,10.805101719770244,8.411757391819453,13.693351875761138,1.0,4.3032591211335784,5660613.074571437,-3.459805083384586,6.0628434215039935,6.980567424549961,1.25,3.4825623583577734,2940645.9276392255,8.020467077018704,6.278909418999708,10.185901807181544,1.0,3.894345857623765,3153976.5727059357,4.775791384770276,8.411757391819425,9.672944007367906,1.0,4.303259121133547,5660613.074571397,-1.331366898384602,6.062843421504002,6.20730280973859,1.25,3.4825623583577765,2940645.927639235,0.007751732018745798,6.2789094189997225,6.2789142040127235,1.0,3.8943458576237746,3153976.57270595,0.5603535239276423,2.131252080852274,2.2036858904833228,1.25,2.8244500731095017,363378.85052776465,0.21638799581944504,4.038576566406885,4.0443694746481285,1.0,2.2717041038034798,1304808.9220673873,0.23065032148109524,2.580904463766427,2.5911903484477556,1.75,2.3900529112276154,532885.4822133763,4.0,HS_11_5,HS_11,healthy,gait_full,4.0,0.5
7.640160782547553,2.167787216499191,7.941747805061234,2.0,2.2265537247778995,375944.39484063967,0.3592439293892694,0.9991772572529889,1.0617963044834202,1.0,3.151436402292478,79868.63382730572,6.5643754116310085,1.9698292902087582,6.853557614654604,2.0,1.9580452444325736,310418.3734403241,-0.39677095061072803,0.9991772572529879,1.0750731968848188,1.0,3.151436402292471,79868.63382730554,-0.2785621575475894,2.1677872164991827,2.1856116516057567,2.0,2.226553724777903,375944.3948406368,-0.04084218836895442,1.9698292902087544,1.970252653066375,2.0,1.9580452444325716,310418.3734403229,0.5989947891538148,1.190530402248061,1.3327255516835987,0.25,0.6685293492782196,113389.37291193916,0.061247837548298364,0.4575739229355117,0.46165484136412605,1.75,2.2532295934252606,16749.911609263174,0.4036204194944669,0.8445073710427975,0.936003281393023,0.25,0.7388590849400788,57055.4818974682,10.038563634129865,2.7742747155422656,10.414862458706391,2.0,3.411747061923584,615728.7095887004,0.45881723329134955,1.7991564023174145,1.8567382727689088,0.75,6.5320096828287815,258957.11469534156,1.8116838469947094,2.2481740294355976,2.887297149253994,2.0,3.586511296612078,404343.4621094182,0.12463286412990769,2.774274715542277,2.7770728381010112,2.0,3.4117470619235912,615728.7095887056,0.11319525829135318,1.7991564023174142,1.8027137672130282,0.75,6.532009682828751,258957.1146953415,0.5406700069947185,2.248174029435594,2.312273885830211,2.0,3.586511296612038,404343.4621094169,0.8130419556328864,1.5384326813851326,1.74006101524435,0.25,0.6681187552413658,189342.01178498866,0.028069705520043165,0.29240291560508147,0.2937471249601165,1.0,2.895091719888122,6839.996479234843,0.17566845587739832,0.4220021669391826,0.45710527812716745,0.25,1.904862440353701,14246.948322973645,9.720383238776954,7.893765517938427,12.52187623165513,1.0,4.176320213340196,4984967.205123619,2.102997942282727,3.7473583206708585,4.297126333812691,1.0,5.169639762888784,1123416.3420300807,8.796787490658174,6.608804052626943,11.002716081123717,2.0,4.121053561377583,3494103.295205189,3.68915612877699,7.8937655179384345,8.713289103127858,1.0,4.176320213340209,4984967.2051236285,0.2000397972827324,3.7473583206708594,3.7526937397019275,1.0,5.169639762888765,1123416.3420300814,0.7574994956582188,6.608804052626922,6.652074600599462,2.0,4.121053561377566,3494103.2952051666,0.697731686655168,1.9617206454449936,2.082108882197996,0.75,2.2771213138936734,307868.829122333,-0.008181379261877035,3.7478598303375588,3.7478687600854568,2.0,2.2327820475156313,1123716.4518358211,0.5549368859692206,1.7038025474566159,1.7918978955646077,1.0,2.6126279025799874,232236.43703031787,10.820524579825877,8.597363613969565,13.820217555936802,1.0,4.051987503931402,5913173.0224161465,-3.264490239685149,6.33617515944609,7.1276933278713175,1.0,3.720718168971279,3211769.27096526,8.15855421113804,6.587081411497115,10.485783153287553,1.0,3.904878034474394,3471171.341876615,4.791214244825918,8.597363613969584,9.842275908072832,1.0,4.051987503931384,5913173.022416171,-1.136052054685166,6.3361751594461,6.437214453638793,1.0,3.720718168971293,3211769.27096527,0.14583886613807556,6.5870814114971115,6.58869565973169,1.0,3.904878034474408,3471171.3418766097,0.521928326983847,2.0187592339148015,2.0851374110653795,2.0,2.5436770105269453,326031.1075917454,0.16383594680007796,4.06592496153434,4.069224497406342,1.0,2.228331877917005,1322539.663447711,0.2340289346248618,2.5240781527548592,2.5349043499619532,2.0,2.404003102254531,509677.6779017968,4.0,HS_11_5,HS_11,healthy,gait_full,4.0,0.5
7.409208954427483,2.204210236368504,7.730130664903414,2.0,2.4772144469631026,388684.88822125323,0.29527949280141164,0.8866583806829302,0.9345336071561766,1.0,2.1588300731563943,62893.06142550053,6.696274180431883,2.031016649965648,6.997507880092481,2.0,2.559505365075297,330003.5187712412,-0.4607353871985839,0.8866583806829288,0.9992197861593326,1.0,2.1588300731563863,62893.06142550032,-0.04761032942752089,2.204210236368501,2.2047243613612744,2.0,2.4772144469630977,388684.8882212523,0.09105658043192282,2.0310166499656455,2.0330567953890584,2.0,2.5595053650752657,330003.51877124043,-0.007811550276141827,0.17621178289066017,0.17638484273661909,1.0,3.147163545368812,2484.050480324815,-0.04592340791437698,0.28329349429252493,0.2869915735747987,2.0,3.1577140910883257,6420.424687081697,-0.011345308333127302,0.17911914224568898,0.1794780854032188,1.0,1.9956511132237853,2566.6943400650416,9.82586238074019,3.3189113292802292,10.371246016601377,2.0,3.2860744574130996,881218.7068488684,0.32941977694948305,1.5351002208454783,1.5700477946499856,6.75,6.764709540777636,188522.62424906244,2.0304208093905127,2.3277316643205155,3.0888417512534345,2.0,3.583316915468248,433467.389458696,-0.088068389259761,3.318911329280227,3.3200795853128966,2.0,3.2860744574130862,881218.7068488675,-0.01620219805051402,1.5351002208454758,1.535185721423143,6.75,6.764709540777607,188522.6242490618,0.7594069693905229,2.327731664320519,2.44847578020271,2.0,3.583316915468221,433467.3894586973,-0.015564912251801344,0.5602676496334216,0.5604838139671516,1.0,1.885385406791964,25112.00099583768,-0.008548309247515205,0.226027144614498,0.22618873467432973,2.0,4.065126472822145,4087.068229155395,0.007788765974609304,0.37278483142548774,0.37286618969321494,3.0,2.6793989618563345,11117.508552851057,11.451106036157878,8.481295508330318,14.249919401559975,1.0,3.53955587733734,5754589.921448708,1.8566672766989305,3.904008866806294,4.323019616942165,1.0,5.382711750903912,1219306.1420634468,9.152556307068103,7.490350642252768,11.826860940162804,2.0,4.378098901283688,4488448.756451122,5.419878926157928,8.481295508330323,10.065160757476004,1.0,3.539555877337333,5754589.921448717,-0.046290868301062674,3.9040088668062904,3.9042832987105585,1.0,5.3827117509039155,1219306.1420634445,1.1132683120681444,7.490350642252747,7.572629601304372,2.0,4.378098901283664,4488448.756451099,0.20546802102223488,1.3166473603929674,1.3325829727610068,2.0,4.162540169436762,138685.52295508244,-0.1389572349846505,4.505961177487092,4.508103286990598,2.0,2.256758691976239,1624296.4271368196,0.12963822178997644,1.6586343010107263,1.6636928241229532,2.0,3.160505152374781,220085.57109720894,11.517714476088202,9.192468914156564,14.736323540504477,1.0,3.753017001939825,6760118.981970324,-1.646637576850922,5.258187468187761,5.509986457343093,1.0,4.976097686128323,2211883.319730822,8.920548139524174,7.160059077801306,11.438646122123592,4.0,4.485219641782158,4101315.947097085,5.4884041410882345,9.192468914156596,10.706262875235682,1.0,3.75301700193983,6760118.981970372,0.48180060814906156,5.258187468187761,5.2802146998601875,1.0,4.976097686128344,2211883.319730821,0.9078327945242183,7.16005907780131,7.217382238763483,4.0,4.4852196417821535,4101315.947097089,-0.08073321801663155,1.3882758088766913,1.3906212906480155,2.0,3.8040136721312408,154184.77772184528,0.05559886923967904,4.409752772127128,4.410103257923064,2.0,2.1920339236628945,1555673.5644757028,-0.17498733056125906,1.9949189179699627,2.0025788511645186,2.0,3.3602763543376293,318376.11995813996,4.0,HS_11_5,HS_11,healthy,gait_full,4.0,0.5
7.647598674744713,1.8913964062018709,7.878016619387804,2.0,2.351720176614958,286190.6791104598,0.2716223905562272,0.7447504837843173,0.7927370346769818,1.0,2.692925450724805,44372.6064228031,6.2785985880167345,1.8753821527811902,6.552698562303622,2.0,2.194823559082328,281364.77243106684,-0.48439248944376745,0.7447504837843175,0.8884195894545016,1.0,2.6929254507247897,44372.606422803125,-0.28600004974474735,1.8913964062018662,1.9128973819437711,2.0,2.3517201766149607,286190.67911045835,-0.3266190119832343,1.875382152781187,1.9036118821753303,2.0,2.1948235590822827,281364.77243106585,0.004964840146441955,0.14194813832463787,0.14203493799593905,1.0,3.811009067023141,1611.9561634128947,-0.06970232259109385,0.29692451483260524,0.30499603486466986,3.75,3.0569406359259457,7053.135173162291,-0.021529213252322387,0.14783744430439782,0.14939684388138827,1.0,2.454992343057331,1748.4732454575903,9.711615884791913,2.8939143394682554,10.133618470118293,2.0,3.1091463078050845,669979.3935139062,0.18088316384421002,1.6728334311277302,1.6825844428321763,2.75,7.130664757831293,223869.767442113,2.045095449421165,2.1392345130349715,2.9595168016085207,2.0,3.4599352625558293,366105.9528724534,-0.20231488520802213,2.893914339468246,2.9009776829470217,2.0,3.1091463078050436,669979.393513902,-0.16473881115578365,1.6728334311277258,1.6809255082244365,2.75,7.1306647578312825,223869.76744211183,0.7740816094211718,2.139234513034967,2.2749783822718013,2.0,3.459935262555824,366105.95287245174,-0.04119799749616417,0.5240743816211674,0.5256911949703008,1.0,1.959921873653145,21972.355761086994,-0.0025535643679258603,0.19167092084459136,0.19168793021052405,1.0,4.486889318175909,2939.0255228834762,-0.012202018223388154,0.3727744092933512,0.37297406005341827,2.75,2.818395210978652,11116.866952369885,10.984689324912928,8.227845579967411,13.72446146311925,1.0,4.07374180340493,5415796.559436309,1.718385538941063,3.9780530914149717,4.33333073496104,1.0,6.41561228827955,1265992.5252768295,8.39580650267626,6.810747975570314,10.810913690207508,3.75,4.375520958376202,3710903.7830726127,4.9534622149129754,8.227845579967386,9.603865409425486,1.0,4.073741803404912,5415796.559436274,-0.18457260605892586,3.978053091414977,3.982332663781824,1.0,6.415612288279575,1265992.525276833,0.3565185076763004,6.810747975570321,6.820072831946221,3.75,4.375520958376185,3710903.7830726192,0.26113039567258267,1.358104968210156,1.3829816297482873,2.0,4.165725786746139,147555.93710613257,0.22464056274813465,4.2171142093443486,4.223093136207844,2.0,2.13446925488216,1422727.5113789046,0.09219108620130768,1.6084903681438534,1.6111301812040284,2.0,3.092497578183656,206979.39257013146,10.570250240643619,8.031015062832045,13.275066594532083,1.0,3.5859290349204276,5159779.443170426,-1.668029370274012,4.340468556897786,4.649945082849373,1.0,4.361438109121116,1507173.5596706704,8.36598301018602,6.247715616628025,10.441437743576259,1.0,4.436844755814882,3122718.198151847,4.540939905643648,8.031015062832063,9.225905818189476,1.0,3.5859290349204427,5159779.443170452,0.4604088147259705,4.34046855689778,4.3648188473401355,1.0,4.361438109121118,1507173.5596706665,0.35326766518607333,6.247715616628036,6.257695140347113,1.0,4.4368447558148905,3122718.1981518585,-0.09199349006792923,1.3398598522091265,1.3430142314125864,2.0,4.004840008287909,143618.44535338576,0.024763875164298118,4.0207788776733535,4.02085513698981,1.0,2.187949095183661,1293333.2242730323,-0.08758329836440534,2.0339690326489883,2.0358538405119977,2.0,3.0760476641548378,330962.5609676063,4.0,HS_11_5,HS_11,healthy,gait_full,4.0,0.5
9.111975105925906,1.8965236769016638,9.30724945341329,1.75,2.630055552180361,287744.16787180165,-0.9214647084284099,1.939613516491366,2.1473699733010743,1.0,1.5822212761792087,300971.04188627336,3.6993479923254937,1.3119363966428244,3.925092696632631,1.75,2.271969893228759,137694.2720515633,-0.6488917384284143,1.9396135164913695,2.0452777516896488,1.0,1.5822212761791974,300971.04188627435,0.28577829407403543,1.8965236769016585,1.9179341204568139,1.75,2.6300555521803353,287744.1678718,0.7101540023255167,1.3119363966428301,1.491809577612077,1.75,2.271969893228746,137694.27205156456,-0.006929768290903766,0.3347975783932022,0.33486928821036716,0.75,1.3104402622581308,8967.157730547466,0.04427959231591634,0.23259495329974555,0.2367722420305526,1.75,2.5041235167163785,4328.033081798459,0.03716376459790929,0.23463516200393936,0.23756010744168238,0.75,1.4427841670923396,4404.2952698819245,9.556694310540014,2.3643464436226123,9.844823017737736,1.75,3.408754919337183,447212.05095166364,0.632299716445491,1.680011458627689,1.7950602866024816,4.25,5.434937262210628,225795.11195475314,3.205708724850538,1.648684372873347,3.604820188295062,1.75,3.4462131381186345,217456.43438536618,0.09007560554005883,2.364346443622616,2.3660616475874674,1.75,3.408754919337215,447212.0509516649,-0.1375065585545053,1.6800114586276895,1.6856294239143552,4.25,5.434937262210627,225795.1119547533,-0.07082485014944365,1.648684372873346,1.6502049329569553,1.75,3.4462131381186314,217456.43438536586,0.014448448088813057,0.3373046917511139,0.33761399960530236,2.75,3.619341950734448,9101.97543043342,0.0009296917056069464,0.19878186321014718,0.19878403725642846,3.5,3.809809306222636,3161.1386786687453,-9.785127421189033e-05,0.32697823244652624,0.3269782470879774,2.5,2.727149944696488,8553.194780755532,8.627412980155102,7.918217624287049,11.710270068436454,1.75,3.8084388049066975,5015913.22039222,1.9256376411606901,3.228515167115104,3.7591741791711617,1.0,6.575992461682905,833865.0366920562,9.590226020339475,5.855629934225469,11.236584759071313,3.5,4.813598908581735,2743075.879425605,3.737452005155146,7.918217624287029,8.755953279706782,1.75,3.8084388049066566,5015913.220392195,0.1528405561606979,3.228515167115104,3.2321309410201464,1.0,6.5759924616828975,833865.036692056,0.7522100753395303,5.85562993422547,5.90374643121126,3.5,4.813598908581717,2743075.8794256058,-0.036337889339186476,0.9008761102270185,0.9016086779636663,1.75,4.480792179678527,64926.24117685976,-0.2552779305134835,3.6092868156034297,3.6183032127084087,1.75,2.2941551780886944,1042167.7315990309,0.056036873627409,1.6693562792497274,1.6702965360307815,1.75,2.3082357094028763,222941.73210125192,9.08014697397579,8.986694289275297,12.775356876341846,1.75,3.5145155516525493,6460854.017867829,-2.4960804324538004,3.2679002386538163,4.112127125354033,1.75,4.822511512668127,854334.103175625,9.437344514936463,6.606567488698537,11.519991557129277,3.5,4.633637009526134,3491738.7318309303,4.1658912739758,8.986694289275285,9.9053179835622,1.75,3.5145155516525532,6460854.017867814,-0.9572418124538098,3.267900238653819,3.4052142160668164,1.75,4.822511512668134,854334.1031756263,0.5403486049365157,6.60656748869852,6.62862810825778,3.5,4.63363700952613,3491738.7318309117,0.008217007604862265,0.6813882348331559,0.6814377783649966,1.75,4.346735925465196,37143.23207435565,0.06019333472712616,3.622991639298076,3.6234916387331895,1.75,2.0223742164502876,1050085.6614659196,0.13673260005948976,1.7209551289100644,1.7263783941074113,1.75,2.3757474961715883,236934.98306909943,4.0,HS_12_1,HS_12,healthy,gait_full,4.0,0.5
8.944893144829377,2.1401842779200764,9.197363867754275,1.75,2.467103122008031,366431.10184569296,-0.7515418841759813,1.7313888843213752,1.887464614879548,1.0,1.3803690578096843,239816.62082174627,3.9300447894319976,1.3686027303606878,4.1615292237940995,1.75,2.2693392271310273,149845.96646886377,-0.47896891417598497,1.731388884321373,1.7964182946904461,1.0,1.3803690578096817,239816.62082174563,0.45286025517057055,2.140184277920071,2.187571976911711,1.75,2.467103122008028,366431.1018456909,0.9408507994320149,1.3686027303606874,1.660805124131844,1.75,2.2693392271310358,149845.9664688637,-0.047342859333190386,0.3317706224633821,0.33513145519270837,1.0,1.6046587719398675,8805.831570623715,0.0075323557665443715,0.19712431927279322,0.19726817693727464,1.75,3.040116300382505,3108.6456343095524,0.006012897296084008,0.20343846351852887,0.2035273037522805,1.0,1.987137167882957,3310.985416982618,9.487347842326974,2.654048628910745,9.85158582188316,1.75,3.2849911117337562,563518.0521541645,0.7038382409068973,1.7882378841554414,1.9217655943667127,4.5,5.669682679075073,255823.8667162053,3.1744250347915486,1.8832548633051462,3.691019260539534,1.75,3.473324636191686,283732.0883732334,0.02072913732703352,2.6540486289107466,2.6541295789311676,1.75,3.284991111733774,563518.0521541652,-0.06596803409309927,1.7882378841554374,1.7894542497227537,4.5,5.669682679075083,255823.86671620418,-0.10210854020843754,1.8832548633051442,1.8860209527324916,1.75,3.473324636191684,283732.0883732328,0.007986341055756978,0.37523313801152175,0.3753181177420464,2.75,3.41375333254173,11263.995829681238,-0.009363503045773224,0.23715784805614398,0.2373426217178644,3.5,4.259313757017524,4499.5944714555035,-0.011592328367111122,0.3909763903400916,0.39114820705244013,2.75,2.6594372986057824,12229.009098217119,9.953287079732842,9.24594355910106,13.58511670872426,1.75,3.813552184127659,6838998.110596698,2.0148126501966503,3.738492957661134,4.246857615917249,1.75,6.541300894214584,1118106.6350847273,9.616838582938914,7.126460740504271,11.96954581495268,4.5,4.7267605414457865,4062916.1934891506,5.063326104732871,9.245943559101038,10.541572156986419,1.75,3.8135521841276527,6838998.110596666,0.2420155651966627,3.738492957661135,3.7463183431576343,1.75,6.541300894214569,1118106.6350847282,0.7788226379389636,7.126460740504273,7.1688916428772265,4.5,4.726760541445786,4062916.1934891543,0.010056915983456349,0.9904657183204801,0.9905167745814317,1.75,4.736814105602173,78481.82271387814,0.08118498416265447,3.903446804110113,3.9042909668941106,1.75,2.2603435642510634,1218955.840905296,-0.08997859333696633,1.768455032002401,1.7707425977463558,1.75,2.1341308569589206,250195.44295948895,9.571759593964327,9.540461452657365,13.51439922653942,2.75,4.0149683867323755,7281684.764493518,-2.322969578395885,3.593535203521382,4.278981528483176,1.75,4.690155485071105,1033080.221434385,9.884688044742125,6.641805123858585,11.908846839437564,4.5,4.441916484911607,3529100.3764273743,4.657503893964356,9.540461452657352,10.61662598248304,2.75,4.014968386732366,7281684.764493499,-0.7841309583958942,3.593535203521384,3.678091436990431,1.75,4.6901554850710925,1033080.2214343861,0.9876921347421699,6.64180512385858,6.714842593564321,4.5,4.441916484911613,3529100.3764273687,-0.04599313926080488,0.708136849729508,0.7096288937211446,1.75,3.931238450007645,40116.781248190084,-0.012630706759874535,4.112442417286404,4.112461813834836,1.75,2.0645976390935448,1352978.9955747176,0.02903925402006808,1.834639982131748,1.834869788925204,1.75,2.4627414570144275,269273.12825061905,4.0,HS_12_1,HS_12,healthy,gait_full,4.0,0.5
8.893807517936988,1.9159997461286282,9.097849591704483,1.75,2.957166209295279,293686.0309365362,-1.5889799404494431,2.1306831630913425,2.657944317067542,0.75,1.169564959415362,363186.29093070305,3.7061983352490535,1.4317831167535626,3.9731484988134285,1.75,1.8160734981889337,164000.7865101577,-1.3164069704494434,2.130683163091334,2.5045434820199817,0.75,1.169564959415365,363186.29093070014,0.5039458820629682,1.9159997461286202,1.9811654345897416,1.75,2.957166209295283,293686.03093653376,0.7170043452490696,1.4317831167535657,1.6012801517931212,1.75,1.816073498188948,164000.78651015842,0.5226702692104205,1.0068948914778233,1.1344697143602516,0.25,1.2198851781347275,81108.43393975554,-0.057770253886583085,0.3623319732505222,0.3669085186715313,1.75,1.9879244075647333,10502.75762904962,0.24689138380425002,0.5346828913331476,0.5889322114481021,0.25,0.7631057355696873,22870.941280522737,9.352505093635102,2.353095492024566,9.64398309419178,1.75,3.3759269231333806,442964.9651219745,0.9901526441494619,1.979858364386048,2.2136488885425276,4.5,5.120815481865088,313588.0401201012,3.3550760500461343,1.7857915917271974,3.800735048734221,1.75,3.584809562319103,255125.89081665248,-0.11411361136484074,2.353095492024563,2.3558608428523633,1.75,3.3759269231333855,442964.9651219735,0.22034636914946623,1.9798583643860492,1.9920822436402457,4.5,5.1208154818650895,313588.04012010165,0.07854247504615156,1.7857915917272007,1.7875179801808831,1.75,3.5848095623191036,255125.89081665344,0.44272099019725536,0.8555334841903185,0.9632961215182297,0.25,1.2333386960434685,58555.53233724152,0.08844827415718257,0.33706265872241115,0.34847429332219715,3.5,2.4105210744704677,9088.899515642961,0.17731392900501358,0.5379946254071784,0.5664613370621203,0.75,1.5650979910341785,23155.073070884868,9.122178667200169,8.335049154945871,12.356665733590342,1.75,3.8338330563649587,5557881.9288883535,2.058337028486955,3.488710221694473,4.050660481180323,1.75,5.516259284680267,973688.0931488666,9.262781099044927,6.523443129051873,11.329361144689406,3.5,4.54540260757078,3404426.3593019526,4.232217692200186,8.335049154945871,9.347978979947278,1.75,3.833833056364971,5557881.928888355,0.2855399434869675,3.488710221694479,3.5003759898448163,1.75,5.516259284680249,973688.0931488699,0.4247651540449674,6.523443129051874,6.537257505564926,3.5,4.545402607570786,3404426.3593019545,0.5422810568568324,1.562927706441497,1.6543312123599194,0.25,2.038780847675113,195419.6633478512,0.17483725421747173,3.4681862269468438,3.472590354511469,1.75,2.5060536101744613,962280.5383914633,0.2775734904779971,2.0026688594684248,2.021813444237796,1.75,1.8019041697019536,320856.4094911487,9.203664753149893,8.909849892038928,12.809873925493559,1.75,3.9070930346768034,6350834.623815351,-2.397752513557762,3.5463038089398204,4.28082793645968,0.75,4.585442983427657,1006101.8024961766,9.110178625269164,6.231485450173121,11.037516274055067,3.5,4.272544476596402,3106513.425591084,4.289409053149935,8.909849892038938,9.88860228363498,1.75,3.907093034676796,6350834.623815367,-0.8589138935577675,3.5463038089398156,3.6488359488811786,0.75,4.585442983427661,1006101.802496174,0.2131827152692064,6.231485450173128,6.2351309357389555,3.5,4.272544476596387,3106513.4255910916,0.02711449724782341,0.7839034904289769,0.7843722829548068,1.0,4.091100403978626,49160.52652129073,-0.10172942641497923,3.679773135127295,3.681179050549332,1.75,2.0452454232843875,1083258.583854227,0.22189940887064366,1.775767628830575,1.789578167965765,1.75,2.1394519716516496,252268.3028690666,4.0,HS_12_1,HS_12,healthy,gait_full,4.0,0.5
8.969118732007889,1.7752758503867543,9.143122834886405,1.5,3.0654030506196692,252130.26337603372,-1.084182031375369,2.376246144095217,2.6118951767796137,0.75,1.0688061719025357,451724.3702860559,3.9538967401816354,1.4317905615167204,4.205154413819703,1.5,1.7768942689716396,164002.05097723866,-0.8116090613753693,2.3762461440952114,2.511026683616478,0.75,1.0688061719025377,451724.3702860536,0.42863466799205874,1.7752758503867563,1.8262891401886734,1.5,3.065403050619704,252130.26337603436,0.9647027501816525,1.43179056151672,1.726463323750727,1.5,1.7768942689716445,164002.0509772385,0.7021502961956172,1.039021012204768,1.2540253993642287,0.25,0.5872283862946773,86365.18639271747,-0.09680269299590609,0.3908069130133465,0.40261744203434735,1.5,1.878147924553427,12218.404577864676,0.349316855761081,0.5311235743507612,0.6357000211970552,0.25,0.7020082847362457,22567.38115232956,9.50058753236782,2.0423221524260815,9.717625390725512,1.5,3.5063409243143115,333686.48168980016,1.0043373752778275,1.8566315498493957,2.11087050177791,0.75,5.000898437033132,275767.0899331297,3.3124792834372156,1.6696721443406293,3.709491080025367,1.5,4.204438365584819,223032.03694181208,0.0339688273678744,2.0423221524260797,2.0426046253553434,1.5,3.5063409243143075,333686.48168979964,0.23453110027783353,1.8566315498493982,1.87138599676649,0.75,5.0008984370331255,275767.0899331305,0.03594570843723464,1.6696721443406306,1.6700590299573528,1.5,4.204438365584831,223032.03694181243,0.7262775423426227,0.8020392492964477,1.0820101782900424,0.25,0.8343613605227391,51461.45101051742,0.07822574694822235,0.3190839629217266,0.3285328642304162,0.25,2.4958667915966255,8145.320173662518,0.2820958750774928,0.5074373622226025,0.5805779528324936,0.25,1.4578758057779728,20599.447020725118,7.792066546459506,6.691295329340054,10.270819550985275,2.25,3.5815680528560714,3581916.7609410253,1.8343432447352326,3.1742652631593713,3.666166267425144,0.75,6.2148765236511405,806076.9441818061,9.132577660298274,5.051334699292048,10.436472438791327,3.75,4.3753540199592535,2041280.1558569751,2.9021055714595128,6.69129532934002,7.2935348036698855,2.25,3.5815680528560714,3581916.7609409885,0.06154615973524173,3.174265263159371,3.174861869543049,0.75,6.2148765236511325,806076.9441818056,0.29456171529831604,5.051334699292055,5.059915893410822,3.75,4.375354019959256,2041280.1558569807,0.6036887015091125,1.546981334107012,1.6605996797558609,0.75,2.0112232139628183,191452.2964140787,-0.21311493319208274,3.165289754250218,3.172456020674025,1.5,2.2176785452697634,801535.6850665549,0.4928122968555556,1.640029450151734,1.7124720602967651,1.5,1.8126831061552517,215177.38823119874,9.462200704576466,8.905328111263648,12.993772005963084,0.75,3.9347399952516,6344392.160978157,-3.149836496339302,3.794642332463954,4.931610323717653,0.75,4.927837746994963,1151944.8345077946,8.28331772618966,6.402431950088683,10.469216180236426,4.25,4.314570960466087,3279293.7744837883,4.547945004576516,8.90532811126367,9.999433610655927,0.75,3.9347399952515776,6344392.160978186,-1.610997876339316,3.7946423324639467,4.1224537097337075,0.75,4.927837746994943,1151944.83450779,-0.6136781838102968,6.402431950088674,6.431775477175876,4.25,4.3145709604660585,3279293.774483778,0.44199008289975106,1.5375725441153218,1.5998389174535643,1.0,2.612308692009722,189131.03864667457,-0.05174099880760461,3.235664884840635,3.2360785494095112,1.5,2.429429184939307,837569.6398642412,0.6095509707981589,2.010669722401046,2.101034297335785,0.75,2.24127023672774,323425.8295137867,4.0,HS_12_1,HS_12,healthy,gait_full,4.0,0.5
8.831842849697304,2.121099356416714,9.082979169938728,1.75,2.568147833555303,359924.99993589515,-0.22043509489060795,1.7556494533822413,1.7694339869632871,1.0,1.2903375956725562,246584.4743615729,4.238651517516045,1.3082017356094238,4.435939412119216,1.75,2.3246509787702836,136911.4790108897,0.05213787510939028,1.7556494533822409,1.756423457251207,1.0,1.290337595672553,246584.47436157276,0.5659105503026365,2.1210993564167295,2.195294338063873,1.75,2.56814783355538,359924.99993590044,1.2494575275160615,1.3082017356094182,1.8090151724399783,1.75,2.3246509787702916,136911.47901088855,0.14385354406689632,0.6005956005961866,0.6175831260616668,1.0,3.086901012106532,28859.34749621053,-0.07178596848902843,0.2500175334639619,0.26011918866417966,0.25,2.3485578153834012,5000.702900799331,0.08923684218563745,0.2890274188056185,0.302489773091096,1.0,1.4975013692623473,6682.995203764232,9.508452589460552,2.4474963755378707,9.818396465527865,1.75,3.262009646948495,479219.09471938136,0.6417236289067856,1.6436753678155858,1.7645050100980146,2.75,5.785550594742806,216133.87831589073,3.2178001224369974,1.7923380657592132,3.6833019656179475,1.75,3.5323201205139423,256998.68081995248,0.04183388446061407,2.4474963755378742,2.44785387271383,1.75,3.2620096469484854,479219.09471938276,-0.12808264609320805,1.643675367815589,1.648658205630855,2.75,5.78555059474282,216133.87831589163,-0.05873345256298688,1.792338065759211,1.7933001311602688,1.75,3.532320120513955,256998.68081995184,0.260627244997832,0.5539504222876168,0.6121990127301652,0.25,1.7322622243211967,24549.1727898879,-0.008914191429217518,0.22095094647009716,0.2211306933803367,1.75,3.783386555841534,3905.552036048215,0.08985684831481885,0.3975176350731365,0.4075469585007495,2.5,2.5566029507144203,12641.775492879526,8.884432008290185,8.138301846420392,12.048447578563003,1.75,3.322396568874232,5298558.482590745,1.8043192492578635,3.830448339951316,4.234135382610982,9.75,7.334673112989337,1173787.9683034478,9.533373121150921,6.317539022567163,11.436629851872524,3.5,4.819725049537773,3192904.861959784,3.9944710332901945,8.138301846420342,9.06574628915034,1.75,3.3223965688742174,5298558.482590682,0.031522164257868204,3.8304483399513067,3.8305780414808446,9.75,7.33467311298935,1173787.9683034422,0.6953571761509716,6.3175390225671615,6.355692008277581,3.5,4.819725049537768,3192904.861959782,0.13606474037141186,1.0554950245095829,1.0642289980717612,1.75,4.586956429320551,89125.64836166182,-0.004165054506244666,3.6469618258152194,3.6469642041885355,1.75,2.0548830045926416,1064026.9003410342,-0.011107630100758286,1.473729219696668,1.473771078707343,1.75,2.05260745781774,173750.24046791307,8.929596900725631,8.838098351938308,12.563824389411984,1.75,4.3679056941106795,6248980.273941226,-3.2226253407869687,3.681948585432294,4.89306238186774,1.0,4.756795031212278,1084542.6921065988,9.289954031881912,6.147179890631182,11.139616982744936,4.5,4.250369459515,3023036.863116375,4.015341200725663,8.838098351938305,9.70746864207037,1.75,4.367905694110665,6248980.273941222,-1.6837867207869845,3.6819485854322966,4.048689060284263,1.0,4.756795031212241,1084542.6921066002,0.3929581218819626,6.1471798906311585,6.159726998279476,4.5,4.2503694595149835,3023036.8631163524,0.29121464680330056,1.5198524401319544,1.5475003748910137,1.75,2.2188750594201228,184796.28527987408,-0.01892466274454683,3.57716010478828,3.5772101641011944,1.75,2.084381861858596,1023690.3384116122,0.3804568240057506,1.9817790904079873,2.0179682252480715,1.75,2.200569229057795,314196.76378982054,4.0,HS_12_1,HS_12,healthy,gait_full,4.0,0.5
9.060567570190432,2.3046360574863676,9.349076534687951,1.75,2.75062645907926,424907.85913236474,-0.680606322368606,1.6624489120626451,1.7963745019528614,1.0,1.7596395545410592,221101.98872278092,3.794477807701587,1.3076437492731723,4.013476548848023,1.75,2.214247005925058,136794.59544953424,-0.408033352368605,1.6624489120626442,1.7117907587854981,1.0,1.7596395545410497,221101.98872278066,0.33718582980952283,2.3046360574863725,2.3291718788639595,1.75,2.750626459079303,424907.8591323668,0.8052838177016052,1.3076437492731716,1.5357129295754692,1.75,2.214247005925056,136794.59544953416,-0.009726970205849818,0.30630972529026557,0.3064641280097614,1.0,1.2923568102444873,7506.054515904392,-0.026700781250073212,0.196615375302297,0.19842010363022028,1.75,4.115057208118993,3092.6617880633157,-0.008239278280567685,0.1653878069528055,0.16559291166968193,1.0,2.1553057348520452,2188.262482303664,9.522432855797211,2.654452794933584,9.885486691797066,1.75,3.3218612200494664,563692.1210322236,0.6750601444929493,1.9677658137488159,2.0803385533228433,4.5,5.854687161212237,309768.57071772305,3.3443321210352326,1.9698048116927385,3.8813255895319942,1.75,3.577762566295195,310413.40553979034,0.05581415079727302,2.654452794933584,2.655039521355555,1.75,3.3218612200494575,563692.1210322233,-0.0947461305070448,1.9677658137488194,1.97004546318216,4.5,5.854687161212257,309768.57071772416,0.0677985460352508,1.9698048116927427,1.9709712425635173,1.75,3.5777625662951986,310413.40553979174,-0.029260138097617166,0.37785428322875103,0.37898550768572253,2.75,3.8260958925675643,11421.98165690442,-0.01056641464848807,0.23792074564351956,0.23815526516558921,1.75,4.383819351124982,4528.560192762606,-0.012544832148830131,0.3876622998741039,0.3878652234440747,2.75,2.8206480315192435,12022.5779648453,10.370925804722312,9.655469301606828,14.169833784534207,2.75,3.9589554003026124,7458289.4046548,2.081169475830458,4.313350589263059,4.789181526422276,10.0,6.743102198788732,1488399.5586732,9.66977757862364,7.520130076676301,12.249773662814508,4.5,4.813278395595309,4524190.253511832,5.480964829722356,9.655469301606837,11.102660172180604,2.75,3.9589554003025875,7458289.404654813,0.3083723908304645,4.3133505892630595,4.324359702582855,10.0,6.743102198788745,1488399.5586732007,0.831761633623698,7.52013007667629,7.565988619162714,4.5,4.813278395595307,4524190.253511819,0.04429766371244003,1.1102511138121092,1.111134473739074,1.75,4.68042750445419,98612.68200344045,0.1792655690811538,4.129900187271457,4.133789024742652,1.75,2.3392616934528214,1364497.8652716463,-0.14267393422315286,1.8492826516790617,1.854778201647802,1.75,2.169086612567331,273589.3954720683,9.609001388103165,9.504791575345477,13.515693491912536,1.75,4.196991597436939,7227343.031732068,-2.421562394242154,3.773520198077358,4.483683654597587,1.0,4.847153126692265,1139156.874616063,9.761830794948064,6.712186578777016,11.846805018126647,4.5,4.43034444981391,3604277.185224114,4.694745688103191,9.504791575345429,10.601023533919777,1.75,4.19699159743691,7227343.031731997,-0.8827237742421622,3.773520198077361,3.8753910701902248,1.0,4.847153126692279,1139156.8746160653,0.8648348849481147,6.712186578776999,6.767672276827336,4.5,4.430344449813904,3604277.1852240954,-0.06863266479470231,0.7987684931521601,0.8017116366433722,1.75,3.8585898037552595,51042.55160663571,-0.32675424082252374,3.9259576297428147,3.9395319067665038,1.75,2.0870437051016584,1233054.1490278733,-0.08654338837029649,1.6897625472057838,1.691977311907577,1.75,2.432899626036727,228424.37194839522,4.0,HS_12_1,HS_12,healthy,gait_full,4.0,0.5
9.200255912975063,1.9494608055762377,9.404525841142156,1.75,2.9286051148746934,304034.59679772553,-0.5714720077654912,1.6760876991279592,1.7708332024297426,1.0,1.3321683005726634,224743.20756137953,3.531559531265608,1.5520607760771534,3.857564694922196,1.75,1.9173589095025427,192711.55886115175,-0.1905477327654965,1.676087699127965,1.6868842324327258,1.0,1.3321683005726617,224743.2075613811,0.09239296202488412,1.949460805576231,1.9516490186274935,1.75,2.928605114874697,304034.5967977235,0.24726524126562738,1.5520607760771543,1.5716337843706998,1.75,1.917358909502531,192711.55886115198,-0.014802459470559484,0.29337884996270747,0.29375204239599484,1.0,1.258320995229091,6885.711288187276,0.051945257147936304,0.24842639145309814,0.2537990971429433,0.5,2.447933654085361,4937.3371288709895,-0.002212478041003676,0.16895792852784636,0.16897241393642562,1.0,1.8777530785304448,2283.7842283783957,9.513606172807801,2.234220161010432,9.772432764626839,1.75,3.4663700552659154,399340.0999623887,0.8219435538615798,1.7005418677658541,1.8887651653287085,7.75,5.733348868710141,231349.69525779187,3.1404540410385375,1.6757052120244855,3.5595560876998844,1.75,3.7317609422429414,224643.15847532946,0.05859901280786744,2.2342201610104464,2.2349884948624683,1.75,3.4663700552659202,399340.09996239375,-0.13099653613841317,1.7005418677658535,1.7055798827685673,7.75,5.733348868710124,231349.6952577918,-0.09044890396144822,1.6757052120244875,1.67814449968823,1.75,3.7317609422429654,224643.15847532992,-0.03164659903934999,0.34141965005744707,0.34288319392485106,1.0,3.778860380659654,9325.536836005602,-0.00917266116241575,0.21286126991874815,0.2130588133455705,3.5,4.004509303464642,3624.844670738243,0.00529767112197558,0.32207197716772923,0.3221155441701734,2.5,3.1472469899968396,8298.452008088441,8.762523005216325,8.246582218014643,12.032785533508882,1.75,3.455601412009332,5440513.856625284,1.9345520706711108,3.362773644424875,3.879528102459942,1.75,5.926278616649361,904673.0831047682,9.422950901162956,6.532821115273829,11.46602613854928,3.5,5.077562658391548,3414222.129553949,3.727814640216333,8.246582218014634,9.0500121696209,1.75,3.4556014120093423,5440513.856625271,-0.027370699328873763,3.36277364442488,3.362885032055116,1.75,5.926278616649395,904673.0831047709,0.7017553811630072,6.532821115273826,6.57040427516898,3.5,5.077562658391531,3414222.129553948,0.04248401324326289,0.9357483707720043,0.9367122849539842,1.75,4.061147881051399,70050.07255002494,0.06302124944677219,3.5254580082948377,3.526021248678465,1.75,2.1530996139612237,994308.6641808697,-0.1293518402970001,1.6051310037681412,1.6103345732629417,1.75,2.0136107040099205,206115.82757624693,8.633475811650078,8.351439495031386,12.011804453516424,1.75,3.8473746594361558,5579726.776698995,-2.842409859919546,3.0246585319241555,4.150644895255368,1.0,5.952815162193134,731890.4254944791,9.247554397530775,5.648751802274464,10.836312069103112,3.5,4.4186340025260415,2552672.5151646896,3.5709583366500857,8.351439495031386,9.082856658632284,1.75,3.8473746594361873,5579726.776698997,-1.1283908199195534,3.024658531924156,3.2282851604559832,1.0,5.952815162193122,731890.4254944792,0.47587104253082174,5.648751802274445,5.668760902773918,3.5,4.41863400252603,2552672.515164674,-0.025661704559161766,0.7448097610239521,0.7452517045921052,1.75,3.9559930802010457,44379.33625985965,-0.21609013496938193,3.513573761480439,3.5202124259474585,1.75,2.134003080317729,987626.9542934106,0.0425178691355052,1.6499672239885987,1.6505149528048713,1.75,2.366023941843463,217793.14213587367,4.0,HS_12_2,HS_12,healthy,gait_full,4.0,0.5
9.0770300283505,2.0094203111849795,9.296786763316637,1.75,2.630348849204116,323021.6130910893,-0.6863797398702141,1.4134072295576428,1.5712533671786082,1.0,1.349438452172989,159817.70664126467,3.757597620622365,1.2956781130377237,3.974710260020453,1.75,2.276635321241005,134302.56427227217,-0.30545546487021935,1.4134072295576456,1.4460370111393763,1.0,1.3494384521729945,159817.7066412653,0.21561884664944742,2.0094203111849804,2.0209555843791276,1.75,2.6303488492041294,323021.61309108976,0.47330333062238866,1.2956781130377257,1.3794193761808797,1.75,2.276635321240996,134302.56427227258,-0.036920091111117034,0.2692540163341356,0.2717734689768598,1.0,1.608701906510778,5799.876164292295,0.036977432209179394,0.14099448830064482,0.14576273949108232,0.5,3.2186272023091647,1590.356224316038,0.011259487083896933,0.15287304670289778,0.15328713076321446,1.0,1.6984692242869575,1869.6227772362506,9.50885968324644,2.237892169749214,9.768652611240427,1.75,3.21751334816469,400653.00545437087,0.7744993897927227,1.767368143626246,1.9296215846362683,7.75,6.129401782126602,249887.74237597393,3.177656476926881,1.8769013026356898,3.6905635321981527,1.75,3.3602246279223422,281820.7337829133,0.05385252324649291,2.2378921697492298,2.2385400281623133,1.75,3.2175133481647045,400653.00545437663,-0.17844070020727237,1.76736814362624,1.776353354092401,7.75,6.129401782126581,249887.7423759722,-0.053246468073102536,1.8769013026356933,1.877656434547551,1.75,3.360224627922353,281820.7337829143,-0.025604526978835737,0.35815487585007705,0.3590689444897651,1.0,3.0673543982347637,10262.019245323158,-0.011212067408073905,0.2261789383264842,0.22645666825699512,3.5,4.131079377762153,4092.5564564178912,-0.0012293348811692258,0.37317432289871255,0.3731763477702769,2.5,2.7679123235629453,11140.73018070495,9.122773527389842,8.76203911408972,12.64904448046899,1.75,3.748671241305758,6141867.745278656,2.3349497362681775,3.7256300882066826,4.396852263273098,1.75,6.223311652412568,1110425.5975589799,9.586196583221204,6.293934034346758,11.46772734943024,3.5,4.643770800594364,3169088.566538126,4.088065162389852,8.762039114089701,9.668795489034991,1.75,3.748671241305774,6141867.745278628,0.37302696626819964,3.725630088206688,3.7442580936300627,1.75,6.223311652412583,1110425.5975589831,0.8650010632212397,6.293934034346759,6.353096289848152,3.5,4.643770800594342,3169088.566538129,0.037260705218328735,0.9217352074618389,0.9224880231353069,1.75,4.408075579460765,67967.67820068722,-0.15663694157074615,3.9610414307126565,3.964137276544142,1.75,2.182624708199118,1255191.6958793607,-0.030255001224045716,1.7259362633244413,1.7262014222440558,1.75,2.0673227606820825,238309.41034813644,10.140930944010224,9.579686537069772,13.950228476971263,1.75,3.937055480016322,7341631.851138793,-2.3884467206258004,3.54128196288936,4.271458261291296,3.5,5.948880936959651,1003254.2455552154,9.052885233640307,6.746872936851971,11.290483846119628,3.5,4.590304106244699,3641623.9434841075,5.07841346901023,9.57968653706975,10.842540177962908,1.75,3.9370554800163466,7341631.851138756,-0.6744276806258163,3.541281962889364,3.604931433062197,3.5,5.948880936959636,1003254.2455552175,0.28120187864036156,6.746872936851953,6.752730479041508,3.5,4.590304106244688,3641623.9434840875,-0.02287814440221473,0.8069652061443044,0.8072894483509669,1.75,3.8281821510393255,52095.42773758152,0.06292235037698207,3.8631081425225737,3.863620548527142,1.75,2.0445828677920423,1193893.0560041687,0.10758983305458565,1.6830571415616105,1.6864924885507948,1.75,2.415370626052098,226614.8842188767,4.0,HS_12_2,HS_12,healthy,gait_full,4.0,0.5
9.210744086667505,1.8174122324351445,9.388332858004413,1.75,3.0591285505661276,264239.67173948896,-0.5921485965873154,1.535380809163123,1.6456105826065694,0.75,1.516675716291373,188592.40421984927,3.2833167660538924,1.2935375346389457,3.5289386987833025,1.75,2.143249299229983,133860.23427944502,-0.21122432158731613,1.5353808091631247,1.5498419090915154,0.75,1.5166757162913758,188592.40421984973,0.08190478833243542,1.8174122324351427,1.8192568859170684,1.75,3.059128550566133,264239.67173948843,-0.0009775239460849505,1.2935375346389475,1.293537903995423,1.75,2.143249299229974,133860.23427944546,0.33091119502928107,0.7052387224539703,0.7790146819182647,0.25,1.5657746279644793,39790.24661969236,0.0150413838504434,0.16902183491601502,0.16968978727817716,1.75,3.6133734150682613,2285.4835300515815,0.11670640038367544,0.28489326190286307,0.30787100312983046,0.25,1.4806611715681692,6493.210588324935,9.48458312483153,2.023162856324791,9.697963961319475,1.75,3.425467580568366,327457.11983284913,0.6103087719245311,1.7585269102378986,1.861422491300371,8.0,5.847273601424164,247394.5739057875,3.301555756146408,1.7753244393122054,3.7486060443533775,1.75,3.4299527442704947,252144.2570917589,0.029575964831565393,2.0231628563247948,2.023379025518457,1.75,3.4254675805684127,327457.11983285024,-0.3426313180754659,1.7585269102378949,1.7915951312048626,8.0,5.847273601424154,247394.57390578644,0.07065281114642595,1.7753244393122043,1.776729772515248,1.75,3.4299527442705067,252144.2570917586,0.30968364989197095,0.7542588825278754,0.8153590772675633,0.25,1.0964516613081279,45512.61711098505,0.03373182394970958,0.25583435358887424,0.25804854664037796,3.5,4.069291738290075,5236.183873865028,0.08278126080555895,0.4426859452496369,0.45035939344275083,2.75,2.5213424967157,15677.750072049233,8.84047370029764,8.096490546913653,11.987791056817615,2.75,4.064724431137577,5244289.812226612,1.6460663921310572,4.102056294056429,4.420000046030692,1.0,5.750340179799297,1346153.5365752778,9.302045167422794,5.619069256589405,10.867473653389823,3.5,4.777249428449657,2525921.2078890353,3.805765335297642,8.096490546913623,8.946340534744632,2.75,4.064724431137588,5244289.812226574,-0.3158563778689272,4.102056294056435,4.1141987179824575,1.0,5.750340179799281,1346153.5365752822,0.5808496474228382,5.619069256589393,5.649011030548561,3.5,4.777249428449638,2525921.2078890246,0.09090686771437875,1.187205824276852,1.1906812032590919,1.75,3.75884629038937,112756.72472496137,0.013150131066145328,3.5252803460880564,3.5253048725552496,1.75,2.068749715523589,994210.4246603044,0.12034306212424825,1.64897036013419,1.6533558906667738,1.75,2.057982553196105,217528.40341304347,9.956951306422356,9.095448796933654,13.485846956572944,1.75,3.73044607710547,6618175.360334945,-3.2551834025494997,4.167128637238779,5.287833210638291,0.75,4.059602942109212,1389219.0245576608,8.545832443035907,6.494051611639883,10.73331069517172,3.5,4.3050582597334355,3373822.5175797422,4.894433831422385,9.095448796933598,10.328730384118508,1.75,3.7304460771054457,6618175.360334864,-1.5411643625495133,4.1671286372387915,4.442988709381138,0.75,4.059602942109211,1389219.0245576692,-0.22585091196403706,6.494051611639874,6.4979777599709765,3.5,4.305058259733433,3373822.5175797325,0.1964958008696845,1.117452569956472,1.1345972174572536,1.0,2.9893393039983125,99896.77337492877,0.09553745921162335,3.8437084669664245,3.844895601331978,1.75,2.0965858194126823,1181932.95262048,0.43598117500273476,2.072473920173767,2.1178356250562005,1.75,2.0400825355707393,343614.36344115576,4.0,HS_12_2,HS_12,healthy,gait_full,4.0,0.5
9.191641665748294,1.5776164041737242,9.32604685974921,1.5,3.553247166151574,199110.70397319048,-0.7513159345204887,1.7378208818542384,1.8932768024969404,0.75,1.467571996721197,241602.14161476126,3.5327417470289375,1.3169217452570925,3.7702184465004214,0.25,1.7783979681648854,138742.6306911512,-0.3703916595204912,1.7378208818542429,1.7768543549911462,0.75,1.4675719967211924,241602.1416147625,0.10100720925164625,1.577616404173725,1.580846600729761,1.5,3.5532471661515506,199110.7039731907,0.2484474570289531,1.3169217452570923,1.3401526114719695,0.25,1.7783979681649014,138742.63069115113,0.739021304643039,0.9933946786877952,1.2381379068429847,0.25,0.5563131608299052,78946.65375675345,0.02025671049165772,0.1869272813970539,0.18802165526990822,2.0,3.3630224777718825,2795.344695632375,0.25439645394150484,0.4988667917339431,0.5599871709895947,0.25,1.0010709909684594,19909.447572011202,9.564252748456799,1.7040301135585432,9.714867434210195,2.0,3.3007502252594794,232297.75981451967,0.9222184931159054,1.6892760771469786,1.9246144065412312,0.75,4.302342826538165,228292.3175590146,3.223257357421683,1.5928057005848284,3.5953328068467516,1.5,3.5873744916764294,202964.91080782848,0.1092455884568382,1.7040301135585427,1.7075283969854265,2.0,3.3007502252595313,232297.75981451946,-0.030721596884090728,1.6892760771469775,1.6895554093714091,0.75,4.302342826538165,228292.3175590143,-0.007645587578300024,1.5928057005848224,1.5928240501778357,1.5,3.587374491676456,202964.91080782696,0.6998158740948347,0.901218754410077,1.1410247591246951,0.25,0.7233512503471525,64975.667776235365,0.046484698394563144,0.24455109896219693,0.24892984390878437,0.25,2.8512759487164097,4784.431542281858,0.25381294222077627,0.44858877399262176,0.5154152673242912,0.25,1.869161951968766,16098.572598893534,8.556553073719021,7.404428182022243,11.315483074358587,0.75,3.446344530553036,4386044.6138368305,1.1382945563065419,3.876790063229395,4.040447461763521,0.75,5.8037522925153455,1202366.8102335606,9.008469479819647,5.452338415691619,10.529981793339847,3.5,4.733459544542027,2378239.6316158334,3.521844708719048,7.404428182022234,8.199326000047652,0.75,3.4463445305530245,4386044.613836818,-0.8236282136934502,3.8767900632293992,3.9633148535974376,0.75,5.803752292515338,1202366.8102335639,0.2872739598197074,5.452338415691574,5.45990114628613,3.5,4.733459544542033,2378239.6316157933,0.46056770690519316,1.4523420298498944,1.5236206825560024,0.75,2.7974272249941357,168743.97394731204,0.36356721983058193,3.1843163594556403,3.2050041810319314,0.75,2.2433141238374055,811194.7677209133,0.4881039677677087,1.7445258639394248,1.8115231086862176,1.0,1.9022433305176414,243471.69450633466,8.303781731336896,7.4057886457173785,11.126477273006081,0.75,3.966151411164608,4387716.384945489,-3.4724748126941485,4.12939862296096,5.395369710419031,0.75,3.9081945583803184,1364154.8468324635,8.47080603071032,5.084673488468211,9.879699352422108,4.25,4.38955705520062,2068314.386765629,3.2412642563369367,7.405788645717344,8.084027427244626,0.75,3.96615141116456,4387716.384945448,-1.758455772694154,4.129398622960966,4.488217874817722,0.75,3.9081945583803073,1364154.846832467,-0.3008773242896258,5.0846734884682245,5.093567673900417,4.25,4.389557055200653,2068314.3867656405,0.5083248275652021,1.4870749571889492,1.571555299255393,1.0,2.50765394687033,176911.67659123158,-0.2466094386785797,3.0832228540635636,3.0930695729429085,0.75,2.233278834474664,760509.6489583894,0.39739390201585145,2.210756459827181,2.2461892257837484,0.75,2.2496514905735703,390998.18403547973,4.0,HS_12_2,HS_12,healthy,gait_full,4.0,0.5
9.063015159827152,1.7450882352481765,9.229494933963526,1.75,3.0242346044244552,243627.85779836573,-0.7134042261000256,1.6951604724854155,1.8391613896812735,0.75,1.356353253208301,229885.65856729142,3.716921721505224,1.158823211133169,3.893376210753123,1.75,2.185665481771401,107429.92516942786,-0.33247995110003215,1.6951604724854197,1.7274582325950667,0.75,1.3563532532082994,229885.65856729262,0.22963371517279096,1.7450882352481778,1.7601319813995933,1.75,3.0242346044244566,243627.85779836617,0.4326274315052391,1.1588232111331709,1.2369469386969734,1.75,2.1856654817714096,107429.92516942818,0.3467375640563604,0.9306891590786419,0.9931813777725839,0.25,1.1852718101980213,69295.67696282158,0.021487290084702168,0.17462563871887968,0.17594265353563593,1.75,3.073246595680677,2439.532100181109,0.1475295569978878,0.47441050508157095,0.49682018630460684,1.0,1.2892924016947114,18005.320522753325,9.468917679870842,2.0123923407072004,9.680399008362603,1.75,3.274401022399089,323977.839115727,1.066173747569958,1.5975166307743809,1.9206212134640441,7.75,4.664563189853998,204164.77348039378,3.184935971299959,1.6264135489814622,3.5761764740559,1.75,3.212470361409058,211617.85496004525,0.01391051987088824,2.0123923407071933,2.0124404178757827,1.75,3.2744010223990934,323977.8391157249,0.11323365756996318,1.5975166307743787,1.6015246631904845,7.75,4.664563189853989,204164.77348039325,-0.04596697370002425,1.6264135489814566,1.6270629966235468,1.75,3.212470361409058,211617.85496004386,0.36678203582843666,0.7830970728465959,0.8647370047056846,0.25,1.2203878608695145,49059.80363096014,0.020132725178564168,0.20083637994844222,0.20184295413491807,3.5,3.447842981650078,3226.8593812602116,0.16507384336817665,0.4190877061720976,0.4504263305235738,0.25,1.8578082188756202,14050.773476681396,8.103810015429227,7.51913534555689,11.0548239746716,2.5,3.397435035505857,4522992.790414847,2.0769612053176107,3.296075858368042,3.895880377079231,9.5,6.40095779329799,869129.3175769689,9.29218364147198,5.163021832198062,10.630215015068758,3.5,4.560727074625369,2132543.581229864,3.0691016504292645,7.519135345556918,8.121378041039032,2.5,3.3974350355058682,4522992.79041488,0.11503843531762001,3.296075858368037,3.2980827621084523,9.5,6.400957793297997,869129.3175769664,0.5709881214720419,5.163021832198041,5.194499193821843,3.5,4.560727074625379,2132543.581229846,0.359074391338273,1.2255271817788727,1.2770478815587993,0.75,2.8720999889095125,120153.38467797857,0.04535526029746702,3.5104622511470738,3.5107552344709583,1.75,2.109984235825479,985871.6708177896,0.44676273155618523,1.7378636674417953,1.7943709384967734,1.75,1.6746774212803326,241614.36246725338,8.690550588945872,8.21763716059297,11.960569804243688,2.5,3.816508782029533,5402370.085466294,-2.518031985476024,3.702899603155986,4.477940436286874,0.75,5.524908005265974,1096922.4424910448,9.118769681504103,5.545725461610253,10.672723710462606,3.5,4.762586303106671,2460417.1129679373,3.628033113945891,8.217637160592961,8.982882876841169,2.5,3.8165087820295414,5402370.085466284,-0.8040129454760268,3.7028996031559753,3.7891822716182073,0.75,5.524908005265986,1096922.4424910385,0.3470863265041406,5.5457254616102745,5.556576267234944,3.5,4.762586303106683,2460417.112967956,0.287348240063483,1.3160694816802687,1.3470738256226908,1.75,2.6612317291494247,138564.16462664303,-0.0021809054184105036,3.207653894990226,3.207654636396258,1.75,1.8993322808830624,823124.2758352162,0.16661604300954866,1.8836036789254869,1.890958414415766,1.75,2.757464055626602,283837.08618146664,4.0,HS_12_2,HS_12,healthy,gait_full,4.0,0.5
9.264568579869138,2.075557484249532,9.494217705610225,1.75,2.8334253304700603,344635.2968673286,-0.39278224368271936,1.4598724181743201,1.511788797517222,0.75,1.5639107919907063,170499.3542107545,3.29105586118458,1.0594334528279363,3.457375872306669,1.75,2.57527383965623,89791.94692679051,-0.01185796868272451,1.4598724181743188,1.4599205761846819,0.75,1.5639107919907111,170499.3542107542,0.028080295130802763,2.0755574842495417,2.0757474252420307,1.75,2.8334253304700807,344635.2968673317,0.006761571184599622,1.059433452827944,1.059455029633549,1.75,2.575273839656221,89791.94692679185,-0.04568107378455549,0.2282066856012156,0.23273386486543393,1.0,1.6109667464907391,4166.307607722439,0.01398629407839431,0.15595302998010857,0.15657893850075744,1.75,4.411218313422724,1945.7340103110555,0.012773842258577878,0.19892707970039772,0.19933678557701137,0.75,1.7907943431586664,3165.763768873395,9.470991861005057,2.2273328604614555,9.729372975814806,1.75,3.35008792692845,396881.6846798551,0.6991616497205072,1.7442523129674867,1.8791602230071627,4.25,5.933092455970984,243393.80364452937,3.218598906014894,1.8250271515961507,3.7000139218472445,1.75,3.3389874152017196,266457.9384036374,0.015984701005107765,2.227332860461448,2.2273902177116605,1.75,3.35008792692845,396881.68467985233,-0.25377844027948593,1.7442523129674867,1.7626172664657282,4.25,5.933092455970984,243393.80364452934,-0.01230403898508877,1.8250271515961511,1.8250686270489962,1.75,3.338987415201722,266457.9384036375,-0.0384078192793316,0.3453263819213633,0.34745571031815414,0.75,3.7497130555369504,9540.191309667858,0.0031862757629872508,0.222336628408926,0.22235945827755257,3.5,4.177889123382146,3954.705738046466,-0.019927613991884384,0.3528239081009263,0.35338621920926744,2.5,3.1336693270228535,9958.961388011237,9.099181432165897,8.74264938659987,12.618598219790012,1.75,3.7680096783808885,6114713.468805113,2.0120301208869362,3.6778164153997257,4.192206911966535,9.5,6.505764427430716,1082108.6571808658,9.231278425710302,6.30349983751492,11.178130951752852,3.5,4.988503825361719,3178729.8288120003,4.064473067165916,8.7426493865999,9.64125819645614,1.75,3.7680096783809147,6114713.468805156,0.05010735088695185,3.6778164153997217,3.678157736149521,9.5,6.505764427430724,1082108.6571808634,0.5100829057103612,6.3034998375149165,6.324104266396032,3.5,4.988503825361712,3178729.828811996,-0.022357821644538478,1.0591774176161801,1.059413363223614,1.75,4.908968208293492,89748.85552786788,-0.16094366819665973,3.7461877716432057,3.7496434076778136,1.75,2.1524019836849173,1122720.3862238245,0.07353219937489472,1.573953762027457,1.5756704697827189,1.75,2.23333118551364,198187.30105462327,10.285652534167902,9.614845460996237,14.079769220142584,1.75,3.7189480118748177,7395634.038354673,-2.354819654940108,3.6452632374168,4.3397142391354135,3.5,5.715027757067359,1063036.5296940524,9.114185650184947,7.010447805767392,11.498467658928561,3.5,4.628317848517938,3931710.2812565775,5.223135059167914,9.614845460996236,10.941955633484762,1.75,3.7189480118748364,7395634.0383546725,-0.6408006149401144,3.6452632374168017,3.701157859125986,3.5,5.715027757067383,1063036.5296940533,0.34250229518498154,7.0104478057673845,7.018809461696173,3.5,4.628317848517925,3931710.2812565705,-0.08292867299248029,0.8060988402053129,0.8103533210795426,1.75,4.339068564482873,51983.629240318965,0.22281912874189536,3.971119861521371,3.9773661283194444,1.75,2.0453440061698043,1261589.1962647983,0.14041613546347065,1.775537616280043,1.7810812777422351,1.75,2.41883251084223,252204.01894088153,4.0,HS_12_2,HS_12,healthy,gait_full,4.0,0.5
9.44554225844768,1.8959657752547896,9.633948036867254,1.75,3.154939300433189,287575.1779602766,-0.2693581284362232,1.4247615490300127,1.4499997492927599,0.75,1.6152962272244153,162396.99885188605,2.7080117656860283,1.2564798137105753,2.9853089028367106,1.75,2.445222295230198,126300.54363996502,0.11156614656377303,1.424761549030012,1.4291229746433611,0.75,1.6152962272244134,162396.99885188587,-0.15289338344773368,1.8959657752548063,1.9021205554958007,1.75,3.1549393004332287,287575.1779602816,-0.576282524313951,1.2564798137105786,1.3823324745124923,1.75,2.4452222952302054,126300.54363996566,-0.011756271416801394,0.24074272856967596,0.24102960663951262,1.0,1.572883922533696,4636.595353345619,-0.016384668713917895,0.19927356026315332,0.1999460156862783,1.75,3.5250127274424456,3176.8033446482405,-0.03871818877329106,0.22182890113043144,0.22518250269196965,0.75,1.5415512918031926,3936.6452754997745,9.560128312930798,1.98623371924167,9.764280708129693,1.75,3.2737399355669834,315609.9713926048,0.6051308380901073,1.9286468842323963,2.0213515615218856,4.25,6.1837485997115245,297574.50284228835,3.2519818361136448,1.8860516920507895,3.7593319682492417,1.75,3.4658460010126646,284575.98231488897,0.10512115293085582,1.9862337192416637,1.9890135354607532,1.75,3.2737399355669603,315609.971392603,-0.3478092519098858,1.9286468842323914,1.959757658429589,4.25,6.183748599711518,297574.5028422869,0.021078891113657967,1.8860516920507953,1.8861694793252937,1.75,3.4658460010126655,284575.98231489066,-0.0629635581933603,0.35573261763910247,0.3612618232151531,0.75,3.3722878213923995,10123.659583856934,0.0031981476652531977,0.24779137586155567,0.24781201363100117,3.5,4.009915563348078,4912.0695933216,-0.017857762416194942,0.389306256363736,0.3897156154460072,2.5,2.6154232667197803,12124.762196418269,9.880513395237928,9.102773546763405,13.434471749835636,1.75,4.082718716136791,6628840.073159443,1.7225452356464257,3.696465603145025,4.0781147659283095,0.75,6.062735051330955,1093108.7289090108,8.91831627397755,6.937072235496104,11.298643120445204,3.5,4.994819742375579,3849837.826552512,4.845805030237957,9.102773546763434,10.312240912368932,1.75,4.082718716136796,6628840.073159483,-0.23937753435355774,3.6964656031450236,3.704208357960914,0.75,6.062735051330963,1093108.72890901,0.19712075397760082,6.937072235496101,6.939872318143871,3.5,4.994819742375573,3849837.82655251,0.03100733705050745,1.1705500453001119,1.1709606583925256,1.75,4.138934732025024,109614.99284164146,0.10311956063334306,3.696810065170297,3.6982480043568775,1.75,2.1862064261912253,1093316.6217983009,-0.06230740829883623,1.6497526333660133,1.6509288187038875,1.75,2.2173242495132355,217735.58168272252,9.237790448054842,8.709783286668435,12.696341885082571,2.5,3.641839413868811,6068827.772556877,-2.275968844982678,3.3630571016904955,4.060811156968846,0.75,5.520870176978101,904813.0835755493,9.024791472006902,6.138384244489394,10.914514292729848,3.5,4.655527887885098,3014381.7854325976,4.175272973054852,8.709783286668413,9.658842026881416,2.5,3.6418394138688197,6068827.772556846,-0.5619498049826879,3.363057101690501,3.4096833654389362,0.75,5.520870176978099,904813.0835755522,0.2531081170069422,6.138384244489385,6.143600316743458,3.5,4.655527887885086,3014381.7854325892,-0.12456278047089132,0.8420221226155782,0.8511857266499968,1.75,4.289576436299883,56720.10411243967,-0.21307599359112664,3.7190887444126726,3.7251875748560463,1.75,2.0114640162927175,1106530.3814090125,-0.07804151361619734,1.6393324851500284,1.6411890429550384,1.75,2.2445207109505834,214993.48006257118,4.0,HS_12_2,HS_12,healthy,gait_full,4.0,0.5
9.018520050089943,1.982451302683789,9.233840861818388,1.75,2.7192010695856585,314409.17724364594,-0.7805607718393317,1.5930312459997338,1.7739852505773201,1.0,1.3853915155137082,203020.4433970502,4.060686740571137,1.4043566570094164,4.296672482879852,1.75,2.33489014444699,157778.34372205613,0.3168671131606652,1.5930312459997316,1.624239304454313,1.0,1.3853915155137075,203020.44339704962,0.1132254499100082,1.9824513026837844,1.9856820415212397,1.75,2.719201069585667,314409.17724364443,0.4421179005711589,1.404356657009415,1.4723063057978487,1.75,2.3348901444469843,157778.3437220558,-0.02026497026139108,0.266675246698368,0.26744411794117007,0.75,1.389135174109029,5689.282716188068,-0.005289306393221169,0.16799576154534954,0.16807900719400776,1.75,3.575020047669378,2257.8087439543565,0.028967198547456316,0.17557486606966669,0.1779483975400429,1.0,1.5457945633191792,2466.1228429476273,9.625874557826648,2.2867936087185727,9.893780167958578,1.75,3.1716708440100296,418355.1121505237,0.5989139853981872,1.615444656023586,1.7228927414614938,7.75,5.954825600086939,208773.2268472608,3.0020639902888515,1.6713314862722928,3.43594777882234,1.75,3.5799955195009594,223471.91778799213,0.24405543782669994,2.2867936087185825,2.2997800037414313,1.75,3.171670844010022,418355.11215052695,-0.31734732460180576,1.6154446560235867,1.6463203701306404,7.75,5.9548256000869335,208773.226847261,-0.5132730747111316,1.6713314862722926,1.7483701513777252,1.75,3.5799955195009563,223471.91778799202,0.020077501733475805,0.2807686715635716,0.2814856177630226,2.75,3.8429287815168998,6306.49157039252,0.009868319220509125,0.21538249758609793,0.2156084506476111,1.75,3.6703676964042655,3711.173600048784,0.007275488161970155,0.31543960636328827,0.3155234983176709,2.5,2.7349218472990304,7960.207530107523,8.7778075314676,8.167345077034431,11.989805280606015,1.75,3.940929474462882,5336495.037481999,1.897477663743797,3.5039797009476135,3.9847578632910112,1.75,6.534769132674766,982231.1589124291,9.445913940439972,5.9380484426852025,11.157316410224924,3.5,4.713274567211677,2820835.6649107914,3.58297937146765,8.167345077034454,8.918703200786629,1.75,3.940929474462879,5336495.037482029,0.16220311374380939,3.503979700947598,3.507731973050536,1.75,6.534769132674786,982231.1589124206,0.7902863304400308,5.9380484426851865,5.99040664661059,3.5,4.713274567211685,2820835.6649107756,-0.02299743706706752,0.9997493131855663,1.0000137855683116,1.75,3.943835407644338,79959.93247254792,-0.2564726027088437,3.590432189062166,3.599580739502031,1.75,2.277369122429328,1031306.201125649,0.03349128226682288,1.7068261580846464,1.7071547088386192,1.75,2.1500190432971547,233062.11314111535,9.054320569002176,8.500663144474572,12.419420069475233,1.75,3.4721698649941226,5780902.0267119575,-2.5202001454557834,3.299393134813842,4.151795254009048,1.0,5.2205103190480475,870881.8563741443,9.440771124253395,6.301896751626653,11.350861733309031,3.5,4.64447364331999,3177112.215321536,4.016099089002178,8.500663144474535,9.401612935476114,1.75,3.472169864994114,5780902.026711906,-0.8159546404557916,3.2993931348138466,3.3987905250747774,1.0,5.220510319048028,870881.8563741469,0.6301421542534458,6.301896751626659,6.333323124768687,3.5,4.644473643319973,3177112.215321542,-0.012452940137843864,0.7783682478234898,0.7784678573569279,1.75,3.983051018121581,48468.57046361487,0.06794060303221923,3.706676806142614,3.7072994039780474,1.75,2.048580531036834,1099156.8515331552,0.13434668806642291,1.7380103201810806,1.7431950280018464,1.75,2.293782007333101,241654.88625189982,4.0,HS_12_3,HS_12,healthy,gait_full,4.0,0.5
9.006599264495343,2.049171123599031,9.236770680546321,1.75,2.8785004265702065,335928.19088660233,-0.5220595652121228,1.5509695354256048,1.6364756916764105,0.75,1.3636478840150474,192440.55705832614,3.9234333783547184,1.3473036877948996,4.148319744370443,1.75,2.2880644796100555,145218.18202048208,0.5753683197878726,1.550969535425603,1.6542536695542893,0.75,1.3636478840150452,192440.55705832582,0.1251462355046194,2.0491711235990224,2.052989009725346,1.75,2.878500426570244,335928.1908865995,0.3048645383547432,1.3473036877948994,1.381365126927702,1.75,2.2880644796100453,145218.182020482,-0.03292215116923987,0.2651979379102588,0.26723363244446563,0.75,1.6603218103553674,5626.455579245995,-0.005917554424098963,0.2120520625916557,0.2121346145722985,1.75,2.9388073260970007,3597.3042337225993,0.018370377574977014,0.19381245820241608,0.19468112319048939,1.0,2.4357504709959,3005.1165428999966,9.556888171803633,2.3894253309516946,9.851064152697099,1.75,3.1636367331204944,456748.4061171004,0.6370490507495377,1.7931401195414145,1.902940614252028,8.0,6.358377636922389,257228.13935885084,3.0425819712782673,1.844585413769685,3.558061326149316,1.75,3.433488689714712,272199.63508056995,0.17506905180368698,2.389425330951701,2.3958302496406305,1.75,3.1636367331204953,456748.40611710283,-0.27921225925045623,1.7931401195414152,1.8147481847420994,8.0,6.358377636922394,257228.13935885107,-0.472755093721716,1.8445854137696864,1.904203961589124,1.75,3.43348868971471,272199.6350805703,-0.0022920896507401976,0.34100533449334125,0.3410130376215587,2.75,3.490614414525741,9302.771571463943,0.00603945013035407,0.22085711209461625,0.22093967258202166,3.5,4.351108010156946,3902.257192347327,-0.014144993517180824,0.3855177764336675,0.38577718541660855,2.75,2.7980591854148895,11889.919586291648,10.070118774723266,9.30411424376232,13.710354991684751,1.75,3.89218935003821,6925325.405457251,1.7016460873548263,3.997106168126317,4.344244137463206,9.75,6.830082587116413,1278149.041678739,9.226934367186924,7.085634609226651,11.633681086906487,3.5,4.802171749050219,4016498.7923076004,4.875290614723317,9.304114243762337,10.504046860091135,1.75,3.8921893500382,6925325.405457273,-0.03362846264516732,3.9971061681263094,3.997247627152121,9.75,6.830082587116413,1278149.0416787341,0.5713067571869866,7.085634609226648,7.108629208664492,3.5,4.802171749050222,4016498.792307595,0.02119352639561908,1.1543762660464272,1.1545707986833782,1.75,4.40533064289201,106606.7783198599,0.053765357473034,3.8219377469207325,3.8223159020418143,1.75,2.2106552127891983,1168580.1790525322,-0.09900698819277086,1.72502186885147,1.7278607674598152,1.75,2.1400276188751595,238057.0497513928,9.365180192748314,9.035436451101631,13.013289818663894,1.75,3.7368976982670445,6531135.918645564,-2.442059205885072,3.357422627158472,4.151618944749593,1.75,4.8271969731093565,901782.9875449303,9.599496954529052,6.272478304190559,11.46709753409963,3.5,4.5362911338870155,3147521.8825217816,4.3269587127483105,9.03543645110161,10.018067855815522,1.75,3.736897698267056,6531135.918645535,-0.7378137008850859,3.3574226271584733,3.437536291382165,1.75,4.827196973109335,901782.987544931,0.7888679845291088,6.272478304190578,6.32189028484017,3.5,4.536291133887009,3147521.8825218007,-0.06533606213401955,0.743824595543799,0.7466885762826939,1.75,4.070786816883718,44262.15550987934,-0.10699950385324612,4.040464281877208,4.0418808130560135,1.75,2.0955030775368524,1306033.1256590895,0.01673726623057199,1.7690882488740187,1.769167422372743,1.75,2.3564154527609045,250374.22096304095,4.0,HS_12_3,HS_12,healthy,gait_full,4.0,0.5
8.994690934398577,1.7509145349540287,9.163523706198681,1.75,3.1094166805726764,245256.6405342109,-1.2392777505944652,2.0179572841611964,2.3681133722475596,0.75,0.9720329811051426,325772.2176536747,3.5543381637363596,1.3417081283169052,3.7991447042438926,1.75,1.8793176549576773,144014.6887844274,-0.14184986559447077,2.0179572841611977,2.022936722952155,0.75,0.972032981105141,325772.2176536749,0.13705456560138224,1.7509145349540192,1.7562703842704381,1.75,3.1094166805727173,245256.64053420816,-0.06423067626361922,1.341708128316908,1.343244684100757,1.75,1.8793176549576815,144014.68878442806,0.5621131773078691,1.051276161548071,1.1921211314050237,0.25,0.6397140508235707,88414.93994794221,-0.09794806119575164,0.31407745918625224,0.3289961596446053,0.25,1.6613719788998136,7891.5721625152155,0.2513809980978649,0.5154227635329229,0.5734570876470132,0.25,0.7149053342429315,21252.874806461252,9.41256791960544,2.145811895950802,9.65406357623511,1.75,3.3680161450693085,368360.796695244,0.9581088758638596,1.9337314948127933,2.158075557537323,7.75,4.897871331974668,299145.8435678711,3.1841534131982776,1.74200168799632,3.6295182655228877,1.75,3.6593507984679516,242769.16647486677,0.030748799605487723,2.1458118959508106,2.1460321948845946,1.75,3.3680161450693213,368360.79669524694,0.04184756586386575,1.9337314948127906,1.9341842499616317,7.75,4.89787133197468,299145.8435678702,-0.33118365180170317,1.7420016879963207,1.7732040187758265,1.75,3.659350798467949,242769.16647486697,0.45038897015517015,0.9142015136622897,1.0191244438339493,0.25,1.1004099835659662,66861.59467586277,0.12159696667431488,0.3195298983521777,0.34188474409564906,0.25,2.2408905786831212,8167.953554055759,0.1564758562191518,0.5203062169112932,0.5433261018357745,2.5,1.8829437686801829,21657.50172767713,8.985377408392708,8.361590801646013,12.274086846092677,2.5,3.9176114309329257,5593337.9311992265,1.6312507360345854,3.7161815770296034,4.058446066817645,1.75,6.304769596870577,1104807.6150318126,8.995831119535822,6.201130018007848,10.926069331257565,3.5,4.868562481469198,3076331.5602092114,3.7905492483927485,8.361590801646031,9.180657075539981,2.5,3.9176114309329253,5593337.931199251,-0.10402381396541639,3.716181577029607,3.717637215668867,1.75,6.304769596870561,1104807.6150318144,0.34020350953587636,6.201130018007856,6.210455050005485,3.5,4.8685624814692146,3076331.56020922,0.49116001527904246,1.607327044210702,1.6806958046178437,0.75,2.5243028391429974,206680.4403138828,0.2758499744657147,3.4145019470952707,3.4256264763003754,1.75,2.3594821509279282,932715.1014867385,0.34909213079766843,2.037352468623318,2.0670438788739793,0.75,1.6398489849645324,332065.2200660497,8.961984270538363,8.393424605846807,12.278710790608747,2.5,3.7171497861940184,5635967.177973122,-2.6917209101850417,3.5605946870746283,4.463540745187777,0.75,4.241943662202399,1014226.8792658084,8.820288806838512,6.046242451573804,10.693668333142464,3.5,4.410246985403251,2924564.28834033,3.9237627905383756,8.39342460584679,9.265284186167625,2.5,3.7171497861940312,5635967.177973101,-0.9874754051850609,3.5605946870746363,3.6949887958516907,0.75,4.241943662202371,1014226.8792658127,0.009659836838563009,6.046242451573801,6.046250168134041,3.5,4.410246985403233,2924564.2883403283,0.07451375905482709,0.9597644984058717,0.962652685390092,1.0,3.56226891965351,73691.9962711264,-0.08787983067840557,3.483133598038306,3.4842420304025006,1.75,1.9773807076416328,970577.6045902725,0.21195963413277838,1.7214896835026328,1.7344894398374688,1.75,1.9246395541654302,237082.2729195251,4.0,HS_12_3,HS_12,healthy,gait_full,4.0,0.5
8.884749114141444,1.5416265585609512,9.017504048643262,1.5,3.1588347295859265,190130.85821702605,-1.2542348708822575,1.927898751066729,2.299977979394952,0.75,0.9746917480856366,297343.5135938935,3.940578091390437,1.3663425392313213,4.170737060623624,1.5,1.690367281198247,149352.18731428383,-0.1568069858822636,1.927898751066731,1.9342652416838133,0.75,0.9746917480856347,297343.51359389414,0.24699638585850917,1.5416265585609505,1.5612878212192798,1.5,3.158834729585967,190130.85821702593,0.3220092513904527,1.3663425392313209,1.4037741600749507,1.5,1.6903672811982589,149352.1873142837,0.7223697340977671,1.0301346448106428,1.258171458577736,0.25,0.39675099290662985,84894.19484532406,-0.0932947630876461,0.2776216032832781,0.2928782467667373,0.25,1.5142913778433993,6165.90253461942,0.3281721395906429,0.47606554924514627,0.5782173988921322,0.25,0.5903475127793167,18131.087575178597,9.450264386796384,1.8643005505307415,9.63239915717062,1.5,3.691204490323745,278051.25547114457,1.097549691518408,1.7779698959481427,2.089447840040522,0.75,4.332547254112291,252895.4262585157,3.21683957567984,1.5555937398792599,3.5732238579763784,1.5,3.1883830403487585,193589.8291035342,0.06844526679643384,1.8643005505307495,1.8655565650111203,1.5,3.691204490323733,278051.255471147,0.18128838151841184,1.777969895948141,1.7871884142897214,0.75,4.3325472541122965,252895.42625851528,-0.29849748932013953,1.5555937398792605,1.58397368497143,1.5,3.1883830403487443,193589.82910353443,0.7241108416909476,0.877848543648226,1.1379607096203646,0.25,0.6785960272833756,61649.46141128265,0.11401629833937386,0.31256466927068466,0.3327106682439046,0.25,1.8712664028770025,7815.737619520236,0.272923916705873,0.5007509088168566,0.5702972356508333,0.25,1.3783087110827188,20060.133379685238,7.809595862712163,6.537408722107043,10.184669868914364,2.25,3.2634486274312087,3419017.098587143,1.7992425522272097,3.056180183327197,3.5464786866280393,0.75,5.3454323182296,747218.9873106029,8.714307092234547,4.9078652914897125,10.00131440447598,3.75,4.516952883851137,1926971.5581465138,2.614767702712192,6.5374087221070525,7.040931965232171,2.25,3.2634486274312158,3419017.098587152,0.06396800222721344,3.056180183327196,3.0568495576771184,0.75,5.345432318229572,747218.9873106026,0.058679482234598235,4.90786529148971,4.90821607114486,3.75,4.516952883851155,1926971.5581465117,0.6031559839827014,1.529548776541189,1.6441765722795072,0.75,2.012377011243295,187161.55884907293,0.07800130065090764,2.839031000139986,2.840102326089516,1.5,2.0013895595677758,644808.2206889954,0.49254568577210434,1.6865731538042306,1.7570231232701128,1.5,1.5260176552052926,227562.35142243016,9.260357633838423,7.997702468682821,12.235908968448763,0.75,3.4022029181106284,5117075.147278935,-3.016041179092395,3.7954715139474144,4.847897318133638,0.75,3.9160530589159688,1152450.1289614388,8.115235196052756,6.072572930841418,10.135737974496053,4.25,4.931646307809147,2950135.2577869133,4.222136153838459,7.997702468682816,9.043764618737322,0.75,3.4022029181106324,5117075.14727893,-1.3117956740924115,3.7954715139474215,4.015770399780583,0.75,3.916053058915955,1152450.1289614432,-0.6953937739472014,6.072572930841414,6.112259361417217,4.25,4.931646307809136,2950135.257786909,0.4483396127240682,1.6186188222843465,1.679564020866943,1.0,2.0511007277788598,209594.43662710235,0.16468670123327192,3.0085843148876874,3.0130883308245897,1.5,2.065145798722052,724134.0884370671,0.6372093804104275,2.0173622542787966,2.115605412044474,0.75,2.103365356264567,325580.871080799,4.0,HS_12_3,HS_12,healthy,gait_full,4.0,0.5
8.825867413761175,1.784345014251389,9.00443350440077,1.75,2.580390413947974,254710.98324123732,-0.7497412543285773,1.3257991510110483,1.5231071325628427,0.75,1.6290380941517737,140620.26152278166,4.504120831562858,1.1295713266295602,4.643601602986862,1.75,2.394276435558386,102074.64650308687,0.3476866306714175,1.3257991510110483,1.370631015981055,0.75,1.6290380941517706,140620.26152278172,0.30587808623877494,1.7843450142513906,1.8103724847458575,1.75,2.5803904139479505,254710.9832412378,0.8855519915628789,1.1295713266295624,1.435316589364399,1.75,2.3942764355583743,102074.64650308728,0.1504428071303774,0.43399862471597894,0.45933413162166503,0.25,2.0662213882515412,15069.121007613787,-0.01862446084657132,0.14174433236455153,0.14296267449686967,1.75,3.2641502493135417,1607.3169048568575,0.07631648328945334,0.17048840572626073,0.18678999466982035,0.75,1.8263284712389893,2325.3204138267643,9.611901740625424,2.0782247199367343,9.834005951696094,1.75,3.3781315262838905,345521.49676739326,0.8202590085566446,1.7068063956038115,1.893677087888113,7.5,6.318856213402072,233056.2769802214,3.2094430997402044,1.7125853775880424,3.637784172542179,1.75,3.43532431761643,234636.3722528058,0.2300826206254791,2.0782247199367387,2.090922284273145,1.75,3.378131526283879,345521.4967673947,-0.09600230144335221,1.7068063956038138,1.709504171962298,7.5,6.318856213402084,233056.276980222,-0.3058939652597733,1.7125853775880477,1.7396895681444846,1.75,3.4353243176164203,234636.37225280728,0.2478472785323356,0.5534157723773728,0.6063804833534217,0.25,1.7113158828279276,24501.929993095564,-0.0029924198691130416,0.19718667623607117,0.19720938076496822,6.75,4.229390735821893,3110.6110386202345,0.10858225372884654,0.4106006946135552,0.42471524135821825,2.5,2.0887670779317298,13487.53505200223,9.141897414024601,8.02952619837187,12.167480400596087,2.5,3.4378547071065837,5157863.807818635,1.9613704474959457,3.6886056690162627,4.177653146661335,1.75,6.516139127726782,1088467.5122633616,8.969215629314292,6.24261275491178,10.927810531525655,4.25,4.688911709805324,3117620.219217167,3.9470692540246284,8.029526198371906,8.94721446408922,2.5,3.437854707106623,5157863.807818683,0.22609589749595152,3.688605669016268,3.6955285327491993,1.75,6.516139127726794,1088467.5122633644,0.3135880193143475,6.242612754911775,6.25048409754354,4.25,4.688911709805315,3117620.219217162,0.187371141572233,1.1681827019528306,1.1831140138785854,0.75,3.3618346114625623,109172.24209023811,0.019056022389702464,3.5040969434590785,3.5041487584217332,1.75,2.0300191097685265,982295.6499206595,-0.014677710530461194,1.415231124191346,1.4153072352200837,1.75,2.179792189882897,160230.50170591052,8.814819555343325,8.205254948850447,12.042726126957211,2.5,4.152656057596151,5386099.958527174,-2.78275956177855,3.487729070064245,4.4618387291385995,0.75,4.4028014238264355,973140.3367820824,9.049897009151875,5.722841725834399,10.707546558162019,4.25,4.465756115575883,2620073.446043793,3.776598075343361,8.205254948850458,9.032657515832321,2.5,4.152656057596153,5386099.95852719,-1.0785140567785607,3.4877290700642525,3.6506775585965134,0.75,4.4028014238264435,973140.3367820865,0.2392680391519145,5.722841725834405,5.7278413572227125,4.25,4.4657561155758785,2620073.446043799,0.3498502826124846,1.5247113341695482,1.564333683326265,0.25,1.7772389565663376,185979.62690620963,-0.21924021963995105,3.309052832007479,3.3163077237983343,1.75,1.9608680957946092,875987.4358151918,0.2819347065934715,1.9499558368966872,1.9702322057639312,0.75,2.258846691135366,304186.7824601552,4.0,HS_12_3,HS_12,healthy,gait_full,4.0,0.5
8.820975691580497,1.9709532461615245,9.038488194936622,1.75,2.548073657117588,310772.57919606933,-1.001855884788838,1.3431727970562586,1.6756575952854924,0.75,1.3100864279525966,144329.06086838787,4.263464966139247,1.185679333448595,4.425264850747787,1.75,2.3206888526088543,112467.04069990864,0.09557200021115833,1.3431727970562573,1.3465686651546185,0.75,1.310086427952597,144329.06086838752,0.31076980841945795,1.9709532461615265,1.9953031279431517,1.75,2.5480736571175795,310772.57919607003,0.6448961261392706,1.1856793334485973,1.349713486365365,1.75,2.320688852608843,112467.0406999091,-0.002437303498988662,0.24247004443730621,0.2424822939881909,0.75,1.3050918153354527,4703.348931739746,-0.0385405552591625,0.161396768875647,0.16593459977709163,3.5,3.2391551924831616,2083.918833303448,0.008010868276272199,0.14665010046832702,0.14686873723808683,1.0,2.4665768414506997,1720.5093385631226,9.505972289433108,2.200427381980663,9.75732493211333,1.75,3.268531911539911,387351.9082506462,0.732651457075355,1.8494282750973718,1.989261949136986,7.75,6.647830095845852,273633.711938523,3.139950950876687,1.892298175176813,3.6660720611696798,1.75,3.6390168190387477,286464.75073239685,0.12415316943316468,2.200427381980663,2.2039271024356895,1.75,3.268531911539922,387351.90825064614,-0.1836098529246392,1.8494282750973716,1.8585202508502958,7.75,6.647830095845842,273633.711938523,-0.3753861141232902,1.8922981751768158,1.9291726512819143,1.75,3.639016819038725,286464.7507323978,-0.03776335367356412,0.2969396900619334,0.2993313388450193,2.5,4.26288567741052,7053.86049065381,0.004041016151445111,0.21923890347185226,0.21927614235724874,3.5,4.660394842771603,3845.2573629348385,0.019358715073068595,0.3590204538293648,0.3595419949284413,2.5,2.737380524080523,10311.666519629809,10.030840928354438,9.382460223439997,13.734930999986286,1.75,4.09265426489896,7042547.9740953585,1.8896745307332845,4.081111999834988,4.497370897235316,1.75,6.781764980577148,1332475.7454900176,9.415242380116238,6.9943065245580645,11.728900751383838,3.5,5.50608262709076,3913767.9905266063,4.836012768354473,9.382460223440045,10.555452588123453,1.75,4.0926542648989965,7042547.974095429,0.1543999807332932,4.0811119998349925,4.084031648903766,1.75,6.781764980577176,1332475.7454900201,0.7596147701162934,6.9943065245580645,7.035434482564267,3.5,5.506082627090745,3913767.990526607,0.12047843419308894,1.1489958538357699,1.1552949948984492,1.75,3.7866748544586866,105615.97187691578,0.10395876749497816,4.071480968073887,4.072807962416956,1.75,2.151358024661339,1326159.255913398,-0.10042207102814071,1.8445677581986843,1.847299327920546,1.75,2.1295657743757372,272195.12701314996,9.176747886576893,9.081180880885574,12.910482096542918,1.75,4.017537797487854,6597468.719007286,-2.016436126526353,3.5394685130087686,4.073555204847616,1.0,6.031036034254895,1002228.0364258778,9.451671612793527,6.618545795868973,11.538598039974433,3.5,4.861070839362706,3504438.5472685327,4.138526406576928,9.081180880885576,9.979741830793834,1.75,4.0175377974878375,6597468.719007286,-0.31219062152636534,3.5394685130087646,3.553209864157969,1.0,6.031036034254887,1002228.0364258754,0.6410426427935784,6.618545795868956,6.649517585651941,3.5,4.861070839362687,3504438.5472685155,-0.0025491698118589,0.8679977577152286,0.868001500958031,1.75,3.569003426108342,60273.713392024096,-0.1597213531568618,3.6115536615176715,3.6150837833549527,1.75,1.9654660947772717,1043465.58830238,-0.0051367449140334465,1.6036098826630023,1.6036181097514333,1.75,2.3494183333610774,205725.23753714992,4.0,HS_12_3,HS_12,healthy,gait_full,4.0,0.5
9.074367457099903,2.088458046538814,9.311595016892996,1.75,2.7548446534980475,348932.7942706256,-0.8648349573627363,1.481431777752852,1.7153948862033435,1.0,1.502293241006628,175571.91240918616,3.9909558259076268,1.2566088267872204,4.184112109863403,1.75,2.615620543660132,126326.07189607996,0.04611939763725779,1.4814317777528538,1.4821494900901206,1.0,1.5022932410066374,175571.91240918665,-0.031782117099964834,2.0884580465388165,2.0886998623833164,1.75,2.754844653498026,348932.79427062656,0.11181837090764744,1.25660882678722,1.2615740531700836,1.75,2.6156205436601287,126326.07189607983,0.0018137282726479098,0.2637882934541725,0.26379452870313974,0.75,1.6059865560495277,5566.766583145847,0.030458234912256917,0.18278371622520084,0.18530405012051135,1.75,3.8732737742199888,2672.8204531203996,0.03215805430553386,0.17937293358786308,0.182232790025927,1.0,2.040707971757999,2573.990986811567,9.593762189693484,2.360009948596519,9.879773272189338,1.75,3.432374193689794,445572.01860230515,0.5867005371378259,1.5840867981622986,1.6892449509736287,4.5,5.488177556471094,200746.59704845474,3.0835247001212793,1.7047507455771507,3.523393205534102,1.75,3.53304114159524,232496.1938823318,0.15880540969352938,2.36000994859652,2.3653469334587007,1.75,3.4323741936897942,445572.01860230556,-0.11865552286217053,1.5840867981622946,1.5885245094797138,4.5,5.488177556471091,200746.59704845372,-0.3147320948787044,1.7047507455771505,1.7335603237535717,1.75,3.5330411415952576,232496.1938823317,0.04042518546272289,0.287108601695901,0.2899405883753965,2.75,3.92259488662869,6594.508275066322,0.0022561683450128475,0.2149800296276492,0.21499186829809627,3.5,4.022821900847748,3697.313066289482,0.017324751991758345,0.3065161251767522,0.3070053452709682,2.5,2.891924131476936,7516.2527902569645,9.202972472317487,8.533818186891226,12.550727276662053,1.75,3.911615990681115,5826129.553568569,1.8407317259363134,3.670583908344075,4.106273190505345,1.0,6.875947597224223,1077858.7012560563,9.406706845494956,6.08720549180267,11.20447251665665,3.5,4.883159260569719,2964345.733781338,4.0153785373175115,8.53381818689123,9.431294590079649,1.75,3.911615990681147,5826129.553568575,0.08632957093632404,3.67058390834407,3.671598973609792,1.0,6.8759475972242114,1077858.7012560533,0.7379641104950168,6.087205491802692,6.1317747616666045,3.5,4.8831592605697285,2964345.7337813587,0.05090657332154436,1.0033535612521187,1.0046441400240442,1.75,3.766475998093626,80537.64897888881,-0.3528221816525192,3.743255601209388,3.7598465378059647,1.75,2.099539276329465,1120959.5863188,0.05404277527794728,1.5869410925474798,1.5878610306873622,1.75,2.0259132217446623,201471.37966954266,9.226346624298873,8.73956838676084,12.708482506522197,1.75,3.561005242651339,6110406.104046023,-2.289574596631743,3.3554686269135314,4.062181869358189,1.0,5.735442884226393,900739.0560531145,9.41613300958519,6.28417136378593,11.320528723678366,3.5,4.611865990968273,3159264.846210251,4.011137291798904,8.739568386760839,9.616094735417768,1.75,3.561005242651327,6110406.104046022,-0.5473764841317541,3.3554686269135385,3.399822160287427,1.0,5.7354428842263685,900739.0560531182,0.7361754070852434,6.28417136378593,6.327145008566204,3.5,4.61186599096827,3159264.846210251,-0.05535339935809347,0.8857724921380647,0.8875003699430071,1.75,3.781619841751345,62767.4410398226,0.07633644555806814,3.7621954448210966,3.7629698135851486,1.75,2.0211978703794724,1132329.908482306,0.1388360473198178,1.7103977154212207,1.7160232495375816,1.75,2.338745683459793,234037.32958996133,4.0,HS_12_4,HS_12,healthy,gait_full,4.0,0.5
8.950749837878654,2.2182816430220744,9.22153436842554,1.75,2.7816332505931176,393661.91404280654,-0.7864717294876579,1.432098704916758,1.6338434692183836,0.75,1.4622574475737475,164072.58759606146,4.034089232414932,1.1893939501844701,4.2057738769246145,1.75,2.5657260394741983,113172.64982392864,0.12448262551233799,1.4320987049167602,1.4374987390181275,0.75,1.4622574475737502,164072.58759606193,0.09183550212130065,2.2182816430220886,2.22018179598398,1.75,2.781633250593134,393661.9140428116,0.15495177741495147,1.1893939501844693,1.1994448807925557,1.75,2.5657260394741943,113172.64982392848,-0.015596317061791272,0.2581080893092514,0.2585788678000668,1.0,1.9019297104026285,5329.627965913815,0.023541441960945115,0.19458962693022436,0.19600847532299323,3.5,3.557669739704774,3029.214443940699,0.01891211763454108,0.19411214217526393,0.1950312588619901,1.0,2.384252105964638,3014.3790099305124,9.55108389763926,2.5278619195440415,9.879943800651137,1.75,3.335972601387809,511206.87091745116,0.5869473690360028,1.826156009264141,1.9181639617586967,8.0,6.225984340915439,266787.6963885741,3.077568957185574,1.9005932381861879,3.617137727993138,1.75,3.571156585101512,288980.4026944471,0.11612711763930764,2.527861919544047,2.530527887957793,1.75,3.3359726013877937,511206.87091745355,-0.11840869096399315,1.8261560092641358,1.829990816443438,8.0,6.225984340915427,266787.6963885726,-0.3206878378144102,1.9005932381861899,1.9274582606015487,1.75,3.5711565851015328,288980.40269444766,0.0020334848087375647,0.34608324683522645,0.3460892208672204,2.75,3.660794330353984,9581.890228868764,0.003738976778526524,0.22900357541837446,0.22903409681038647,3.5,4.5806571378958125,4195.432678254593,-0.016201498578158533,0.36616226121113793,0.36652051796786445,2.75,2.8984646506117246,10725.988598410955,10.275755947395293,9.544217383987144,14.024380405680393,1.75,3.8671564274495775,7287370.306722782,1.7605117706529103,4.199774146512802,4.553845032093734,9.75,6.44891503469322,1411048.3144067458,9.180512442836461,7.232043621512035,11.686927040780565,3.5,4.96215656927833,4184198.348344167,5.088162012395336,9.54421738398715,10.815797619093354,1.75,3.867156427449581,7287370.306722792,0.0061096156529193025,4.199774146512805,4.199778590487931,9.75,6.448915034693218,1411048.3144067484,0.5117697078364943,7.232043621512024,7.250128493848355,3.5,4.9621565692783225,4184198.348344156,0.07619706406372793,1.067963202827216,1.070678007229483,1.75,3.9641786377462136,91243.74916997453,0.0381311890289755,3.864147691089364,3.864335824708824,1.75,2.229443084557755,1194535.8578388947,-0.06657257313206678,1.6272029160860035,1.6285641644136155,1.75,2.1479663104036573,211823.64405976163,9.53972078183552,9.27477642039668,13.30517757279965,1.75,3.9988088753994915,6881737.183031269,-2.305029666259705,3.4359163816476666,4.137473038463468,1.0,5.39431274474387,944443.099635092,9.528165333555192,6.192636807858585,11.363744332640007,3.5,4.682648588719605,3067911.6941154716,4.324511449335551,9.274776420396687,10.23341961046163,1.75,3.9988088753994795,6881737.183031277,-0.5628315537597264,3.4359163816476683,3.4817094565144853,1.0,5.394312744743851,944443.0996350929,0.8482077310552433,6.192636807858578,6.25045654245086,3.5,4.682648588719617,3067911.6941154646,-0.17032362528763728,0.8959625862811739,0.9120082748236298,1.75,3.5379173028274358,64220.297410814426,-0.05758437655569987,4.147638876046911,4.148038597520397,1.75,2.0516825769492346,1376236.6957362292,0.038694296830140286,1.7488272147457051,1.7492552345619548,1.75,2.331409945944471,244672.2993972009,4.0,HS_12_4,HS_12,healthy,gait_full,4.0,0.5
8.891641844039075,1.7601904705161064,9.064191369072164,1.75,3.2392485804028013,247861.8281376592,-1.403089894243442,1.6724042557802732,2.183024792823032,0.75,1.3258242932042124,223755.02672470888,3.7981170433852727,1.179730641244906,3.977116727121018,1.75,2.1277403971288202,111341.16982364291,-0.4921355392434457,1.6724042557802756,1.7433110404452827,0.75,1.3258242932042104,223755.02672470946,0.15094349596087525,1.760190470516112,1.7666506251855862,1.75,3.239248580402827,247861.82813766084,-0.08102041161470874,1.1797306412449047,1.1825094895984263,1.75,2.127740397128826,111341.16982364262,0.6237509036755824,0.9482113296086353,1.134975733412077,0.25,0.583424253290621,71928.65264901612,-0.06469345498752439,0.3282971800422489,0.3346106417045274,1.75,2.10621198189601,8622.353032136089,0.26904375227221883,0.5434931523292472,0.606439895839231,0.25,0.8727263601910134,23630.785295405156,9.449139079216064,2.134096009600631,9.687135547547662,1.75,3.555081591722369,364349.366467971,0.8273859892832397,1.9897950184140971,2.154959811821966,7.75,5.631626791943622,316744.2247097467,3.2238068174181773,1.7635374033849935,3.674642100826937,1.75,3.634746479503765,248806.73830562824,0.014182299216112764,2.134096009600635,2.1341431338606154,1.75,3.5550815917223892,364349.3664679723,0.12202992928324231,1.989795018414098,1.9935334255904598,7.75,5.631626791943631,316744.2247097469,-0.1744499775818034,1.7635374033849949,1.7721447367007528,1.75,3.634746479503766,248806.7383056284,0.530910112256498,0.9937460317203672,1.1266750742144713,0.25,0.8555258243545394,79002.60800462909,0.10136848798730633,0.29820177180608726,0.31496010392607254,0.25,2.8622214718627097,7113.944234362609,0.1877895740654495,0.5143785654631392,0.547585822255836,0.25,1.6683381181796202,21166.831987216567,9.06363654355426,8.23997074432407,12.249352034330991,2.5,3.6675813938537516,5431801.151675074,1.5987923763544318,3.998895368925292,4.30665778003096,1.75,6.637046647377608,1279302.5104997347,8.854819408809494,6.378192213965755,10.912798114183303,3.5,5.048592614182886,3254536.970740984,3.876042608554304,8.239970744324074,9.106087204208242,2.5,3.6675813938537445,5431801.151675077,-0.1556097786455658,3.9988953689253015,4.0019218601594835,1.75,6.637046647377602,1279302.5104997407,0.18607667380952594,6.378192213965732,6.380905926812359,3.5,5.048592614182882,3254536.97074096,0.5344938572252775,1.7011267014828682,1.7831196644952183,1.75,2.139289177652853,231506.5701624007,0.5233621964375328,3.3754308112162255,3.4157636261848894,1.75,2.0538137959799028,911487.0553232137,0.36486378480200615,2.0020585249053933,2.035034132049486,0.75,1.5873316246871005,320659.0819300236,8.77946471754073,8.420969702777677,12.165185221016657,2.5,4.029989813234347,5673018.955142571,-2.866843221823791,3.9910295128867634,4.913970556612053,0.75,3.836770745722325,1274266.6141638237,8.795632730633356,5.7133973448666335,10.488377584379668,3.5,4.55412654946503,2611432.7548040645,3.564255385040775,8.42096970277771,9.144213863689556,2.5,4.029989813234335,5673018.955142613,-1.124645109323793,3.991029512886729,4.14646152697198,0.75,3.8367707457223257,1274266.614163801,0.11567512813340045,5.713397344866623,5.71456822127426,3.5,4.55412654946503,2611432.7548040543,0.06104303176902054,1.0762481734026241,1.0779779137255265,1.0,2.878485648102022,92664.8385150023,-0.0755371758511529,3.548405528500873,3.549209441499772,1.75,1.9947828246392756,1007294.5875966715,0.29845419848770355,1.9476051307602567,1.9703402381209734,1.75,1.8355650053876964,303453.28523056686,4.0,HS_12_4,HS_12,healthy,gait_full,4.0,0.5
9.004643758706125,1.680974673224332,9.16020114807676,1.5,3.313260141982552,226055.06468093675,-1.2180682376368843,1.7213676869536945,2.108742977517207,0.75,1.2645277970847282,237048.88587438676,4.060741352988286,1.2156893093824672,4.238811252322513,1.5,1.9305039523112923,118232.05256442462,-0.3071138826368912,1.7213676869536987,1.748549584826416,0.75,1.2645277970847284,237048.88587438792,0.037941581293821205,1.6809746732243305,1.681402811824912,1.5,3.313260141982508,226055.06468093628,0.18160389798830998,1.2156893093824686,1.229178779800307,1.5,1.9305039523112937,118232.05256442491,0.7514266886479952,0.9042288838548126,1.1757006178486984,0.25,0.4217499054053908,65410.40292024342,-0.03772789934966962,0.3214855518219609,0.32369175834365865,1.5,1.8953553717655225,8268.239786381626,0.3334933627795854,0.5086504863337835,0.6082295128203091,0.25,0.8767202553304766,20698.02581588973,9.537619769053364,1.8745810776752436,9.72009491084401,1.5,3.3801583091378427,281124.42409510503,1.0126447214966008,1.8456528928325087,2.105204012155576,7.75,5.1441793433204595,272516.60144423164,3.299947044527087,1.7455387553949857,3.733169704590046,1.5,4.047863450852078,243757.8159551929,0.1026629890534274,1.8745810776752492,1.8773901848309218,1.5,3.380158309137856,281124.42409510684,0.30728866149660433,1.8456528928325089,1.871058770403908,7.75,5.144179343320465,272516.6014442317,-0.09830975047289402,1.745538755394986,1.7483049944514597,1.5,4.04786345085207,243757.81595519296,0.7568156657580378,0.9497364234205695,1.2144007682427072,0.25,0.7662796881880845,72159.95552435699,0.08469552306371479,0.29340785644830464,0.3053874618458086,0.25,2.539117965212497,6887.126472123637,0.29697059152628213,0.47981000900775844,0.5642775708598519,0.25,1.5161762214796333,18417.466697887256,8.151092251053464,6.898419995264008,10.67841295868642,2.25,3.5038464055283383,3807094.9107078197,1.6430809249058482,3.307275372274645,3.6929372204038144,0.75,6.4657284596881,875045.6928422401,8.838780137144495,5.119951733390224,10.21459446405121,3.5,4.478331852465279,2097113.4989188833,2.963498316053499,6.898419995264011,7.508030414183885,2.25,3.5038464055283374,3807094.910707824,-0.11132123009414294,3.3072753722746495,3.309148350304666,0.75,6.465728459688091,875045.6928422425,0.17003740214454804,5.119951733390205,5.122774489509902,3.5,4.478331852465285,2097113.4989188674,0.48691715495728444,1.6321531300893168,1.703235789857661,0.75,1.872263298756433,213114.0885407091,0.013094673923022455,3.1728260448483994,3.1728530664613968,0.75,2.1917711956560204,805356.5663104374,0.6079077380474572,1.839854106518349,1.9376828820140841,0.5,1.6359329278390475,270806.3751619213,9.200009370387415,8.647286450051244,12.62599443071539,0.75,3.9107576883972217,5982046.603259367,-3.3986234047677133,4.454206365916983,5.6027310659722245,0.75,4.162667353496873,1587196.365924924,8.428849215091843,6.085828542848692,10.396288190681624,4.25,4.58219515017386,2962989.663493069,3.984800037887462,8.647286450051247,9.521249618153481,0.75,3.9107576883971906,5982046.603259371,-1.6564252922677145,4.454206365916955,4.752230960195359,0.75,4.162667353496873,1587196.3659249032,-0.2511083874081082,6.085828542848684,6.0910068523338925,4.25,4.58219515017385,2962989.66349306,0.5302894156913545,1.6094557396822793,1.6945662106835808,1.0,2.6240849101124937,207229.11778453857,0.024735379014503085,3.2045254976818565,3.2046209610916767,1.5,2.3395291544607812,821524.6494312515,0.5958010085196674,2.2312423366931955,2.309420101844869,0.75,2.3825435772810195,398277.1727906319,4.0,HS_12_4,HS_12,healthy,gait_full,4.0,0.5
8.864881284786813,1.9281954125555147,9.07215838388879,1.75,2.8026285632085917,297435.865649862,-0.6807936653811274,1.2901989161255545,1.458798566627561,0.75,1.4024968679399181,133169.23049500908,4.346082987769603,1.119393052833035,4.487925817491998,1.75,2.3536524883617096,100243.42292980285,0.23016068961886596,1.2901989161255565,1.3105675054026757,0.75,1.4024968679399248,133169.23049500945,0.1777040552131307,1.928195412555513,1.93636677317065,1.75,2.802628563208568,297435.86564986146,0.46694553276963285,1.1193930528330351,1.2128804299288445,1.75,2.353652488361694,100243.4229298029,0.1370081550819553,0.3554228595173642,0.38091553345388934,1.0,2.373792616044672,10106.553183723066,0.039919847159330724,0.16329065940382004,0.16809947544760123,1.75,3.655570656649753,2133.1227906561567,0.06452328688099261,0.15295764964404082,0.16600993083112833,0.75,1.7429522114458413,1871.6835434950292,9.502962971859702,2.1270029048227284,9.738092554584851,1.75,3.012813949027105,361931.5489362778,0.7921696597402555,1.6300906959057895,1.8123819814519269,7.75,6.018765288787778,212576.83209680227,3.2283012461069154,1.8519848337253022,3.7217975173246596,1.75,3.3862150209132027,274387.8495420143,0.06800619185975852,2.1270029048227257,2.1280898005618982,1.75,3.0128139490270778,361931.5489362768,0.08681359974025753,1.6300906959057888,1.6324007712502713,7.75,6.018765288787767,212576.8320968021,-0.16995554889307027,1.8519848337253009,1.8597668437059724,1.75,3.386215020913217,274387.8495420139,0.21508900563544117,0.5231076926274077,0.5656013953582623,0.25,1.7012641669115673,21891.410119208966,-0.009993877987002004,0.2165253639848167,0.21675587845771668,3.5,3.9158401615876692,3750.6826211254293,0.09245852078519645,0.405163370083257,0.41557903523037454,2.5,2.2376761452719114,13132.617659074947,9.22915081297192,8.223322169093159,12.361239914558702,2.5,3.5690468453484208,5409842.788460712,1.8617625018582493,3.5505949066798315,4.009100124051063,9.5,6.724247679269344,1008538.7860485918,9.052584680793894,6.087828954984332,10.909214031638113,3.5,4.7192782196601275,2964934.057210094,4.041556877971959,8.223322169093162,9.162816679088452,2.5,3.569046845348426,5409842.7884607185,0.10736034685825835,3.550594906679842,3.552217678495838,9.5,6.724247679269338,1008538.7860485979,0.3838419457939402,6.087828954984314,6.099917706370824,3.5,4.719278219660124,2964934.057210078,0.041063802420915244,1.0219894070165687,1.0228140514889994,1.75,4.079237711324108,83557.2092655761,-0.02499712266358788,3.5645881522696983,3.564675798925193,1.75,2.0148125619054675,1016503.413232326,0.03483308751652739,1.6377070078099802,1.6380774058071408,1.75,2.138051487818665,214567.7478219395,9.032107921853076,8.579818239422723,12.457618333113754,1.75,3.9214252357456245,5889062.655935202,-2.973274989726253,3.6786717095031554,4.730009483164967,1.0,4.988856313952278,1082610.1235750755,8.991678146551617,5.678983037098544,10.634901232584482,3.5,4.487943690666642,2580067.876662621,3.8168985893531078,8.579818239422728,9.390526921474464,1.75,3.921425235745621,5889062.655935209,-1.231076877226263,3.6786717095031514,3.879197832534454,1.0,4.988856313952278,1082610.123575073,0.31172054405167127,5.678983037098549,5.687531805030801,3.5,4.487943690666649,2580067.876662624,0.2810893280546482,1.4730381588652397,1.4996174938361144,1.75,2.231305616033563,173587.36619401092,-0.1224108554170868,3.5477655347469543,3.5498767171638916,1.75,2.0504626497193525,1006935.0682782385,0.222757623915517,1.925901180398286,1.9387409098876514,1.75,2.524024614166727,296728.03006480885,4.0,HS_12_4,HS_12,healthy,gait_full,4.0,0.5
8.869888840401307,1.9224289499814098,9.075828397937142,1.75,2.871868550589009,295660.2580049131,-1.003711604331103,1.1773733296025501,1.5471408927206052,0.75,1.537554059850619,110897.15655967237,4.116280678046807,1.1254253166260728,4.267358522993395,1.75,2.205294572614823,101326.87728558718,-0.09275724933111135,1.1773733296025501,1.1810215343349455,0.75,1.537554059850621,110897.15655967238,0.17269649959863728,1.9224289499814002,1.9301702382692079,1.75,2.8718685505889727,295660.2580049103,0.2371432230468325,1.1254253166260673,1.1501387096954538,1.75,2.2052945726148114,101326.87728558618,0.02232282275948811,0.20056061049328502,0.20179907556128868,0.75,1.4364872996259854,3217.9707611837484,-0.006492326384502172,0.1692329455493313,0.1693574331441813,1.75,3.2977896275517047,2291.189093450314,0.0053274923328584045,0.13474871992130755,0.13485399398975043,1.0,2.353667940028339,1452.5871988716103,9.511422832654203,2.148519395813188,9.751066602978423,1.75,3.213202463397517,369291.3819124847,0.6794922173157457,1.7862034253011327,1.9110814608357667,7.75,6.356424189592464,255241.88785017002,3.035184475851568,1.930584852081172,3.5971520225778115,1.75,3.689688002900372,298173.80385923927,0.07646605265425066,2.1485193958131874,2.149879683004141,1.75,3.2132024633975007,369291.38191248453,-0.02586384268425151,1.7862034253011314,1.7863906669359562,7.75,6.35642418959245,255241.8878501696,-0.36307231914841664,1.9305848520811706,1.9644285123203353,1.75,3.6896880029003745,298173.8038592388,-0.024585270844829133,0.3280505717445461,0.3289705354046729,2.5,3.6226011192361818,8609.401303382996,-0.002270304206955945,0.2276623193798919,0.22767363911226968,3.5,4.425147403541238,4146.411999799559,0.008632761809201408,0.3929792429234755,0.39307405147778757,2.5,3.1031188513006405,12354.683307852001,10.153385963266961,9.55088276677304,13.939534000235042,1.75,4.059713655400962,7297589.345729345,1.9051548436746697,4.062295608435143,4.486854197395822,9.5,6.2744951837083365,1320180.4135728597,8.961477211939444,7.124466953080262,11.448410509133689,3.5,4.957730035335168,4060642.3660671706,4.965792028267001,9.550882766773036,10.764685415405424,1.75,4.059713655400964,7297589.345729339,0.15075268867467925,4.062295608435157,4.065091878845324,9.5,6.274495183708329,1320180.4135728688,0.2927344769394967,7.1244669530802645,7.130478443942021,3.5,4.957730035335178,4060642.3660671744,0.07210488003184966,1.134198842788094,1.1364885079516902,1.75,4.1628503813363205,102912.56722368688,0.25233113901248144,3.966767573663054,3.974785024020797,1.75,2.096452755733166,1258821.2809397862,-0.15050888243082075,1.8298399991199912,1.8360194296548236,1.75,2.124126555697919,267866.13345397625,9.174018589729,8.716721592757747,12.65479562894409,1.75,3.6980311861607493,6078514.315582698,-2.100306521345358,3.2139131553367624,3.8393391688743184,7.0,6.003886393554129,826340.322616289,9.05938617039319,5.92084292803047,10.822608685650598,3.5,4.60156429559949,2804510.5462136795,3.9588092572290146,8.716721592757732,9.573578539959394,1.75,3.6980311861607547,6078514.31558268,-0.3581084088453615,3.21391315533676,3.2338026226924317,7.0,6.003886393554146,826340.322616288,0.3794285678932337,5.920842928030474,5.932988034417564,3.5,4.601564295599484,2804510.5462136837,-0.09433042627815436,0.7368876263921983,0.742900803103447,1.75,4.262988110413968,43440.60979109997,-0.14624095223460698,3.6586483481853653,3.6615699026223694,1.75,1.966995482628049,1070859.4829311382,0.009999124803281738,1.5003872470841777,1.5004205656114118,1.75,2.1815146468220536,180092.95840142874,4.0,HS_12_4,HS_12,healthy,gait_full,4.0,0.5
9.015120173262298,1.8417429358592692,9.201326468512484,1.75,2.7693656230106645,271361.6462545719,-0.6546074187397548,1.3846867991803755,1.5316228009838186,0.75,1.2524207893175032,153388.6446581473,3.921313662793233,1.206068926600732,4.102597116183933,1.75,2.15739836874213,116368.18056971655,0.22054461126023805,1.3846867991803784,1.4021403130144754,0.75,1.252420789317503,153388.64465814794,0.20104613673764754,1.841742935859289,1.8526836186690716,1.75,2.769365623010699,271361.6462545778,0.49655067279325615,1.2060689266007376,1.304287095068908,1.75,2.157398368742139,116368.18056971763,0.02228742477937672,0.2347689104761335,0.2358244487525565,0.75,1.1646846932574664,4409.31547809258,-0.0013617779543343732,0.16994606311608446,0.16995151899248526,0.75,3.9402446286505732,2310.58302502588,-0.008886845674055212,0.15480500531113475,0.15505987777440988,0.75,1.7366947866205513,1917.1679681326864,9.481059147090432,2.165389348096183,9.72519375536938,1.75,3.6464419741397975,375115.3286638148,0.8237159294854806,1.5786123090747513,1.780596741222012,7.75,6.094947746496098,199364.02019759867,3.09868750902051,1.606623643353314,3.490430318734584,1.75,2.9039201557650034,206499.4761623457,0.08291765209047743,2.1653893480961677,2.166976318716138,1.75,3.6464419741397878,375115.32866380963,-0.03393180051451444,1.5786123090747521,1.5789769439255525,7.75,6.094947746496096,199364.02019759885,-0.3843232309794665,1.606623643353314,1.6519515359877766,1.75,2.903920155765002,206499.47616234567,-0.024449442363814775,0.28258551939026233,0.2836412364254638,2.5,3.820240892070917,6388.366395098865,-0.003277101187381051,0.19966639869355374,0.199693290221393,3.5,4.348141337710826,3189.3337781438922,0.015687891326643055,0.29977970420781747,0.3001899082067935,2.5,3.114290545948622,7189.43073785171,8.960325922097722,8.148518602435505,12.111391168831673,2.5,3.2869312975080143,5311869.308970477,1.9883306390559674,3.6093668070787244,4.12079937369564,1.75,5.746287817623901,1042205.991190546,9.000987163708725,6.358733106689683,11.020492577165534,4.25,5.303967546528919,3234705.2866114457,3.6689129320977427,8.148518602435507,8.9364018216255,2.5,3.286931297508026,5311869.308970477,0.27303523905597293,3.6093668070787372,3.619679128017857,1.75,5.746287817623917,1042205.9911905535,0.40649358870877916,6.358733106689666,6.3717127807028895,4.25,5.303967546528916,3234705.286611429,0.1362510229937698,0.9555764976796354,0.9652413087847654,1.75,3.7464634573488986,73050.21154030721,0.15036967756039288,3.4536371320908645,3.4569090934079294,1.75,2.0131854739430564,954208.8955434731,-0.13976210838319364,1.6147920881826943,1.6208290887681964,1.75,2.1012194805757325,208604.6127673861,8.763660464039704,8.07049957857734,11.913635388779934,2.5,3.636914694500754,5210637.079438458,-2.3524900478679274,2.954456871743337,3.776642004785345,0.75,6.07909777372764,698305.251620204,9.034945672108227,5.7609344203101855,10.715344543833476,4.25,4.723550050375382,2655069.5011960804,3.6318450590397253,8.070499578577323,8.850043049651681,2.5,3.6369146945007653,5210637.079438437,-0.5078458278679406,2.9544568717433486,2.997786315245696,0.75,6.079097773727669,698305.2516202095,0.33207648710827165,5.760934420310173,5.770497395234199,4.25,4.723550050375391,2655069.501196069,-0.07574435415155265,0.7640060755821301,0.76775158138049,1.75,3.6252212644868864,46696.49840025415,-0.11136616589821154,3.3602077900013883,3.362052768011365,1.75,1.9392008488774228,903281.0851048076,0.07624415222887915,1.6094238222586794,1.6112287889691017,1.75,2.076381187675686,207219.61660276225,4.0,HS_12_5,HS_12,healthy,gait_full,4.0,0.5
9.161072029419525,2.028647207922861,9.3829979336258,1.75,2.6021686116526888,329232.7595436572,-0.714642656971927,1.28302452363071,1.468627269051513,0.75,1.5183081168505361,131692.99225383843,3.6614144513869156,1.1435230016585294,3.8358311537588676,1.75,2.3506623431925373,104611.81555615446,0.16050937302806706,1.2830245236307114,1.2930255941270759,0.75,1.5183081168505266,131692.99225383878,0.05509428058041546,2.028647207922869,2.0293951990595436,1.75,2.6021686116526745,329232.7595436599,0.23665146138693754,1.143523001658533,1.167753728103111,1.75,2.350662343192546,104611.8155561551,-0.008079168117268895,0.2500176995072603,0.25014820212100225,0.75,1.5723946550694357,5000.763475175375,0.014121937979193321,0.13638005824906496,0.13710926088454614,3.5,4.148971870496277,1487.9641102085463,0.009533791790789255,0.15543050171616068,0.15572261894036957,0.75,2.1630507259336995,1932.7074819706959,9.56265817801734,2.2226724806231966,9.81757120604285,1.75,3.357115873789502,395221.87144281203,0.6975242334767532,1.8114003565730128,1.9410593262649574,7.75,6.679524872827806,262495.40626997617,3.153324403176928,1.8566977411576833,3.659341647576948,1.75,3.2281508641424668,275786.12249585154,0.16451668301740446,2.2226724806232014,2.228752721840345,1.75,3.3571158737894895,395221.87144281383,-0.16012349652324262,1.8114003565730104,1.8184638533475606,7.75,6.679524872827803,262495.4062699754,-0.32968633682304743,1.8566977411576848,1.885741122929616,1.75,3.228150864142467,275786.12249585195,-0.0019860377932475327,0.3047392583636299,0.30474572996865995,2.5,3.970770816832762,7429.305246026217,-0.0018681806598751583,0.22232690441023803,0.22233475329695324,3.5,4.597249435837195,3954.3402223719663,0.011191756410229728,0.37218264499472403,0.372350878402099,2.5,3.0111151722449447,11081.606885705878,9.46003291978815,8.58523897415566,12.774918828972528,2.5,3.8634928536101056,5896507.4239010485,2.1514322851130068,3.6597401699548926,4.245274901464926,1.75,5.855956867862766,1071496.816672405,9.322671423641209,6.002313720882259,11.087829926413367,3.5,4.672417599393925,2882222.439719036,4.168619929788175,8.58523897415565,9.543779144677874,2.5,3.863492853610106,5896507.423901038,0.4361368851130152,3.6597401699548944,3.6856361044109556,1.75,5.855956867862772,1071496.8166724066,0.7281778486412649,6.00231372088226,6.046322269209876,3.5,4.672417599393933,2882222.4397190376,0.03522784564974495,0.9740447698225094,0.9746815965881923,1.75,3.6039681100274183,75901.14227041716,-0.2930670954637997,3.788069655722495,3.7993894297701485,1.75,2.1088642018205017,1147959.148801864,0.08472497358741787,1.6713541190418575,1.67350019790485,1.75,2.0513025554270965,223474.29990512133,10.042683627159857,9.640610835981294,13.92109448736214,1.75,3.996275203971999,7435310.325595379,-2.1382752432969285,3.4923940513592675,4.095001492803896,9.5,6.087315175369039,975745.315331823,8.966090876112592,6.919074493237375,11.325386414673783,3.5,4.86948032103755,3829887.4575462285,4.91086822215987,9.64061083598129,10.819334729374978,1.75,3.996275203972013,7435310.325595376,-0.29363102329693996,3.4923940513592826,3.504716163658922,9.5,6.087315175369052,975745.315331831,0.2632216911126386,6.919074493237362,6.924079541833707,3.5,4.869480321037554,3829887.457546215,-0.07334321518437362,0.8984477890627773,0.9014364408461497,1.75,3.6189079548964593,64576.69239297039,0.13217282898341673,3.857734318399258,3.8599978922373603,1.75,2.0093812671887545,1190572.065786291,0.14608668528827365,1.6669902231515672,1.6733791332813457,1.75,2.219895365583076,222308.97779782294,4.0,HS_12_5,HS_12,healthy,gait_full,4.0,0.5
9.316611451264873,1.8333225451528805,9.495278852588038,1.75,2.855596248355374,268885.7252986189,-0.6038146859627553,1.4078471897552618,1.5318700612930878,0.75,1.3439606911665276,158562.8441081788,3.213609343054551,1.1722919840909571,3.4207533535365298,1.75,2.459571743142144,109943.29038873123,0.2713373440372395,1.407847189755259,1.433756486984789,0.75,1.3439606911665245,158562.8441081781,-0.10044514126492902,1.833322545152886,1.8360721066912344,1.75,2.8555962483553423,268885.7252986205,-0.21115364694542893,1.1722919840909576,1.191156731325592,1.75,2.4595717431421344,109943.2903887313,0.39218660047660725,0.8685485159884795,0.9529883809465821,0.25,1.0318339770239178,60351.003786486996,0.006260619370543502,0.17288130844661082,0.17299463045168484,3.5,4.044028316404309,2391.0859304302608,0.10605775458396308,0.3656447326014062,0.380715533944369,1.0,1.6229255751279255,10695.83561616564,9.588310631448003,1.9381410481963606,9.78223346111932,1.75,3.3778740889625345,300513.83525211824,0.5390331638976972,1.669856060301677,1.7547011181132242,7.75,6.317845928997645,223076.05549328699,3.211371736413736,1.75788747402966,3.661021278384947,1.75,3.206245565780831,247214.12529466773,0.19016913644805966,1.9381410481963723,1.9474483364549453,1.75,3.3778740889625616,300513.83525212185,-0.31861456610230104,1.669856060301673,1.6999807363199098,7.75,6.317845928997652,223076.05549328594,-0.27163900358624327,1.7578874740296597,1.7787512809889146,1.75,3.206245565780813,247214.1252946676,0.2972193280258427,0.8074767376740526,0.860440591114148,0.25,1.5430078926720177,52162.46139022213,0.031934915396013175,0.2550093035733296,0.25700113565956295,3.5,3.7522483846904575,5202.3929854139105,0.0815663365614595,0.47030043221842244,0.47732123753808847,2.5,2.505043434632146,17694.670615987317,9.186344574425299,7.938291620712812,12.14106257687326,1.75,3.9087100895330984,5041324.031089817,1.600243282758982,3.819779489117686,4.1414362133805005,1.75,5.137213900265271,1167258.0637464677,8.868262497854056,5.421931810233832,10.394393887364005,3.5,4.722526434559383,2351805.962738741,3.8949315844253305,7.938291620712818,8.842339390841847,1.75,3.908710089533106,5041324.031089825,-0.11505211724101237,3.8197794891176744,3.8215117866056256,1.75,5.137213900265229,1167258.063746461,0.27376892285410515,5.421931810233829,5.428839100392107,3.5,4.722526434559382,2351805.962738739,0.09675745226219666,1.3247787911274835,1.3283075133377316,1.75,3.751750912600984,140403.28177932638,-0.07816296766235845,3.3867147785984426,3.387616631363544,1.75,2.0512387948716064,917587.4219026798,0.1669355585991651,1.680437371882774,1.6887087497686213,1.75,2.2574787940372896,225909.62976527755,9.463801424706807,9.134602444813746,13.153117471956216,1.75,3.9754136166405103,6675282.183446049,-2.9239741008757694,4.192314085050494,5.111274002663625,0.75,4.216536317461648,1406049.3029259495,8.654393084551616,6.318775646088764,10.71566355050117,3.5,4.710668581699683,3194169.2127287923,4.3319860197068225,9.134602444813739,10.109750971202628,1.75,3.975413616640519,6675282.1834460385,-1.0793298808757823,4.192314085050514,4.329024183284757,0.75,4.216536317461632,1406049.3029259618,-0.048476100448321485,6.3187756460887785,6.318961591742692,3.5,4.71066858169966,3194169.212728806,0.20826090353350324,1.44105100541177,1.4560221853182267,1.0,2.616666038356751,166131.77054953482,-0.04142990895234751,3.867691202334864,3.86791309028193,1.75,2.0395650259105675,1196723.5312587763,0.3139554369698507,2.224358339741869,2.2464055822540443,1.75,2.2859904183843502,395826.34711195086,4.0,HS_12_5,HS_12,healthy,gait_full,4.0,0.5
9.116049275504508,1.5323829929138595,9.243946777778305,1.75,3.4859851189899542,187860.65773519507,-0.7487389172447749,1.716988621351818,1.8731417170220983,0.75,1.760477904043134,235844.14756684063,3.474697025716949,1.3222245863531317,3.7177677815166077,0.25,1.970712218955303,139865.89807706117,0.12641311275522044,1.7169886213518186,1.7216359083523098,0.75,1.7604779040431364,235844.14756684087,0.10011703449544203,1.532382992913865,1.5356500439774081,1.75,3.485985118989975,187860.65773519635,0.04993403571697094,1.322224586353132,1.3231671340687443,0.25,1.9707122189553439,139865.89807706123,0.8060726802219432,1.072488321235224,1.3416349596615826,0.25,0.4713681269294816,92018.50078156956,0.0323132920252477,0.18539272305962087,0.18818770046145478,2.0,3.257857848589314,2749.640605052585,0.22900377473134856,0.527044023201541,0.5746460921590546,0.25,1.0703208273129035,22222.0322087071,9.474873572407171,1.6073138055912082,9.610238648584328,1.75,4.022343785283224,206681.39921242683,0.9647627954922648,1.6307574080585137,1.8947656782578082,0.75,4.214312955185161,212750.60607706988,3.0325822903649953,1.4747776269487556,3.3721690937412983,1.5,2.948185338928355,173997.82193037306,0.07673207740721877,1.607313805591214,1.609144332043381,1.75,4.022343785283293,206681.39921242837,0.10711506549226811,1.6307574080585128,1.6342715077957921,0.75,4.214312955185164,212750.60607706962,-0.45042844963498796,1.4747776269487558,1.5420294540601949,1.5,2.9481853389283397,173997.8219303731,0.7071581616305217,1.0074217088750514,1.2308416490651377,0.25,0.5771399118765048,81191.99552671929,0.059285442454108404,0.26294809752578374,0.2695486332360238,0.25,2.494563755717339,5531.36287905796,0.2839974589187681,0.45211983090180713,0.5339165647992166,0.25,1.7357913685886068,16353.003441543467,8.566761541672877,7.470809773326228,11.366723449662711,2.75,3.3687284979200407,4465045.511456983,1.2831331976941514,3.6522734360033704,3.8711150918515305,0.75,5.595719396606761,1067128.809466535,8.310532784642028,5.371418433399616,9.895306521340062,3.25,4.779826359155771,2308185.593221802,3.2753485516729186,7.470809773326266,8.15726098664087,2.75,3.3687284979200647,4465045.511457029,-0.43216220230584307,3.6522734360033597,3.6777527677153103,0.75,5.595719396606731,1067128.8094665287,-0.2839607903579271,5.37141843339962,5.378919010091705,3.25,4.779826359155729,2308185.593221806,0.5326016380226781,1.556028010339691,1.6446542718109898,0.75,3.2367526385743997,193699.16345811737,0.5991403953233969,3.0541115272593373,3.1123249242723094,0.75,2.1544736818689203,746215.4191253934,0.376649049090209,1.9717566076825719,2.0074084353017057,2.0,1.868101681052113,311027.6399284753,8.074424791677847,7.3134767235135305,10.894185490519062,0.75,3.658134525870254,4278955.403478216,-3.1907754819863037,4.0122447455528905,5.1263199348715744,0.75,3.9272681906076974,1287850.4323744571,8.33102553985838,4.9549137656281435,9.693150002480301,4.0,4.231389823055069,1964094.4613246962,2.9426093866778613,7.3134767235135385,7.883266568367392,0.75,3.6581345258702784,4278955.403478226,-1.3461312619863157,4.012244745552912,4.23204173806377,0.75,3.927268190607672,1287850.4323744704,-0.371843645141561,4.954913765628166,4.968846759686159,4.0,4.231389823055048,1964094.4613247132,0.5215692234781489,1.6779393271360108,1.757132561996746,1.0,2.126847829290568,225238.4316790837,-0.11384380693779945,2.912821699587505,2.915045568420146,2.0,2.066950818006957,678765.0874880127,0.43295520816259087,2.279626179376533,2.3203762044060787,0.75,2.0901944731955013,415735.81162950216,4.0,HS_12_5,HS_12,healthy,gait_full,4.0,0.5
8.99592332016256,1.7137556264211449,9.157706848842384,1.75,2.9023756633199564,234957.72251559113,-0.7711715701058484,1.7276879453294374,1.891986053589236,1.0,1.7537321822299863,238792.7478416933,4.023138182111153,1.207199438715542,4.20035371334317,1.75,2.059438018303959,116586.71760582237,0.10398045989414734,1.7276879453294378,1.7308141357397255,1.0,1.753732182229992,238792.7478416934,0.22024298983738386,1.7137556264211378,1.7278499129445872,1.75,2.9023756633199462,234957.72251558927,0.5983751921111798,1.2071994387155427,1.347361627540733,1.75,2.05943801830397,116586.71760582247,0.37297245733484713,0.9059403084386289,0.979712353899997,0.25,1.0814186785303497,65658.9750049702,0.02658339606254333,0.162149647112654,0.1643142872819533,1.75,3.558059624773884,2103.418325338538,0.12947568885356284,0.43750227940587144,0.4562589160656894,0.25,1.663747352098657,15312.891633698051,9.52075816728515,1.9080997898654892,9.710081404808696,1.75,3.514477181275319,291269.69908866554,1.074341809306925,1.6390526571436128,1.9597713989428498,7.75,4.670259376181366,214919.79227792262,3.1155434224104375,1.5886350615981102,3.497194901040514,1.75,3.138805967625685,201900.90893042437,0.12261667228519972,1.9080997898654872,1.9120354746727408,1.75,3.514477181275346,291269.6990886651,0.21669407930693235,1.6390526571436137,1.6533148329632261,7.75,4.670259376181377,214919.79227792285,-0.3674673175895412,1.5886350615981162,1.6305807518903512,1.75,3.13880596762568,201900.90893042597,0.4154075571144862,0.8334336932126768,0.931222400659449,0.25,1.4184934256068802,55570.02525668123,0.04366264756733326,0.22500552781568825,0.22920277995741153,0.25,2.906414315424193,4050.208720197261,0.18957546292478844,0.40159613563222024,0.4440926843552824,0.25,1.8948468876734124,12902.443610413335,8.305104164575793,7.30452421091559,11.060326809471148,2.5,3.41851225639951,4268487.240964474,1.9840259548868906,3.3166850580439005,3.864810314092596,9.5,6.937413032041459,880031.9932484367,8.982164477107323,5.228516579495656,10.393106576758926,4.25,4.60542874022112,2186991.29817822,3.013691174575824,7.30452421091559,7.901797798195562,2.5,3.4185122563994987,4268487.240964473,0.2687305548869043,3.3166850580439027,3.3275540394382044,9.5,6.937413032041455,880031.9932484379,0.3876709021073688,5.228516579495661,5.242868904559959,4.25,4.605428740221106,2186991.298178224,0.35908766334609304,1.2935938386679224,1.3425084615774188,0.75,2.493368643674288,133870.81085958082,-0.004198184323856538,3.3729009457769026,3.3729035584751514,1.75,2.078322166472125,910119.5681517901,0.48451855878780103,1.8256501882164762,1.8888506673489736,1.75,1.7243195256962978,266640.80053112574,8.683593807219166,8.321120578408056,12.026880272505462,2.5,3.893222045228842,5539288.079041874,-2.5670605812410408,3.567823776248673,4.395357383208665,1.0,6.0194348016715615,1018358.899192691,8.973459235716597,5.730328885787298,10.647048407627148,3.5,4.693801829101583,2626944.7674398026,3.5517784022191865,8.321120578408088,9.04744038382554,2.5,3.8932220452288737,5539288.079041916,-0.7224163612410531,3.5678237762486775,3.640226901905174,1.0,6.01943480167154,1018358.8991926938,0.2705900507166371,5.730328885787291,5.736714052036674,3.5,4.693801829101582,2626944.767439796,0.25131313417292195,1.3295997040552077,1.3531421449469059,1.75,2.557577611506596,141427.74261671197,0.020947559577395306,3.1789005988001624,3.1789696156623264,1.75,1.8865648905650103,808432.8411314351,0.18762321241486307,1.862110861172104,1.871539294038997,1.75,2.952466267416537,277400.86113981117,4.0,HS_12_5,HS_12,healthy,gait_full,4.0,0.5
8.97335709581654,1.9846833839552789,9.190217935587231,1.75,2.8031423694813027,315118.51268458844,-0.5192687655102408,1.3475884948409365,1.4441727051368165,0.75,1.3258020362922844,145279.73099804483,4.024841815658613,1.056660875263073,4.161235855654644,1.75,2.6281381478449437,89323.09808280444,0.3558832644897532,1.3475884948409356,1.3937889543871202,0.75,1.3258020362922973,145279.73099804466,0.24280921418340407,1.984683383955285,1.9994810449315503,1.75,2.8031423694812525,315118.5126845905,0.600078825658634,1.0566608752630713,1.2151653394972906,1.75,2.62813814784493,89323.09808280415,-0.029602114556185957,0.24451400951993899,0.24629938294221196,1.0,1.1962646582714325,4782.968126880455,0.012689101347955725,0.13731404494434304,0.13789909438424805,3.5,4.417894684095628,1508.4117579798867,-0.004660670340679769,0.1636663910795696,0.163732737768093,0.75,2.432152833623143,2142.9532687844385,9.518277327936957,2.1464155469365296,9.757289735969183,1.75,3.2527483791770764,368568.04012248263,0.6141454483442356,1.6559830092237022,1.76619771219406,7.5,6.345141470904474,219383.30871032382,3.1094201370251757,1.8228618459756076,3.6043472221820223,1.75,3.6323921814793128,265827.053068511,0.120135832937008,2.1464155469365274,2.1497749460086046,1.75,3.2527483791770995,368568.04012248176,-0.24350228165575735,1.6559830092237025,1.673790037014544,7.5,6.345141470904471,219383.3087103238,-0.37359060297480157,1.8228618459756112,1.8607512590737885,1.75,3.632392181479294,265827.0530685121,0.00336676321901175,0.31951100335745375,0.31952874105635587,2.5,3.872309669058436,8167.003858458631,0.012874982374661717,0.2222525520019034,0.22262516039860952,3.5,4.630623621225971,3951.711367776758,-0.027937286930530335,0.3696176617506359,0.3706719680243521,2.5,2.915299400271342,10929.446682697811,9.523560510058374,8.404321944637621,12.701607462752925,1.75,3.76660441453408,5650611.530154579,1.7743615568625437,3.8023257194086644,4.195955172657149,1.75,6.63438014124855,1156615.4611097001,8.915491957767763,6.084474850040569,10.793833010094136,3.5,4.717500094797559,2961674.6376717677,4.232147520058394,8.404321944637601,9.409766202231253,1.75,3.7666044145340534,5650611.530154554,0.059066156862556056,3.802325719408664,3.802784465015487,1.75,6.634380141248541,1156615.4611097,0.3209983827678054,6.084474850040572,6.092936415433514,3.5,4.717500094797562,2961674.6376717724,0.0013518620148080251,0.9596164541065642,0.959617406325543,1.75,3.917726987880697,73669.56520027586,-0.16634660699130988,3.6237475918821245,3.6275636180953494,1.75,2.016947023546943,1050523.8038171618,0.03668980475373803,1.5940656629281909,1.594487842380606,1.75,2.129002303918073,203283.7838154071,10.015556215968168,9.67718545781035,13.926926606400807,1.75,3.8839699341604335,7491844.555092723,-2.2824991503136456,3.690656267613732,4.339440753928901,1.75,5.869075431477092,1089677.2534393535,9.251795343600499,6.992306086491894,11.596898787480187,3.5,4.602757667795008,3911387.569924816,4.883740810968208,9.677185457810374,10.839688311643144,1.75,3.8839699341604343,7491844.555092763,-0.43785493031366146,3.6906562676137322,3.7165387964713226,1.75,5.869075431477063,1089677.253439354,0.5489261586005378,6.992306086491887,7.013819525393238,3.5,4.602757667795022,3911387.5699248086,-0.10412897760802146,0.8354828187058214,0.8419467823623512,1.75,3.8417473502109383,55844.020571997164,0.13195310186472237,4.053707521581409,4.055854569830803,1.75,1.9793001745370102,1314603.5805838725,0.10152134992104166,1.796715870002624,1.799581757522863,1.75,2.2643553835177577,258255.03813104786,4.0,HS_12_5,HS_12,healthy,gait_full,4.0,0.5
9.140199033262055,1.9720307442153546,9.350515687585105,1.75,2.8395693116638343,311112.89661234803,-0.5335213354052326,1.383218753630221,1.4825448174429414,0.75,1.7120189855799255,153065.27899550807,3.537418072323503,1.2740741358034116,3.759865891481256,1.75,2.06951790870209,129862.15699801732,0.3416306945947623,1.3832187536302196,1.4247826682984455,0.75,1.7120189855799184,153065.27899550775,0.07596727673789014,1.9720307442153522,1.973493421135608,1.75,2.8395693116637655,311112.8966123473,0.11265508232351898,1.2740741358034129,1.2790449840003801,1.75,2.069517908702072,129862.15699801763,0.026656156985096588,0.2443532310141222,0.2458028726688423,1.0,1.6039586223495754,4776.723886561365,-0.041873555399566165,0.18242041706150744,0.1871646419671591,3.5,3.5350107845248813,2662.1970653917797,-0.050946210444946446,0.19019464904399846,0.1968997737014203,0.75,1.8529102050317192,2893.92053707673,9.51445618020966,2.0698189579717776,9.736992704316316,1.75,3.148058304065469,342732.8863516871,0.5474372296155593,1.912063276747005,1.9888875017591248,7.75,6.171855598898855,292478.9257753831,3.24868792340901,1.9657853080135532,3.7971417014519604,1.75,3.4983561548142452,309145.8625682307,0.11631468520971172,2.0698189579717754,2.0730845676852647,1.75,3.1480583040654975,342732.8863516863,-0.3102105003844345,1.9120632767469983,1.9370638938437807,7.75,6.171855598898848,292478.9257753811,-0.23432281659096751,1.9657853080135552,1.9797017602601337,1.75,3.4983561548142372,309145.8625682314,-0.047710616081866906,0.35156095714747415,0.3547836093696543,0.75,3.67081050911027,9887.612582077047,0.0026716339791688793,0.2461482585761921,0.24616275678544589,3.5,4.460842359310327,4847.123618838552,-0.01385035935344163,0.4066982644625056,0.4069340373709646,2.5,2.764675783643212,13232.28616413134,10.377806235739092,9.124162671905863,13.818437202880272,1.75,3.975466097838406,6660028.672124263,1.523573407337729,3.9797466575427123,4.261415185800263,1.75,5.953923036243365,1267070.6866400696,8.535407639925515,6.845232478854721,10.941224395343804,3.5,4.787520273813982,3748577.0529727326,5.086393245739115,9.124162671905857,10.446135204643904,1.75,3.975466097838392,6660028.6721242545,-0.1917219926622631,3.979746657542704,3.984362029320718,1.75,5.953923036243354,1267070.6866400642,-0.05908593507444118,6.845232478854717,6.8454874798871055,3.5,4.787520273813982,3748577.052972727,0.06481381222773713,1.057684050084636,1.0596680518251604,1.75,3.684329043897523,89495.64554023533,0.19927482735360763,3.8053805274891777,3.810594627589062,1.75,2.0914516165647132,1158476.3984323265,-0.10864867760805356,1.7072767749159696,1.7107304057955635,1.75,2.231049706861106,233184.62031326024,9.239500795581694,8.755658554895918,12.729097834547304,2.5,3.783176488285728,6132929.079040101,-2.021903067487195,3.317994803954272,3.885509172989002,0.75,5.369031559595717,880727.165748436,9.257492961867655,6.1915611243556095,11.137172221693477,3.5,4.5830040131495995,3066834.9770809244,4.1076853905817545,8.755658554895932,9.671330621890716,2.5,3.783176488285709,6132929.079040118,-0.17725884748721096,3.317994803954274,3.3227263230786943,0.75,5.3690315595957046,880727.1657484372,0.5546237768677126,6.191561124355603,6.216352362157299,3.5,4.583004013149645,3066834.9770809184,-0.1118190561733476,0.8704198465495114,0.877572908988634,1.75,3.393955812934922,60610.47600086323,-0.2415417570758428,3.7435092370278396,3.7512936206226297,1.75,1.9976357033289514,1121109.227848228,-0.05654622387898815,1.608309074034015,1.609302815835206,1.75,2.2184080235501855,206932.7254438829,4.0,HS_12_5,HS_12,healthy,gait_full,4.0,0.5
9.431710434244588,1.5938289419553011,9.565430069351434,1.75,2.9550279625780993,203223.66161733138,-0.3929614051572504,0.9085248828629566,0.9898667227078147,0.75,1.615758666642687,66033.84631230483,2.614531864948731,0.8156721211067641,2.7388132251000785,1.75,2.05690215556963,53225.76363147798,1.13330572984274,0.9085248828629553,1.4525148329967348,0.75,1.6157586666426937,66033.84631230465,0.04385794075534346,1.5938289419553033,1.594432254810991,1.75,2.9550279625780607,203223.66161733196,0.6423952449487416,0.8156721211067662,1.038264253397739,1.75,2.0569021555696114,53225.76363147824,0.3109843699987014,0.259548806873583,0.4050640215237459,0.75,1.2998598167797077,5389.246665177592,0.04587473494758683,0.20907261244640613,0.21404637016701888,0.5,2.9835086339748047,3496.9332622011866,0.06732229244507171,0.14687151874698734,0.1615658815440513,0.75,2.088899903922415,1725.6995030434603,9.859096172925092,1.945418870746849,10.049200561718536,1.75,3.4062345504266296,302772.53252582625,0.07842052333477771,1.3042864461470969,1.3066418453742878,0.75,4.843321780977958,136093.29350214382,1.3873993371130506,1.5916985778352757,2.111487931129272,1.75,3.7531413723644373,202680.37093764474,-0.08545440707486061,1.9454188707468607,1.947294800061487,1.75,3.4062345504266536,302772.53252582985,0.26751646833477866,1.3042864461470973,1.3314383930296352,0.75,4.8433217809779405,136093.29350214388,0.9094847521130504,1.5916985778352741,1.8332121745747192,1.75,3.7531413723644493,202680.3709376442,0.017778521020544277,0.33233754305222174,0.3328127376343419,1.0,2.141498048892123,8835.889313361638,0.01750933146576144,0.22069704107728522,0.22139051612173186,1.75,3.16507583450695,3896.5748008625437,0.003285515833915066,0.2336932990409256,0.23371639358617186,2.5,3.8474838917488903,4369.005485739224,7.512771696135579,6.6545793545205125,10.036192751430521,3.5,4.028845754812912,3542687.228385211,0.9026216962036068,2.784749259412941,2.927380119536648,0.75,6.450921339076713,620386.7411421777,9.938627674791878,4.1386601538103545,10.765910455083516,3.5,3.97000407366591,1370280.6328732905,2.6337013411355823,6.6545793545204965,7.156801599870559,3.5,4.028845754812925,3542687.228385195,0.24871643370360372,2.7847492594129397,2.795834097759586,0.75,6.450921339076701,620386.7411421773,0.9229372747919165,4.13866015381035,4.2403208701627575,3.5,3.9700040736658857,1370280.632873288,0.16301357505146744,0.9639467450793685,0.977633240535616,0.75,4.184244763544779,74335.93405454606,0.016096265096908945,3.5996780535605244,3.599714041286523,1.75,1.976552946490546,1036619.2825210991,-0.07831465992515013,0.9735584116514416,0.9767032132927944,1.75,2.506546474278494,75826.47338118356,6.266879662300824,6.871711974592773,9.300226135074427,0.75,3.983388850848866,3777634.067092012,-4.8108920685168535,2.884621375683129,5.609431608992697,3.5,4.82406846759462,665683.2398761087,10.337067539440254,4.523587477674562,11.283519352716308,1.75,3.6173612029723916,1637027.4938855576,3.113945847300849,6.871711974592764,7.544341203954378,0.75,3.9833888508488533,3777634.067092002,-1.1350527185168775,2.8846213756831274,3.099900829842879,3.5,4.824068467594667,665683.239876108,1.2731269994403132,4.523587477674563,4.69932931649592,1.75,3.6173612029724063,1637027.4938855588,-0.07669111942868645,0.6289881030611505,0.6336462432554062,2.0,4.884450527673041,31650.083802989437,-0.009431773517307996,3.3766654965203036,3.3766786690092956,1.75,1.8826863500703053,912149.5914986786,-0.01713284804328971,1.585240057338499,1.5853326382411492,1.75,2.005769969006968,201038.89133468564,4.0,HS_13_1,HS_13,healthy,gait_full,4.0,0.5
9.414470170527858,1.964027889084279,9.617154160189994,1.75,2.9000853500981685,308592.4490146,-0.09660422370873548,0.8984282175332664,0.903607015299444,1.0,1.9834804608889784,64574.4254866512,2.7852280390237967,0.9117015465526856,2.9306475290199776,1.75,2.093962870131295,66496.09641302963,1.4296629112912536,0.8984282175332684,1.6885228165416621,1.0,1.9834804608889858,64574.42548665147,0.061098204472092,1.9640278890842753,1.9649779997981016,1.75,2.9000853500981396,308592.4490145989,0.8130914190238029,0.9117015465526821,1.2216044227476806,1.75,2.093962870131303,66496.09641302912,0.2467639704905901,0.20723574669904327,0.3222407668843141,0.75,2.058318043759826,3435.74392302609,0.04615899203018939,0.20472603166398462,0.20986519622397118,3.5,4.479106096095732,3353.116982141644,0.08678588225585873,0.17542515654825439,0.1957186115547199,0.5,2.260122144257576,2461.919521237933,9.847688055166147,2.3419449489313533,10.122335015977642,1.75,3.3242243523026875,438776.596077573,-0.10948166846090636,1.4487764492142168,1.4529072356921955,6.0,5.749170231848495,167916.26008807225,1.5468556257586903,1.7951038685353182,2.369632930597432,1.75,4.174708704992245,257792.427829496,-0.09686252483379537,2.3419449489313693,2.343947203446002,1.75,3.3242243523027217,438776.5960775791,0.07961427653909309,1.4487764492142168,1.4509623126830677,6.0,5.749170231848473,167916.26008807225,1.068941040758693,1.7951038685353167,2.0892661025940993,1.75,4.174708704992248,257792.42782949566,0.03236945297676962,0.3348042955556954,0.33636542302763633,0.75,2.451658756698147,8967.518478371067,-0.00105976880162435,0.24350389177163617,0.24350619790437697,1.75,3.624727922640907,4743.53288531942,0.005469447957350224,0.2971610104023236,0.2972113405714662,2.5,4.266595953398128,7064.474319846085,8.795300569452465,7.421477726706785,11.508068637048348,5.25,4.342296803053159,4406283.157147559,0.8584684453946423,3.005927737928715,3.1261109445103723,1.0,6.309480774289378,722848.1882485733,9.76191631469128,4.811721404824925,10.883366805023442,3.5,4.226702221921862,1852215.8730799542,3.9162302144524843,7.4214777267067955,8.391375974212789,5.25,4.34229680305319,4406283.157147571,0.20456318289464195,3.005927737928713,3.012880293248508,1.0,6.309480774289336,722848.1882485725,0.7462259146913286,4.811721404824925,4.869241829423473,3.5,4.226702221921865,1852215.8730799532,0.11347276781498444,0.9620445656576307,0.9687134846521818,1.75,4.517912471863534,74042.50483112992,-0.3694976845861706,3.9629976949559165,3.980185833493261,1.75,1.9167076692064422,1256431.1676159904,-0.014832205332907975,1.0584015767240493,1.0585054992426781,1.75,2.2885289968862352,89617.48352801388,7.483694796111549,8.181022470985521,11.087597416578452,1.75,4.142862124537095,5354333.365648121,-4.9863427353884795,3.4066848543275072,6.038966432384427,3.5,5.091136653746293,928440.1395876262,10.797339142545233,5.301760338063021,12.02876532489505,3.5,3.893130097475884,2248720.175074527,4.330760981111566,8.181022470985507,9.256598692083838,1.75,4.142862124537083,5354333.365648101,-1.3105033853885033,3.4066848543274975,3.6500576460953447,3.5,5.091136653746301,928440.1395876207,1.7333986025452979,5.301760338063027,5.5779327171958775,3.5,3.893130097475866,2248720.1750745336,-0.10292034254836419,0.7763157600103171,0.7831083936152574,2.5,5.356179138122001,48213.65153856104,0.29319311297481493,3.966038942716106,3.9768614630932957,1.75,1.943310421429415,1258357.5466108772,0.16357931902313919,1.7987363353844077,1.806159073239177,1.75,1.9426374053204583,258836.20608154757,4.0,HS_13_1,HS_13,healthy,gait_full,4.0,0.5
9.53781227947008,1.925469672526523,9.73022592431592,1.75,3.3035985792901235,296597.46027600556,-0.02378705683794398,1.0623066695152814,1.0625729547516543,0.75,2.4548131383468705,90279.63681617119,2.8676132480207377,1.007499400370208,3.039450736888225,1.75,2.6798650444138983,81205.5748298551,1.5024800781620473,1.0623066695152867,1.8400928904189842,0.75,2.4548131383468763,90279.63681617207,-0.06224390447011729,1.9254696725265088,1.9264754769949777,1.75,3.303598579290108,296597.46027600125,0.8954766280207451,1.0074994003702051,1.347936731852696,1.75,2.6798650444139094,81205.57482985467,-0.2473911952140416,1.1514773905703026,1.1777531933576004,0.25,1.6485940177462561,106075.80448885102,0.07900957780205704,0.23147121594229483,0.24458421288845236,0.25,3.9812940448662375,4286.495525367817,0.00038963440215542986,0.36321201926374713,0.3632122282531467,0.75,1.9840110856818691,10554.187616516498,9.96490827171546,2.342052137987168,10.23643517445177,1.75,3.81702168472943,438817.0255946804,-0.11323476626426626,1.599664298122278,1.6036670411834133,4.25,5.222375291161191,204714.5018135405,1.4760420759583792,1.7206120872209725,2.2669817301183603,1.75,3.8147848954660044,236840.5876978636,0.020357691715522427,2.342052137987168,2.3421406133411913,1.75,3.8170216847294163,438817.02559468045,0.07586117873573085,1.599664298122278,1.60146207733003,4.25,5.222375291161188,204714.50181354056,0.9981274909583843,1.7206120872209731,1.9891617437749483,1.75,3.814784895465984,236840.58769786378,-0.459383076625112,1.1686121670073326,1.2556620596191983,0.25,1.1879313665876499,109253.99703305008,0.03130750203941014,0.26847407323360406,0.2702933363636445,1.75,3.8541246372245164,5766.283559903343,-0.05058415031412,0.33213769898136825,0.3359675688926529,2.5,3.531458148953901,8825.295862937437,9.416688434867815,7.204803495406941,11.856779262801568,2.5,4.254977283996435,4152748.577696664,1.3277503725216175,3.4752307135524942,3.720235149039624,0.75,5.7484550018312195,966178.3615248231,9.025200839255495,5.076123541778063,10.354770900425153,4.25,4.178876756116351,2061363.5114099272,4.537618079867843,7.204803495406962,8.514644516723637,2.5,4.254977283996456,4152748.5776966875,0.6738451100216258,3.4752307135524942,3.5399570258293585,0.75,5.748455001831191,966178.3615248234,0.009510439255549752,5.076123541778068,5.0761324509756784,4.25,4.178876756116379,2061363.511409931,0.028342473613569827,1.0631950801179118,1.063572787446853,1.0,4.473624193516506,90430.80582660435,-0.06978023196328127,3.7744331504253164,3.7750781300262424,1.75,1.9319907682409916,1139710.885746885,-0.3805136608596104,1.5227098398710608,1.5695336576642547,0.75,1.780082894617407,185492.0016994781,7.0992614411225246,7.098550755831364,10.039369295056492,1.75,4.230844733541088,4031155.629043814,-4.65452189980243,3.363889947086504,5.742850310764687,3.5,5.020512843019341,905260.967473851,10.479866363290393,4.726800607061029,11.496531780121252,3.5,3.4756802235727973,1787411.5185425514,3.9463276261225393,7.098550755831352,8.121756248854789,1.75,4.230844733541085,4031155.6290438017,-0.9786825498024495,3.363889947086492,3.5033662539616643,3.5,5.020512843019346,905260.9674738444,1.4159258232904517,4.726800607061047,4.934317573482014,3.5,3.47568022357276,1787411.518542565,-0.38942966253840366,1.1625607794485098,1.226051804768747,0.75,3.1238747671127913,108125.44889027585,-0.027443922083474268,3.684334157038441,3.6844363679645067,1.75,1.9499021202627156,1085945.4594136172,-0.3910885338891504,2.1872320668750724,2.22192132077312,0.75,1.6836072515852922,382721.4719234593,4.0,HS_13_1,HS_13,healthy,gait_full,4.0,0.5
9.310844986902236,1.7316038601674593,9.47049556774456,1.5,3.2705588999994193,239876.32568954327,-0.4353982358886881,1.2272446903803673,1.3021909053137275,0.25,2.287295712192049,120490.42482298688,3.1767277624719634,1.2651851624658166,3.419399475373385,0.25,1.452953832871973,128055.50323036603,1.0908688991113038,1.2272446903803724,1.6419879674087519,0.25,2.287295712192067,120490.42482298787,0.16472338809770887,1.7316038601674457,1.739421088504215,1.5,3.2705588999994144,239876.32568953955,1.204591142471971,1.2651851624658157,1.7469210960560242,0.25,1.4529538328719647,128055.50323036585,-0.4602567077549519,1.3207806418696684,1.398677139646988,0.25,0.5399757483927422,139556.9208439375,0.1126004958774731,0.3625987716499402,0.37967978728646895,0.25,2.068623760708452,10518.302489320762,-0.0979324003258634,0.40562245044356254,0.4172772787217458,0.5,0.8170914392810152,13162.368103031833,9.932174205903358,1.9524508868455936,10.122260069863653,1.5,4.254544072395034,304965.1582388366,-0.32264528552098065,1.6659673525725927,1.696922862155687,0.75,3.817880552080746,222035.8845071193,1.4179305945371505,1.34195306204242,1.9522718027081947,1.75,3.438896868594231,144067.23258360222,-0.012376374096576761,1.9524508868455788,1.9524901126970824,1.5,4.254544072395001,304965.15823883197,-0.13354934052098374,1.6659673525725933,1.6713116544173696,0.75,3.8178805520807555,222035.8845071194,0.9400160095371541,1.3419530620424187,1.6384346550629287,1.75,3.4388968685941843,144067.232583602,-0.7526529187126261,1.2877995965793465,1.49161463421239,0.25,0.586112592993895,132674.28443158988,0.02915146337786382,0.24888821998869412,0.2505896124467484,1.5,3.1560961562374183,4955.627878839212,-0.13076442706867983,0.31813856892342757,0.3439643650485419,0.25,2.2199669638288535,8096.985229869521,8.0668932605449,5.846061190296444,9.96248956424623,0.75,3.7630596350134495,2734115.0234653,2.010237660323966,3.310853232306846,3.873345398600732,0.75,4.858153657283406,876940.3167018078,8.944881883265174,4.00840206120076,9.801948734297891,3.25,3.8283278306281447,1285384.9483463692,3.187822905544915,5.846061190296425,6.658727079390391,0.75,3.7630596350134553,2734115.0234652823,1.356332397823972,3.310853232306846,3.577902555864765,0.75,4.858153657283401,876940.3167018081,-0.07080851673476814,4.008402061200763,4.009027429474723,3.25,3.828327830628155,1285384.9483463713,-0.2799941255307685,1.1923834223128997,1.2248162866888905,0.25,2.9738599778947385,113742.54714565219,-0.07325208637634109,3.1275112776568297,3.128369009568587,1.75,1.7675573326262024,782506.3081029668,-0.6626684191535379,1.7760658433218293,1.8956632911880553,1.5,1.9349528380187948,252352.80027856733,5.665268617288121,5.681983009869645,8.02372727792246,0.75,3.6945240853000403,2582794.475265803,-4.366358330087694,3.1350976272347997,5.375306707437211,1.75,4.637584579125379,786319.0961117992,9.93608958014173,3.610886073611087,10.571867118971914,1.5,3.230844711604199,1043079.8634811612,2.5123348022881458,5.681983009869656,6.212628838361073,0.75,3.6945240853000545,2582794.4752658126,-0.6905189800877174,3.135097627234792,3.2102419837380802,1.75,4.637584579125373,786319.0961117953,0.8721490401417846,3.6108860736111117,3.7147196643648512,1.5,3.2308447116041745,1043079.8634811757,-0.5324389663285708,1.325908405257348,1.4288192159951936,0.25,1.5151212129052614,140642.7626933017,0.08493798649074442,2.7977379724105536,2.7990270137705027,1.75,1.9021080232229017,626187.295675235,-0.5813374579879244,2.160976992868688,2.237805801173922,0.75,1.4068437273989711,373585.7326684113,4.0,HS_13_1,HS_13,healthy,gait_full,4.0,0.5
9.08811884274538,1.7461334034573823,9.254344167067341,1.75,3.1481283886377005,243919.003555172,-0.5177227763569118,1.0458309809277007,1.1669615734148684,1.0,1.9306509157701681,87501.08767866793,3.5954107481057416,0.9540740839197321,3.7198435189133376,0.25,2.9827086897721564,72823.39866709837,1.0085443586430787,1.0458309809277018,1.4529019801827572,1.0,1.9306509157701777,87501.08767866812,0.38744953225456086,1.746133403457378,1.788602527873067,1.75,3.14812838863773,243919.00355517078,1.6232741281057537,0.9540740839197318,1.8828903984525416,0.25,2.9827086897721617,72823.39866709833,-0.0579854131775107,0.7868596733217172,0.7889933166011778,0.75,2.671508627957876,49535.033736261656,0.08461712010148925,0.3340906588523461,0.3446398487503507,1.75,2.9061535918287715,8929.553709731577,-0.028987294595506502,0.2824821995448394,0.28396559000635474,1.0,2.5774631789148352,6383.968591296893,9.835101390810749,1.945695218832517,10.025714401084604,1.75,3.54203119946668,302858.41988707066,-0.3731585455290126,1.3679862473045326,1.4179681494715126,0.75,3.3551022092442024,149711.2064119981,1.5386781834748293,1.2324174753819732,1.9713912310671053,1.75,3.6828873701337246,121508.24186563707,-0.10944918918917743,1.9456952188325085,1.9487711537278698,1.75,3.5420311994666864,302858.4198870682,-0.1840626005290158,1.3679862473045337,1.3803135200844208,0.75,3.355102209244208,149711.2064119983,1.0607635984748287,1.232417475381967,1.6260603449675932,1.75,3.682887370133704,121508.24186563585,-0.34123697691951316,0.8135553359557575,0.8822216042918319,0.25,2.1358011604433016,52952.00922625794,-0.0012689353971126738,0.24798140005501948,0.24798464664226627,2.0,3.024623864668429,4919.60969752541,-0.0902418303323831,0.2792736076882426,0.29349162831833053,0.5,2.426079133697458,6239.5118457424005,8.045473419031815,6.462127998146884,10.31933819587193,0.75,3.8350829061413543,3340727.9182328894,1.514633135798924,2.8858534856150233,3.2591814733912043,1.75,4.859786279215005,666252.2161382168,9.341570121744555,4.473648434696056,10.357531687459568,3.75,3.896684840488193,1601082.430940077,3.16640306403183,6.462127998146834,7.196193898745598,0.75,3.8350829061413294,3340727.918232838,0.8607278732989223,2.885853485615022,3.011478509355505,1.75,4.859786279215028,666252.2161382161,0.32587972174460167,4.473648434696058,4.485501968598701,3.75,3.8966848404881884,1601082.4309400779,-0.16408854546666574,1.1575521830108433,1.1691245045531014,1.75,2.47235534809312,107194.16530697956,-0.10864590648169817,3.1309243947402536,3.1328088831869163,1.75,1.8342976101863517,784215.1372615724,-0.42308617077815014,1.5063611720969876,1.5646488068269915,1.25,2.1885736374114004,181529.93391523365,5.884317734088861,6.3297949261695114,8.6424243706887,2.75,3.9077020539447163,3205373.6131944414,-4.458875900753143,3.2771264147063563,5.533636402609344,3.5,4.468650830726064,859164.6240355851,10.788688733550249,4.075843107245372,11.532922510114842,0.75,3.118306470741196,1329001.2923407499,2.731383919088879,6.329794926169504,6.893965616451719,2.75,3.9077020539447127,3205373.6131944335,-0.7830365507531692,3.277126414706351,3.3693773575812966,3.5,4.46865083072604,859164.6240355821,1.7247481935502962,4.075843107245369,4.425748904539726,0.75,3.118306470741196,1329001.292340748,-0.31837384001473423,1.0320282451597669,1.080020463145618,0.25,2.7970741196307247,85207.56538360952,0.1794595044267778,3.3601890586740937,3.3649778935027483,1.75,1.9018538291775782,903270.5993272625,-0.08705401275831168,1.9933141795196792,1.9952142289517527,1.75,2.716748078711298,317871.66605494096,4.0,HS_13_1,HS_13,healthy,gait_full,4.0,0.5
9.276683345235282,1.9026552356293487,9.469791488382066,1.75,3.215070865171287,289608.0018882788,-0.26679600943978676,0.7979651003427972,0.8413848180339869,0.75,2.957918800790498,50941.52080310039,3.4615101126280683,0.8781040058147019,3.5711509216013555,1.75,2.91168794231748,61685.675173269454,1.259471125560203,0.7979651003427957,1.4909781411828185,0.75,2.9579188007905213,50941.520803100204,0.19888502976466935,1.9026552356293445,1.9130217460165604,1.75,3.2150708651712923,289608.0018882775,1.4893734926280808,0.8781040058147005,1.728959237683466,1.75,2.9116879423174495,61685.675173269236,0.18710619720556315,0.20283253893242126,0.2759524739561131,0.75,1.8981225028351048,3291.2928186482945,0.04350092555403271,0.18071482303093042,0.1858767811943116,3.5,3.764020557386013,2612.6286808143564,0.05929833793213999,0.1564470078385384,0.16730797692622418,0.5,2.2645527743082052,1958.0540316957267,9.91645970675835,2.3302281471572512,10.18656646439642,1.75,3.41310926070298,434397.74087912665,-0.10294375805518094,1.1676626599864446,1.1721917525938934,1.0,5.054340932352452,109075.3610848332,1.6944121089852706,1.6140103600637543,2.3400986811391187,1.75,4.175826795602193,208402.54980363845,-0.028090873241585185,2.330228147157257,2.330397458581565,1.75,3.4131092607030076,434397.74087912875,0.08615218694481686,1.1676626599864453,1.170836575633848,1.0,5.054340932352457,109075.36108483329,1.2164975239852713,1.6140103600637545,2.021112482831034,1.75,4.175826795602175,208402.54980363848,-0.066046333812767,0.3452116756135946,0.35147292810407615,1.0,2.3246414538971694,9533.755721268119,-0.0017934965540114289,0.26471486033709385,0.26472093591776297,1.75,3.3119494289711504,5605.924333008207,-0.013498202222258372,0.2778503806234428,0.27817806433258724,2.75,4.0052952968622675,6176.074689453188,9.679027813689009,7.841803632508346,12.457024669999916,1.75,4.270346097928901,4919523.342194055,1.0209036818959945,3.1735501342004366,3.3337163619588885,9.75,6.484652332208802,805713.6366642998,9.521068895273716,5.637282315379477,11.064795741984524,3.5,4.245070831966763,2542327.1256530606,4.799957458689038,7.841803632508307,9.194208819471363,1.75,4.27034609792887,4919523.342194006,0.36699841939599087,3.173550134200436,3.194700031947094,9.75,6.48465233220882,805713.6366642994,0.5053784952737491,5.637282315379487,5.659890398830659,3.5,4.2450708319667605,2542327.1256530704,0.22475044368477945,1.0300983167536122,1.0543316860054668,1.75,4.291667796315558,84888.30915704468,0.2527560197747691,4.042712611311089,4.050606234032889,1.75,1.8624189106545768,1307483.99736043,-0.17914234545762409,1.1473568113743555,1.1612577804015727,1.75,2.1831046246907624,105314.43387440527,7.264993098665757,7.0468766444423165,10.121195342727443,1.0,3.8187925955723325,3972683.006965614,-4.645651414584206,3.479962025823818,5.804499355414216,3.5,5.027324916426831,968822.6161598106,10.971062601070448,4.789661521019632,11.971009651760488,1.75,3.473209433710934,1835273.625850767,4.112059283665766,7.046876644442295,8.15889097821316,1.0,3.818792595572322,3972683.006965589,-0.9698120645842302,3.4799620258238204,3.612571264596583,3.5,5.027324916426841,968822.6161598116,1.907122061070487,4.789661521019623,5.155382822037345,1.75,3.4732094337109456,1835273.6258507597,-0.13220862678876177,0.8035201807518827,0.8143241380880886,1.0,5.2055466196330435,51651.878515617325,-0.3492052019777956,3.833500536166694,3.8493727584995825,1.75,2.0122671638584175,1175661.5273346738,-0.10472402443622635,1.8858441213899486,1.8887496317604264,1.75,2.0548752813803404,284512.9607094046,4.0,HS_13_1,HS_13,healthy,gait_full,4.0,0.5
9.371821999053287,1.785493353485825,9.540389619783943,1.75,3.269356732033211,255039.82316782553,-0.287028245943913,0.8932442378201783,0.9382273084751853,0.75,1.9288902063040059,63830.92710918321,2.985226360192061,1.2865588614386438,3.250663028603833,1.75,2.2987984159124832,132421.94388277596,1.2392388890560764,0.8932442378201799,1.5276119574512017,0.75,1.9288902063040125,63830.92710918345,0.10374637594666758,1.7854933534858182,1.7885049135700186,1.75,3.269356732033173,255039.82316782352,1.0130897401920682,1.2865588614386394,1.637554434401715,1.75,2.298798415912475,132421.9438827751,0.25363266697669784,0.20131609962298852,0.32381738947302624,0.5,1.8330495094526589,3242.253770411532,-0.07328269840494361,0.26970557900033776,0.27948426293696277,0.75,2.4023053358400253,5819.29971851725,0.09872098376662632,0.15150466169145407,0.18083001728167933,0.75,2.0830996801730453,1836.293017589115,9.943361367384306,2.2033070543870137,10.184546983459905,1.75,3.5017466265721966,388365.7644940172,-0.13381219665314814,1.2261153597226595,1.233395548605948,0.75,5.32736398506681,120268.7562228592,1.6506623381898466,1.6152571794163957,2.3094895345886677,1.75,4.055457830902062,208724.46225702955,-0.0011892126156461736,2.2033070543870155,2.2033073753197105,1.75,3.501746626572206,388365.7644940178,0.055283748346849355,1.22611535972266,1.2273610586046413,0.75,5.327363985066822,120268.75622285935,1.1727477531898503,1.6152571794163995,1.996094448734344,1.75,4.055457830902035,208724.46225703054,0.00017431716602898107,0.27170345016907926,0.27170350608752863,0.75,2.959813568147271,5905.921427089181,-0.00302749291073642,0.2405076777462287,0.24052673192019292,1.75,3.3575619991438663,4627.524664933267,0.0019174027362395224,0.2862221438662727,0.28622856613667724,2.5,3.6772074270605963,6553.865932241722,9.193315236895703,7.2337790731592415,11.698059870090223,2.5,4.436142664835112,4186217.6143244575,1.159118324953118,3.02673636231798,3.241093688590319,1.75,6.433977497384166,732890.9072428928,9.320116775467339,4.891656001951088,10.525819452649365,4.25,4.42625911308986,1914263.87588345,4.314244881895745,7.233779073159231,8.422604619726613,2.5,4.4361426648350815,4186217.6143244463,0.5052130624531179,3.026736362317982,3.068610963522608,1.75,6.4339774973841735,732890.9072428937,0.30442637546738394,4.891656001951096,4.901119653661232,4.25,4.426259113089866,1914263.8758834559,0.19044134361256823,0.9806733697188245,0.9989935752709496,1.75,4.750571721054994,76937.6409395034,-0.06761602925678316,4.1389176434644055,4.139469916159967,1.75,2.016263131432987,1370456.266897238,-0.05765443040751372,1.072643621118736,1.0741919620218396,1.75,2.191276050289988,92045.29555177424,7.747156263207658,7.245482570546027,10.607329911275688,1.75,4.4110488586707435,4199808.048574264,-4.240085268334557,3.4612959791903966,5.473471744542703,3.5,5.447561487938619,958445.861829031,10.127282316517705,4.613004303203618,11.128416590864457,3.5,3.762699086664663,1702386.061433914,4.594222448207682,7.245482570546028,8.57927139002501,1.75,4.411048858670725,4199808.048574266,-0.5642459183345855,3.4612959791904037,3.5069849318063646,3.5,5.447561487938624,958445.8618290348,1.0633417765177362,4.613004303203619,4.733973429906741,3.5,3.7626990866646697,1702386.0614339146,-0.10236390862933199,0.830871747731551,0.8371536483635227,6.0,5.158930602464371,55227.89189253366,-0.1565376409400187,3.6603275943170765,3.663673311138713,1.75,1.9908053920813538,1071840.8184239944,0.032599886816578195,1.7438751584059846,1.744179841852884,1.75,2.0361149130282383,243289.20854027223,4.0,HS_13_1,HS_13,healthy,gait_full,4.0,0.5
9.248475682896695,1.4944604303402185,9.368442476473032,1.75,3.060935959395954,178673.46112985734,-0.5745795482154581,0.9127992953784485,1.0785843550093206,0.75,1.574016552208048,66656.26954218428,3.3125474836609596,0.8029333348144204,3.408470737979829,0.25,2.3777263672570497,51576.30117417839,0.6465925167845359,0.9127992953784482,1.118608258688068,0.75,1.574016552208043,66656.26954218422,0.017004852103254788,1.4944604303402147,1.4945571728266913,1.75,3.060935959395922,178673.46112985638,0.21467738366097877,0.8029333348144255,0.8311367632416085,0.25,2.3777263672570648,51576.301174179076,0.026914024461809335,0.18807501243831443,0.18999098667148134,1.0,1.4875935988948343,2829.779668896539,-0.05003059630454834,0.18614610022422395,0.19275225341166707,0.75,2.4616895867377626,2772.0296716990624,-0.05380893640671097,0.11202208972530653,0.12427530013500708,0.75,2.450306759588157,1003.9161647341228,9.874607820735651,1.8014632623736897,10.03758683643712,1.75,3.4292607882118684,259621.74619248763,0.07786818286619866,1.1234262877515528,1.1261216976482245,0.75,3.958307497380194,100966.97855977158,1.4953442456719035,1.4184011952695552,2.061047394847139,1.75,3.683628444998573,160949.20093461245,-0.07395877426429659,1.8014632623736904,1.8029808057693617,1.75,3.4292607882118284,259621.74619248774,0.17451072286619787,1.1234262877515544,1.1368995630250376,0.75,3.958307497380221,100966.97855977187,0.6583747956719088,1.4184011952695499,1.5637516817954555,1.75,3.683628444998569,160949.2009346112,-0.016220470570808096,0.27797867330363685,0.27845151548732594,1.0,2.365321200897255,6181.814266303931,0.0031941139474156565,0.23384464685796866,0.23386646024609245,1.75,2.774938416286127,4374.665578636884,0.011648015732094848,0.2282545352841412,0.2285515459328035,2.5,3.777379866293616,4168.010687902091,7.832435198256152,6.513167758456086,10.18667734762782,2.5,4.178686685083766,3393750.50607171,0.8960969744450992,2.8768196561778976,3.013151360582667,5.25,6.669970206891425,662097.6324939,9.899856872202747,4.119144054704139,10.722616930278935,1.75,4.216045279544557,1357415.1106022382,2.880612703256187,6.513167758456094,7.121747243194812,2.5,4.178686685083757,3393750.506071717,-0.010016430554897635,2.876819656177903,2.876837093589522,5.25,6.669970206891436,662097.6324939023,0.954801657202805,4.119144054704143,4.2283559391330465,1.75,4.216045279544585,1357415.1106022403,0.19596953325523625,1.055114248895698,1.0731589519670455,0.75,3.783435360990517,89062.76733163136,0.0716827604520685,3.545003760478955,3.545728427270758,1.75,1.907997030208047,1005366.3095929981,-0.14226387116294498,1.2145212915310757,1.2228249983626354,1.75,2.450912744810539,118006.31127577755,6.818878482090381,6.936526968393438,9.72689622319292,2.5,3.5882337502972006,3849232.6006367365,-4.7567601396532915,2.223913044792956,5.2509576514189,3.5,3.621756858889571,395663.14629955124,9.969145853835078,4.163392351829152,10.80359685152619,3.5,3.4388279162310287,1386706.8700621866,3.256140612090401,6.936526968393431,7.6627578631295545,2.5,3.5882337502972237,3849232.6006367286,-1.0128036146533206,2.2239130447929574,2.443677636812007,3.5,3.621756858889548,395663.14629955176,1.0754998838351384,4.163392351829144,4.300062310641416,3.5,3.438827916231008,1386706.8700621808,-0.12053754730940146,0.49905844953013967,0.5134088393851367,0.75,5.560951751027719,19924.759801182994,-0.05224330882193263,3.296680261745085,3.297094192087376,1.75,1.8597265015711781,869448.3468722878,-0.0029524879627324196,1.566209576280561,1.5662123591703982,1.75,1.8284575427166676,196241.09305415672,4.0,HS_13_2,HS_13,healthy,gait_full,4.0,0.5
9.392921935062954,1.7555207647035924,9.555565688827235,1.75,3.1541634552230637,246549.50644106718,-0.19041096857646778,0.8529540263778094,0.8739490305895106,0.75,2.0708183761562595,58202.80488244716,3.0719560199401412,0.7066279316459486,3.1521796938354747,1.75,3.0871788817916594,39946.0544924793,1.030761096423526,0.8529540263778088,1.3379084456771866,0.75,2.0708183761562604,58202.80488244709,-0.12744140006300428,1.7555207647035986,1.760140467620561,1.75,3.1541634552230686,246549.50644106898,-0.02591408005984459,0.7066279316459474,0.7071029439392666,1.75,3.0871788817916337,39946.05449247918,-0.015505035731495748,0.2082620933796403,0.2088384678930225,0.75,1.555779152856534,3469.8486868674026,-0.033581951277478816,0.19663950377937622,0.19948644539968693,0.75,3.2907178242016046,3093.3738329899065,-0.03903870124051421,0.12032989147626784,0.12650416189689778,2.5,3.2414656398050523,1158.3428992933261,9.89870022641995,2.112680276093105,10.12164433881764,1.75,3.6455576149576117,357077.6591672758,-0.12318185979154757,1.29075403230538,1.2966185801901433,6.0,5.197377921233143,133284.24069116457,1.5740331141475261,1.6795452731907643,2.301836781600815,1.75,4.016843420553922,225669.8023600961,-0.049866368580000243,2.112680276093101,2.11326870125599,1.75,3.6455576149575752,357077.65916727454,-0.02653931979154839,1.2907540323053803,1.2910268422490667,6.0,5.197377921233163,133284.24069116462,0.7370636641475312,1.6795452731907607,1.8341578911598673,1.75,4.016843420553925,225669.80236009523,0.015276699935109064,0.2786673403114652,0.2790857648056835,0.75,2.3861141484633626,6212.43958721418,-0.003006339760558361,0.26137143423626186,0.2613887233862174,1.75,3.032802621926995,5465.203137752534,0.015400858919783472,0.2945909657342504,0.2949932601733561,2.5,3.8089786609887337,6942.731326175806,8.706990508714421,7.032044806611796,11.192021170505305,2.5,4.434695851838413,3955974.550111025,1.106455251345918,3.222041084604912,3.4067274581499705,0.75,6.434901286618171,830531.5733478781,9.897271264659109,4.613579418107844,10.919757027216095,3.5,3.9133157649528485,1702809.2853848569,3.7551680137144534,7.032044806611803,7.971884405422609,2.5,4.434695851838424,3955974.5501110335,0.20034184634591815,3.222041084604919,3.2282635589863684,0.75,6.434901286618191,830531.5733478817,0.9522160496591547,4.6135794181078476,4.710820571027603,3.5,3.913315764952859,1702809.2853848597,0.10959350128413835,1.0030365534030188,1.0090059776762095,1.75,4.001229668574897,80486.61351465501,-0.3702685148782205,3.9195425304610656,3.9369928144718855,1.75,1.9895429532798778,1229029.20104589,-0.0007943656614933215,1.3126064169269853,1.3126066572948283,1.75,2.1773271817883217,137834.9201863975,8.208194502571063,7.95626066799497,11.431384028590834,1.75,4.091921485590383,5064171.3647570945,-4.76837173905715,2.8275797668428613,5.543696995660752,3.5,4.605452455455325,639616.6055515351,10.120095413812969,4.900148858761641,11.244011295916653,3.5,3.6390001060692994,1920916.974147904,4.645456632571078,7.956260667994936,9.213161842830171,1.75,4.0919214855903965,5064171.36475705,-1.0244152140571743,2.827579766842866,3.0074297778420305,3.5,4.605452455455313,639616.6055515375,1.2264494438130216,4.900148858761649,5.051300533155037,3.5,3.6390001060692803,1920916.9741479103,-0.14868100674209683,0.7085915704719428,0.7240221374445244,7.75,5.199951255290055,40168.16146856277,0.1561871385126954,3.8302486647486154,3.8334317857561175,1.75,1.9817695931936088,1173667.5152030466,0.18295014869799356,1.7993193992797638,1.8085964330201219,1.75,1.887184027953702,259004.61884450348,4.0,HS_13_2,HS_13,healthy,gait_full,4.0,0.5
9.511205419824346,1.7077395718970971,9.663301867556415,1.75,3.267815905673652,233309.9952798869,0.20997422930374274,1.1409025363963223,1.1600636941682394,0.75,1.6681281270589656,104133.45179661334,2.694237126062399,0.9216223428759988,2.8475079340260354,1.75,2.9648608097183113,67952.14945730627,1.4311462943037339,1.1409025363963183,1.8302563517865096,0.75,1.668128127058974,104133.45179661261,-0.24572488482439617,1.7077395718970956,1.7253275527983776,1.75,3.2678159056736145,233309.9952798866,-0.4036329739375827,0.9216223428759965,1.0061348421250196,1.75,2.9648608097182985,67952.14945730592,-0.3250650168540854,0.8303189658320997,0.8916820342492241,0.5,1.535993189148537,55155.774488137016,-0.06258888396351239,0.1996333351424658,0.20921481041241344,3.5,3.5407821751434145,3188.2774856037277,-0.08759562875150763,0.18340913438128434,0.20325330194332383,0.5,2.2049613912761514,2691.133647975745,9.902938244663853,2.1002715836016783,10.123207327843815,1.75,3.478836094298398,352891.3710319415,-0.11368256558913252,1.173596161392909,1.1790893417188955,0.75,5.249768200901115,110186.6596745497,1.7375902928271316,1.5952228334431577,2.3588039159848564,1.75,3.8055494279120423,203578.871322464,-0.04562835033608855,2.1002715836016663,2.1007671625477786,1.75,3.4788360942984053,352891.37103193736,-0.017040025589132604,1.1735961613929098,1.1737198611714172,0.75,5.249768200901129,110186.65967454987,0.9006208428271378,1.5952228334431582,1.8318989576046714,1.75,3.8055494279120357,203578.87132246408,-0.16042382447059608,0.5800896063970518,0.6018635683505517,0.75,1.5345596292313712,26920.873942627422,-0.002584300146617499,0.24567161708312713,0.24568520925665516,1.75,3.1461879472836274,4828.364193001193,-0.011308875049038183,0.3007414540691459,0.30095400454305127,2.5,3.591638454129865,7235.67979097455,8.780337576587623,6.751496637914696,11.075966540695674,0.75,4.730138789775154,3646648.468840877,1.11605944389158,3.0081859852189092,3.208546649803777,9.5,6.864570009392288,723937.3448087688,9.089102163920963,4.634399506626233,10.202423091266613,3.5,4.307702643323396,1718223.6559168047,3.828515081587649,6.751496637914693,7.761458276749124,0.75,4.7301387897751646,3646648.4688408733,0.20994603889158192,3.008185985218914,3.015503318007419,9.5,6.864570009392288,723937.3448087713,0.1440469489210117,4.634399506626233,4.6366376082794005,3.5,4.307702643323407,1718223.6559168056,0.06334245651385143,1.0034252508029469,1.005422548357737,1.75,4.37167087172226,80549.52237432644,-0.1832760570338377,3.638445335239205,3.6430584088929736,1.75,1.8783571452274093,1059063.5747614366,-0.13878874202177308,1.3240799543472834,1.3313339327217235,1.75,2.134679147427561,140255.39578863137,7.7910738830942305,7.321928470323923,10.691654164645106,1.75,4.177898569902733,4288857.155021196,-4.371758089282408,3.713521130766436,5.736070778839379,1.75,4.248181567744898,1103222.7623289898,9.973350923716975,4.536436454426104,10.956595472711966,3.5,3.7422411197207945,1646341.0428178422,4.228336013094252,7.321928470323895,8.455144112560674,1.75,4.17789856990272,4288857.155021163,-0.6278015642824296,3.713521130766438,3.7662148096947834,1.75,4.248181567744872,1103222.7623289917,1.0797049537170333,4.536436454426118,4.663155422257263,3.5,3.7422411197207817,1646341.0428178527,-0.3113257404003546,0.9267830774101314,0.9776761167225181,0.75,3.9942067829294627,68714.96652875247,0.01098691567717795,3.700355341684675,3.7003716525574024,1.75,2.067158014634526,1095412.7991632589,-0.11103560442135478,1.838839816756212,1.842189126321517,1.75,1.9188961727521257,270507.18780941964,4.0,HS_13_2,HS_13,healthy,gait_full,4.0,0.5
9.46274952474424,1.3985851302057988,9.565545929766902,1.75,3.545046045467013,156483.23168769822,-0.08742938504537996,1.3420506455645729,1.344895472752325,0.75,1.4386861574938627,144088.01730132368,2.5145648975265353,1.4001325589194138,2.8780910003714024,0.25,1.3067718279825136,156829.71015530286,1.1337426799546113,1.342050645564568,1.7568359057154253,0.75,1.4386861574938719,144088.01730132263,-0.19726898974429985,1.3985851302057866,1.412428908210064,1.75,3.5450460454669512,156483.23168769546,-0.5833052024734467,1.4001325589194158,1.5167782111366248,0.25,1.3067718279825191,156829.71015530327,-0.7607795709220545,1.1301359493321117,1.3623482739392079,0.25,0.4428769822743976,102176.60001868254,0.04321827269076286,0.23438060278943115,0.2383318821691933,0.5,2.2769046753027804,4394.744154364069,-0.16619573268371565,0.19085432114209866,0.2530738893305439,0.25,1.6794269757648403,2914.0324007786444,9.847096061678462,1.701060610542435,9.992942912308791,1.5,3.855343434454782,231488.74484865245,-0.1163514061421219,1.0897989936795234,1.0959924709304123,0.75,3.9091135300653104,95012.95175562636,1.6794605091641237,1.2096706492212932,2.0697561888853677,1.75,3.5453984005666945,117064.46168152882,-0.10147053332148319,1.7010606105424224,1.7040843494004354,1.5,3.8553434344547988,231488.744848649,-0.019708866142122642,1.0897989936795258,1.0899771951878239,0.75,3.9091135300653224,95012.95175562678,0.8424910591641307,1.2096706492212934,1.4741418738910324,1.75,3.5453984005666754,117064.46168152883,-0.788724105213626,1.0509773513347302,1.3140164029279087,0.25,0.5038171142923175,88364.27290148946,-0.031393756591679284,0.21140793461768598,0.2137261864448374,1.75,2.8384191712592606,3575.4691422806445,-0.13426546746954998,0.33611750536733725,0.3619422511522782,0.25,1.8196463418029656,9038.031783132808,8.031595557350682,5.520890475437222,9.746115063892313,0.75,4.116807384486341,2438439.712402511,1.6996249443593732,3.018137364030153,3.463795331662003,0.75,4.25288539966633,728743.8729005671,8.691272710128487,3.4249102453901874,9.34174670555795,3.5,4.657265936830587,938416.5061130145,3.079773062350707,5.520890475437224,6.321806210044287,0.75,4.116807384486336,2438439.7124025133,0.7935115393593761,3.018137364030146,3.12070724536143,0.75,4.252885399666341,728743.8729005636,-0.25378250487145615,3.4249102453901936,3.434299892082453,3.5,4.657265936830573,938416.5061130181,-0.49218888148156487,1.6536420923810284,1.7253353484897882,0.25,1.528066453482405,218762.6418620028,0.007936798639090342,3.0474958987759457,3.047506233927807,1.75,1.9697505924555545,742985.9558889216,-0.42619129623626917,1.393714141072388,1.4574217399272922,0.75,2.17458939258297,155396.09133423303,6.3233054578384955,5.558041065722848,8.418789247949592,1.75,3.339160421251994,2471345.692935915,-3.4991464532871435,3.273661379304764,4.791751738968075,0.25,3.599571849826259,857348.8537239853,9.571365341614552,3.290753692806992,10.121269405039227,3.5,3.6586119729429822,866324.7938318796,2.760567587838524,5.558041065722831,6.205848362253624,1.75,3.339160421251964,2471345.6929359008,0.24481007171283756,3.273661379304765,3.282802278170834,0.25,3.5995718498262286,857348.8537239853,0.6777193716146153,3.290753692807003,3.3598159790953783,3.5,3.6586119729429827,866324.7938318852,-0.5413474320233944,1.041680378477585,1.173948488249603,0.75,2.2184032216412293,86807.84644636042,0.2216220643988892,2.8882605467746667,2.8967508221252865,1.75,1.8009536574915392,667363.9198666883,-0.5409596606269627,1.6888581686600852,1.773380745433855,1.75,1.6293814862471439,228179.35398375205,4.0,HS_13_2,HS_13,healthy,gait_full,4.0,0.5
9.300349861526986,1.4098404262523232,9.406601808001675,1.75,3.455423537862965,159013.0340368691,-0.5036100444376772,0.9843830101267865,1.1057273567587953,0.75,2.197370213771638,77521.15030642635,3.078763412141609,1.3648893719640582,3.3677451129267912,0.5,1.3884205343727871,149034.64907199825,0.7175620205623169,0.984383010126786,1.218156461206748,0.75,2.1973702137716495,77521.15030642627,-0.03486932652704383,1.4098404262523143,1.4102715686802156,1.75,3.4554235378630547,159013.03403686697,-0.019106687858372277,1.3648893719640611,1.365023099885627,0.5,1.3884205343727942,149034.6490719989,-0.48035793114374037,0.9333194771780188,1.0496804220773792,0.25,1.094697086031327,69688.04820219394,0.05264805652450105,0.21941954486268003,0.22564741195846386,0.25,2.23652224658648,3851.59501969786,-0.10618332847877916,0.17006135156143704,0.20048880901869562,0.25,2.4590221180877365,2313.7207402082618,9.875540857779074,1.6447763520545045,10.01157312723338,1.5,3.5261684388664545,216423.68239918113,-0.1873083793985111,1.1413952475976228,1.156662241205848,0.75,4.286907649932263,104222.68990414261,1.5807853784832953,1.3176953980321724,2.0579610236400834,1.75,3.712797364908626,138905.69348956124,-0.07302573722088243,1.6447763520544987,1.6463966735189786,1.5,3.526168438866475,216423.68239917952,-0.09066583939851416,1.141395247597623,1.1449905701237353,0.75,4.286907649932267,104222.68990414261,0.743815928483301,1.317695398032173,1.5131369063837687,1.75,3.7127973649086368,138905.69348956138,-0.667736699063692,0.9930468331628005,1.19666800413947,0.25,1.0340407773090565,78892.31256836298,-0.043492326208160195,0.20562698547581115,0.21017621082050764,1.75,3.3166174687746133,3382.5986805935563,-0.11240992153719369,0.32301333104059343,0.3420140384398542,0.25,2.0143286952193025,8347.059452510319,8.17154101872231,5.591235769933286,9.901313047047987,2.5,3.6474990200820816,2500953.39552466,1.737123382680112,3.5615225718911954,3.9625800530392405,0.75,5.118902964492068,1014755.4425852387,8.914745878159009,3.7665827938730416,9.677801403999437,3.5,4.290486546454309,1134971.677220857,3.219718523722337,5.591235769933285,6.452015561588658,2.5,3.6474990200821105,2500953.3955246597,0.8310099776801101,3.5615225718911883,3.6571875277451005,0.75,5.118902964492077,1014755.4425852345,-0.030309336840944764,3.7665827938730354,3.7667047400878317,3.5,4.290486546454299,1134971.6772208533,-0.4468197048481198,1.724579559986287,1.7815225250787754,0.25,1.6082269017143247,237933.97307382603,0.019922494514774913,3.0678996596691372,3.0679643458791532,1.75,1.67554724961146,752960.6747007367,-0.36927239628850833,1.3333275744660227,1.3835188916281933,0.75,1.8687689308298556,142220.99366946,6.05048317991799,5.69952676228254,8.312217034248167,2.5,3.436244250968492,2598768.6312531107,-3.9324097788224663,2.709918907102602,4.775720589780218,3.25,4.277255586990534,587497.1558648034,10.0736316369367,3.7356724406504163,10.74398915396544,1.75,3.6233952897636454,1116425.1143017604,2.487745309918009,5.699526762282525,6.218800691531589,2.5,3.436244250968495,2598768.6312530967,-0.1884532538224854,2.709918907102605,2.716463714454596,3.25,4.277255586990523,587497.1558648048,1.1799856669367588,3.7356724406504145,3.9176031904738915,1.75,3.6233952897636716,1116425.1143017595,-0.4410946909153967,0.8843888563739857,0.9882854727416748,0.75,2.991825868503558,62571.96639469905,0.12463773774562009,3.300673194370846,3.3030255981007155,1.75,1.93528602425594,871556.9509291693,-0.385769744452752,1.7163675469859707,1.7591861334383523,1.75,2.136857142603721,235676.14516395572,4.0,HS_13_2,HS_13,healthy,gait_full,4.0,0.5
9.263803231818056,1.645204815316948,9.40875917441746,1.75,2.888836939794008,216536.064073763,-0.35973299477911413,0.7552423246451755,0.8365397757836736,0.75,2.0114138889585282,45631.326618199724,3.295290973793758,0.7765449790985058,3.385552348809528,1.75,2.605539382823362,48241.86270909786,0.8614390702208803,0.7552423246451766,1.14563006273337,0.75,2.0114138889585353,45631.32661819987,0.0016773031819014505,1.6452048153169347,1.6452056703306106,1.75,2.88883693979401,216536.06407375954,0.19742087379377538,0.7765449790985066,0.8012472190108354,1.75,2.6055393828233897,48241.86270909794,0.004204187691295448,0.16234913304937773,0.16240355967782294,0.75,2.347404304064504,2108.5830546162715,-0.05320446261087552,0.16279159156945208,0.17126534129072163,6.75,4.326746463008912,2120.1206653964664,-0.036886166516843504,0.12566951547126784,0.13097105175988902,0.75,3.046004442977949,1263.4277807547385,9.840595037821387,2.0119395682881818,10.044163057459718,1.75,3.289897750351513,323832.0781562607,-0.10584295089170716,1.172553092702866,1.1773204684623981,0.75,5.279581272492969,109990.70987054614,1.5507011578172796,1.6623400274000963,2.2733342137821277,1.75,4.086629121907237,221073.13668224082,-0.10797155717856494,2.0119395682881787,2.014834654159787,1.75,3.289897750351549,323832.0781562596,-0.009200410891708295,1.1725530927028647,1.1725891875536076,0.75,5.27958127249296,109990.70987054589,0.7137317078172839,1.6623400274000963,1.8090846628724508,1.75,4.086629121907234,221073.1366822408,-0.04549889605063646,0.2634503802645513,0.26735042996666997,0.75,2.8640541604431724,5552.489011785878,-0.006945826231499427,0.21279056345370895,0.21290389474357937,1.75,3.8210150664964155,3622.408772714967,0.005373472144990007,0.24465387776533162,0.24471288096156038,2.5,4.041770723034895,4788.456520521832,9.38434700526598,7.041580785048209,11.732426375972052,2.5,4.207071130347227,3966711.282939673,1.1898437459313136,3.3959770594555314,3.5983869063901532,9.25,6.715116198867204,922613.9394373507,9.080728501234693,5.041122069719293,10.386170701223191,4.25,4.7529387223662045,2033069.425616707,4.432524510266004,7.041580785048227,8.320524832393042,2.5,4.207071130347271,3966711.2829396934,0.2837303409313161,3.3959770594555314,3.407809134137832,9.25,6.715116198867199,922613.939437351,0.13567328623474653,5.041122069719283,5.042947447912637,4.25,4.752938722366163,2033069.4256166988,0.31565400148360934,1.026402701796027,1.0738435430298021,0.75,3.9744575514726304,84280.31407037267,0.33790385025026787,3.911475754997438,3.9260440132462517,1.75,1.761745467099543,1223971.4798197336,-0.2446240673579203,1.2419643202819803,1.2658263337378528,1.75,2.1337277169101605,123398.25534931905,7.188206195151056,6.89295650342373,9.959074136791008,2.5,3.625225721733865,3801028.329495625,-4.589297554198563,3.1764907797325135,5.581374894656206,3.5,5.25828698887376,807207.7354431137,10.220196750332109,4.335957853175866,11.10193461158984,4.25,3.522786128525643,1504042.4848864495,3.625468325151073,6.892956503423713,7.788252046176022,2.5,3.6252257217338606,3801028.3294956065,-0.8453410291985876,3.176490779732509,3.2870496085961607,3.5,5.25828698887374,807207.7354431119,1.3265507803321657,4.335957853175866,4.534343114202689,4.25,3.522786128525667,1504042.4848864495,-0.17761994623301244,0.6426899986027097,0.6667827829239213,0.75,4.6741741787018505,33044.09754004837,-0.12880110317722052,3.5834383831468095,3.5857524133700993,1.75,1.9044777067687308,1027283.82327931,0.03651817611473471,1.7406571292494593,1.7410401542737937,1.75,1.8680815042750987,242391.1174861592,4.0,HS_13_2,HS_13,healthy,gait_full,4.0,0.5
9.487960409486977,1.5793865658118835,9.618516239850061,1.75,3.452909524479033,199559.33784174485,0.0066161579545895854,0.8724130104451697,0.8724380977124303,0.75,1.9026354981787053,60888.369665488826,2.9127628081304295,0.8288341541868137,3.0283911952676186,1.75,2.4816430900799498,54957.52079481913,1.227788222954583,0.8724130104451708,1.5061767430218733,0.75,1.9026354981787013,60888.36966548899,-0.22247987448702705,1.5793865658118864,1.5949793788067692,1.75,3.45290952447907,199559.33784174555,-0.18510729186955502,0.8288341541868154,0.8492530627850889,1.75,2.4816430900800093,54957.52079481934,-0.02309633932654571,0.16760121458253227,0.16918512942876204,0.75,2.582734557202636,2247.213469698072,-0.06720687402134368,0.17495336081972376,0.1874178283350792,3.5,3.8842716713601813,2448.7015655926853,-0.057480439915165646,0.13422244976828718,0.14601255766077567,4.25,3.5833472369242934,1441.253367163955,9.96114258834896,1.986469451482469,10.157284211199983,1.75,4.003120669787306,315689.1040249471,-0.201623572459563,1.1664203067329637,1.1837180394546574,0.75,5.505609845819394,108843.00300575963,1.5814649247788832,1.7541722295930793,2.3618110676727366,1.75,4.038545162266226,246169.77600037208,0.01257599334900405,1.986469451482475,1.9865092592992863,1.75,4.003120669787379,315689.1040249491,-0.1049810324595629,1.1664203067329633,1.1711350686984383,0.75,5.505609845819379,108843.00300575956,0.7444954747788861,1.754172229593079,1.9056216106671844,1.75,4.038545162266235,246169.77600037202,-0.002442398259843892,0.25233286697696616,0.2523446870177278,0.75,3.006293135314909,5093.7514058124025,-0.007294243458342754,0.2070870498066266,0.20721547284226108,1.75,3.7216060417997294,3430.814188055067,0.0065653553912732,0.2620128447691498,0.2620950871638695,2.5,3.867013415945472,5492.063408706699,9.067331121366056,7.10462346011955,11.519208660952996,2.5,4.7839327762752,4038054.669596828,1.430531877577024,2.9989204837136483,3.3226413469409164,1.75,6.6440074012908426,719497.4184516852,9.355344257288033,4.574450214545443,10.41383987478812,4.25,4.162821050535003,1674049.8827021425,4.115508626366085,7.104623460119574,8.21054722681595,2.5,4.783932776275224,4038054.669596855,0.5244184725770293,2.9989204837136465,3.0444274998786414,1.75,6.6440074012908426,719497.4184516845,0.410289042288087,4.574450214545449,4.592813066474247,4.25,4.1628210505349905,1674049.8827021462,0.19590538958644743,0.9249669093988793,0.945485433601138,0.75,4.185956242412804,68445.24156787572,-0.3662586681199697,3.911552722112021,3.9286626362968575,1.75,1.894776396314762,1224021.887646309,-0.008246749856025932,1.2093639438819765,1.2093920611798956,1.75,2.057596939390656,117004.910654582,8.137883802596868,6.963342582811465,10.71042915620863,2.5,3.7780666704356,3879060.83015057,-4.460442484388558,3.3428145837388428,5.574043101537291,3.5,5.301415395806606,893952.7520869187,10.131151705075984,4.398045582585349,11.044593239126668,4.25,3.6707223409273055,1547426.4685711975,4.575145932596892,6.9633425828114435,8.331872552443,2.5,3.77806667043559,3879060.8301505465,-0.7164859593885804,3.342814583738834,3.418736823924592,3.5,5.301415395806567,893952.752086914,1.2375057350760468,4.398045582585357,4.568831950383455,4.25,3.6707223409273038,1547426.4685712038,-0.16218184043642062,0.685892202971209,0.7048056919918019,0.75,3.939724994873315,37636.022032543835,0.007407130827165043,3.647413066915696,3.6474205880724058,1.75,1.9631627020384987,1064294.8088081107,0.1366699207147146,1.8968277809499343,1.9017450664617535,1.75,1.9352250394808608,287836.83591747173,4.0,HS_13_2,HS_13,healthy,gait_full,4.0,0.5
9.257542084787438,1.9006976836811496,9.450647445353225,1.75,3.056173858258636,289013.0235263105,-0.040536825897869416,0.9036020198409637,0.9045108316181423,0.75,1.6498601166259954,65319.73069221519,3.350034975631863,1.0104559684028254,3.499107829438479,1.75,2.686765862482705,81682.22573341632,0.5398585291021248,0.9036020198409617,1.0525891134269703,0.75,1.6498601166259916,65319.7306922149,0.2171021452125141,1.9006976836811473,1.9130564618449595,1.75,3.056173858258657,289013.0235263099,0.7311432306318812,1.010455968402824,1.2472336139551858,1.75,2.6867658624826873,81682.22573341613,0.04835966804948424,0.18905330291891032,0.1951404848779606,0.75,2.008041642111557,2859.3210466187707,0.027241016500219272,0.1867702081474902,0.18874634733266238,1.0,3.7343470077300926,2790.6488554948214,0.007607391885750583,0.09759872161014753,0.09789475405372068,4.25,3.4013648266145027,762.0414231811609,9.809697644800096,2.3103976113585474,10.078100267657979,1.75,3.3502880497254943,427035.5277079256,0.8525281703627506,1.2538250675715594,1.5162063122586202,4.25,4.602353988699969,125766.19591682752,1.5785127623108435,1.7217763970173467,2.335854554997859,1.75,3.5594014196927346,237161.26371231326,-0.09417435519984918,2.310397611358544,2.3123161400960233,1.75,3.350288049725495,427035.52770792425,0.2956280053627519,1.25382506757156,1.2882054252430342,4.25,4.602353988699954,125766.1959168277,0.5114804323108508,1.721776397017351,1.7961420305652183,1.75,3.5594014196927355,237161.2637123144,0.0019275007372242315,0.3111773512210754,0.3111833208448945,1.0,2.4845148969388595,7746.606627120131,0.010382591165056963,0.18409669910829773,0.18438924269564055,1.75,3.359606296351379,2711.3304996227835,9.103251886461439e-06,0.24197951978767918,0.241979519958911,2.5,3.9539085855972007,4684.329109026224,8.067630173482634,6.951474939535309,10.64939718721557,2.75,3.7369289463984003,3865875.3759931577,1.64892691489438,2.9768051406134863,3.4029882185875953,0.75,5.868989484845173,708930.7116975995,10.007712083891999,4.597517563774923,11.013240617697265,3.5,4.762758569622742,1691030.1178197027,3.4573796959826666,6.951474939535321,7.763792771396001,2.75,3.7369289463983986,3865875.3759931703,0.8016208173943826,2.97680514061348,3.0828501066485345,0.75,5.868989484845164,708930.7116975966,0.8571453388920651,4.597517563774905,4.676736670072747,3.5,4.762758569622751,1691030.1178196892,0.17520300819964482,0.990594055258512,1.0059685265433052,0.75,4.118648274504817,78503.45590439513,0.08371847989827426,3.7586735979403225,3.759605830367078,1.75,1.8771814536254119,1130211.460979657,-0.19181183023079548,1.2511535685082367,1.2657713182907022,1.75,2.211537637386215,125231.52377800808,8.1754493432279,7.300013581707271,10.960299733893965,2.5,3.9780527886956243,4263215.879828324,-1.9676235599040417,2.668288441364934,3.315313813172316,0.75,6.1640991148082716,569581.1363278923,9.981523938250872,4.7813496360758885,11.067616024794058,3.5,3.5444642315001182,1828904.4700105106,3.6309011382279346,7.300013581707293,8.153136903590902,2.5,3.978052788695618,4263215.879828351,-0.020108154904054185,2.6682884413649393,2.6683642075652605,0.75,6.164099114808305,569581.1363278946,0.9422979582509149,4.781349636075883,4.873318149323603,3.5,3.544464231500091,1828904.4700105074,-0.06316864463448699,0.7825614723869869,0.7851068307749252,1.75,3.3961158910993747,48992.19667283655,-0.07184080577877687,3.5971476957707305,3.597865012276533,1.75,1.9215573029114699,1035158.720091627,-0.022653534936183477,1.187267048389371,1.1874831480220316,1.75,2.361249113642389,112768.27310293588,4.0,HS_13_3,HS_13,healthy,gait_full,4.0,0.5
9.201271630546287,2.0257438988865597,9.421626078494734,1.75,2.682113649654899,328291.4318719689,0.0786095116190523,0.8145226014921352,0.8183071084003252,1.0,2.327730592272748,53076.145782135805,3.7110363209403285,0.8393403358277842,3.8047710541747217,1.75,2.887905264521364,56359.37788585761,0.6590048666190469,0.814522601492135,1.047728248435205,1.0,2.327730592272748,53076.145782135776,0.2733725994536587,2.025743898886562,2.0441063871550766,1.75,2.682113649654942,328291.43187196966,1.0921445759403472,0.8393403358277852,1.3774149607519952,1.75,2.887905264521321,56359.37788585774,0.00789944995495323,0.17868653467744566,0.1788610605599352,2.5,2.735413559772702,2554.312223649685,0.00896458822896622,0.20565609790627828,0.20585138923056032,3.5,3.8667702739833976,3383.556393551508,0.016773096040631475,0.11334458838339774,0.11457893552739137,4.25,3.8903665480327065,1027.7600663867122,9.87582416090208,2.5517361769216174,10.200159820986524,1.75,3.1013918301129277,520908.69520436163,0.7053941102711935,1.4102796645241846,1.576854331565137,7.0,5.548602814883707,159112.7301490902,1.7004781320923075,2.0815560108300355,2.687843243931237,1.75,4.18162790299278,346630.03410032945,-0.028047839097863552,2.551736176921625,2.5518903185459694,1.75,3.1013918301129406,520908.6952043647,0.14849394527119514,1.410279664524185,1.4180758738349133,7.0,5.5486028148836954,159112.73014909032,0.633445802092315,2.0815560108300395,2.1758053705262896,1.75,4.181627902992775,346630.0341003307,0.04937367621264278,0.3423908048235381,0.34593239676338655,0.75,2.343155997451927,9378.517406583464,-0.0020762987670651044,0.19831790933953267,0.1983287779959661,1.75,3.9812800819872654,3146.4007383671856,0.0012633311547161007,0.31979860115427605,0.3198010964737898,2.5,4.267321840865684,8181.737575381573,8.783731750333404,7.684821293065567,11.670922061609744,5.25,4.477011315958905,4724518.268572497,1.5983083966969156,3.2433417940608336,3.615778716134826,1.75,6.046357874068451,841541.4060726465,9.975529349993282,4.990278543279356,11.154105331764253,3.5,4.279096396285544,1992230.6892012127,4.1734812728334445,7.6848212930655455,8.744965651221568,5.25,4.4770113159588725,4724518.268572471,0.75100229919692,3.243341794060838,3.329154614387988,1.75,6.046357874068484,841541.4060726488,0.8249626049933524,4.990278543279345,5.058007833045698,3.5,4.27909639628554,1992230.6892012046,0.14716863421096657,1.0233483116596258,1.0338763822972878,1.75,4.075263339656911,83779.55165747029,-0.28624965490825105,4.156065120374846,4.165911202814035,1.75,2.0672377920658316,1381834.7032524718,-0.010532970471158355,1.2617651636456384,1.2618091264754154,1.75,2.168732440391531,127364.32977403681,9.651691659761902,8.346361832234486,12.759972873391936,5.25,4.262806692317436,5572941.327408935,-1.7860288333991887,2.9319733084710893,3.4331277976970465,1.75,5.859577711416785,687717.6656809363,10.004568574115583,5.6068050989353395,11.468550726732147,3.5,3.624914948153131,2514901.0875527426,5.107143454761925,8.346361832234493,9.78492054653988,5.25,4.262806692317443,5572941.327408944,0.16148657160079716,2.9319733084710933,2.936417101570264,1.75,5.859577711416795,687717.6656809378,0.9653425941156355,5.60680509893535,5.689301340363451,3.5,3.6249149481531218,2514901.0875527537,-0.19795084538425933,0.8721220292830806,0.8943049654056392,1.75,3.46083918566502,60847.93349326639,0.1751914195246366,4.111402728373686,4.1151335857239975,1.75,1.9803931269668218,1352295.642668351,0.06473519098299757,1.1428785394489875,1.1447104441231661,1.75,1.9863921918551346,104494.02207652928,4.0,HS_13_3,HS_13,healthy,gait_full,4.0,0.5
9.448895970791199,1.868168945716708,9.631806179350498,1.75,2.7925450747732126,279204.6043549561,0.17624293799801877,0.858798423380407,0.8766962445424562,0.75,2.4702301748971824,59003.19527891811,3.056450565885945,1.1454266513937421,3.264030066563051,0.25,2.419953629945018,104962.30011541878,0.7566382929980157,0.8587984233804081,1.1445681449488387,0.75,2.470230174897171,59003.195278918254,0.025748259208752712,1.8681689457167112,1.8683463765031822,1.75,2.7925450747732397,279204.6043549571,0.4375588208859611,1.145426651393743,1.2261565705317554,0.25,2.4199536299450184,104962.30011541893,-0.4828695831020679,1.026640531436879,1.1345280142306589,0.25,1.102584712139556,84320.69130249394,-0.0007927331146389704,0.22414691063610356,0.22414831244847785,3.5,3.0258683602560077,4019.3771221325837,-0.0976039580431204,0.2758246886546545,0.2925846740639712,0.5,1.6959061815245038,6086.426691806103,9.915328171261168,2.408344937197685,10.203619851813915,1.75,3.332457734910405,464010.70007733314,0.6606422245434299,1.4464411681447602,1.590169865691609,0.75,4.513483434020701,167376.04327453478,1.62696780502274,1.9710841887692159,2.5558163309980846,1.75,4.089997714050294,310813.8306377927,0.011456171261210884,2.4083449371976915,2.4083721847724697,1.75,3.3324577349104163,464010.70007733576,0.10374205954343481,1.4464411681447606,1.450156704574472,0.75,4.513483434020695,167376.04327453487,0.5599354750227448,1.9710841887692159,2.0490731112883562,1.75,4.089997714050289,310813.8306377928,-0.4628686925442422,1.1760359495152684,1.2638465021868341,0.25,1.0504677561176985,110646.09244084188,-0.024774910836830852,0.21218292748796105,0.2136244155623,1.75,3.9653014705643503,3601.72951112854,-0.06048205779657598,0.33993827274217825,0.3452768578839942,2.5,3.6013950351264516,9244.716540862928,8.853245965869007,7.274961580907944,11.458840697726034,2.5,4.982152610391776,4234052.739425995,1.8030675916037502,3.532698678341921,3.966234069221143,0.75,5.980401084443009,998403.8951435332,9.191143540759796,4.782202360027668,10.360819417358103,3.5,4.758180423154571,1829598.798530681,4.242995488369061,7.2749615809079184,8.421880830195025,2.5,4.982152610391741,4234052.739425966,0.9557614941037553,3.5326986783419336,3.6597049041651277,0.75,5.98040108444305,998403.89514354,0.040576795759855885,4.782202360027659,4.782374503173947,3.5,4.758180423154571,1829598.7985306743,-0.05279927622940859,1.0944805737753893,1.095753389199438,1.0,3.51981026503277,95831.08438163946,-0.15484927071472235,3.7943453231521826,3.797503749565986,1.75,1.948068975770696,1151764.8041120472,-0.3567658813767695,1.6247613397069045,1.663469658611397,0.75,1.6656234108584185,211187.97925875758,8.793105463277834,7.328619908081872,11.44671889431467,0.75,4.109624039015893,4296694.637351922,-1.8525216883081532,2.7363281848919443,3.304440730454419,1.75,5.444995674441567,598999.7586777261,9.929915811853595,5.016792419273988,11.12526108496268,3.5,3.4125218759371196,2013456.804902252,4.248557258277858,7.328619908081878,8.471063010862302,0.75,4.109624039015891,4296694.637351929,0.0949937166918375,2.736328184891944,2.7379765779942256,1.75,5.444995674441579,598999.7586777259,0.890689831853654,5.016792419274001,5.095246270265313,3.5,3.4125218759371214,2013456.804902263,-0.5294393888028402,1.4233873953071667,1.5186631435361977,1.75,2.100590633062881,162084.09191371984,-0.11339555306126319,3.8741286251273497,3.875787810946982,1.75,1.9504509628125863,1200710.6474025962,-0.4282558665053758,1.869079230695983,1.917514082820608,0.75,1.5531097833557912,279477.64806255256,4.0,HS_13_3,HS_13,healthy,gait_full,4.0,0.5
9.347396982646313,1.5619638997012297,9.477001718642624,1.5,2.9833776349457253,195178.6388706735,-0.3519190372043012,1.143891776912325,1.1968021582677892,0.75,1.2719304964258713,104679.1150520949,2.81102539381776,1.2024622475015148,3.057413812579954,0.25,1.436326914274697,115673.29551940433,0.22847631779569486,1.1438917769123282,1.166486101537915,0.75,1.2719304964258638,104679.11505209547,0.12724724735364457,1.5619638997012293,1.5671385024716074,1.5,2.983377634945685,195178.63887067337,0.19213364881777548,1.2024622475015148,1.2177154001138468,0.25,1.4363269142747077,115673.29551940436,-0.7110780519051484,1.1095513943084212,1.3178529100445855,0.25,0.43803979088424794,98488.35874461928,0.048547998393366924,0.2327728126916133,0.23778160247665767,0.25,2.1424342602190998,4334.6691190307765,-0.1603662776128746,0.2784958807993251,0.32136785560724873,0.25,0.9692497244314734,6204.79985537896,9.760157276883524,1.960103686104159,9.955032723692147,1.5,3.402569670270029,307360.6033473744,0.5700644533555709,1.5696507401115989,1.6699631513636688,0.75,2.885605732851995,197104.49066375557,1.5969249903584066,1.4606497090011363,2.1641781343586994,1.5,3.5841445167479473,170679.97868537394,-0.14371472311643171,1.960103686104155,1.9653652031924063,1.5,3.4025696702700348,307360.60334737314,0.013164288355574882,1.5696507401115982,1.5697059420225168,0.75,2.885605732852001,197104.49066375542,0.5298926603584108,1.460649709001132,1.553796577389333,1.5,3.5841445167479478,170679.97868537295,-0.7638708943106854,1.2306390570703327,1.448437513999815,0.25,0.56468946687434,121157.80525777384,-0.03509564206658308,0.191552599114091,0.19474111615020948,1.5,3.6267042034942363,2935.4078266830174,-0.128998927129582,0.31489633721277605,0.34029461704617897,0.25,2.430264233306579,7932.794337747593,7.647645849942408,6.013865235847423,9.728980528353189,0.75,4.0606521249917265,2893339.394381643,2.1520395863770365,2.922859775886545,3.6296533788819825,0.75,5.466830785323988,683448.7762115864,9.089397725067974,3.8658795883222092,9.877356731225067,1.5,4.13871924937232,1195603.5617600686,3.037395372442448,6.013865235847417,6.737384189985674,0.75,4.060652124991721,2893339.3943816368,1.3047334888770394,2.9228597758865553,3.200849691330859,0.75,5.466830785324008,683448.7762115912,-0.06116901993197366,3.865879588322205,3.8663634904656465,1.5,4.1387192493723495,1195603.561760066,-0.21535201172581936,1.188909802433064,1.2082561844558397,1.0,2.513787810668491,113080.52253744726,0.1406539439403735,3.2129905922925173,3.216067797498398,1.5,1.7615690590896202,825864.7117885828,-0.7362463170373972,1.703910517447676,1.8561707062713657,0.75,1.5480706778334263,232264.90441598813,6.959564416843802,5.666751595773581,8.974832060846644,0.75,3.420606678255252,2568965.9096526452,-1.7035475020073279,2.728899354582515,3.2169808484099303,0.75,5.719739889174622,595751.3362209175,9.63081278227672,3.8014272112435408,10.353907653135,3.75,3.525867194908309,1156067.958498473,2.415016211843839,5.666751595773605,6.159900725796746,0.75,3.4206066782552456,2568965.909652667,0.2439679029926615,2.7288993545825178,2.739783207688433,0.75,5.719739889174627,595751.3362209186,0.5915868022767752,3.8014272112435448,3.84718387746296,3.75,3.5258671949083134,1156067.958498476,-0.5824748182367814,1.5229916210773733,1.6305767052646918,0.75,1.46407855126357,185560.2782511344,-0.0853253048467122,2.934739214775338,2.935979336846115,1.5,1.8740057199193698,689015.5414922046,-0.5757247473048013,1.8824856262694432,1.968555591739851,0.25,1.6596557223227175,283500.17433328263,4.0,HS_13_3,HS_13,healthy,gait_full,4.0,0.5
9.293998040156923,1.6823012422938124,9.445027106380586,1.75,2.8454103210776522,226411.87027748994,-0.7034052202552347,0.9458437787794542,1.1787278556724248,0.75,1.5130457332613882,71570.10181214004,3.242041824396283,1.014798973120454,3.3971535359740677,1.75,2.0751297198376784,82386.29368012682,-0.12300986525523873,0.9458437787794559,0.953809142756512,0.75,1.513045733261384,71570.1018121403,0.1806461898430267,1.682301242293803,1.6919723743986117,1.75,2.845410321077621,226411.8702774874,0.6231500793962974,1.0147989731204574,1.1908538857886584,1.75,2.075129719837682,82386.29368012736,-0.23962945257720286,0.6497377954734807,0.6925182144963327,0.25,2.1223679034275302,33774.30827865448,0.027960611525919613,0.23089822231276677,0.23258500567340804,0.5,2.943199398326342,4265.132047385846,-0.06595899884074531,0.17630152659097956,0.1882360693554328,0.25,2.4946532298241615,2486.6334616624804,9.859157766425907,2.0186035469148527,10.063684819333997,1.75,3.3310604472429897,325981.2327637102,0.5053174549715959,1.464980949186007,1.5496821970252175,0.75,3.6377281169457514,171693.6187404704,1.617618535916027,1.6152691250982705,2.2859973915634377,1.75,4.038974480727864,208728.3486763117,-0.04471423357403692,2.018603546914849,2.0190987202960935,1.75,3.3310604472429644,325981.232763709,-0.05158271002840113,1.464980949186007,1.4658887943673655,0.75,3.6377281169457563,171693.61874047044,0.5505862059160318,1.6152691250982643,1.7065284986312776,1.75,4.038974480727839,208728.3486763101,-0.2709563390078581,0.7270766239408297,0.7759238072966546,0.25,1.9855681267551626,42292.60543231033,-0.0238870849909979,0.20970033992302867,0.21105645072634224,1.75,3.1979563660623604,3517.94970756798,-0.07645071493544697,0.3115786920562984,0.32082081160307324,2.75,3.014793691094992,7766.545497619065,7.570579420523274,6.586391041426698,10.034650951230757,2.5,4.025782801420513,3470443.941371327,1.8204972989762664,2.683131294645055,3.242437965464186,0.75,6.127669428979633,575937.2159700601,9.458468425160445,4.401524408572105,10.43245139308174,4.25,4.362164642292813,1549873.8029734143,2.960328943023291,6.586391041426691,7.2210867881148735,2.5,4.025782801420545,3470443.9413713203,0.9731912014762765,2.683131294645054,2.8541714487631054,0.75,6.127669428979632,575937.2159700597,0.30790168016049974,4.4015244085721,4.412280653347159,4.25,4.362164642292835,1549873.802973411,-0.08558919820651706,1.12061393029747,1.123877703144954,1.0,2.795560131247507,100462.05150638732,-0.1929188704007804,3.2983760970539904,3.3040131004845947,1.75,2.062875442696016,870353.4286315761,-0.40428321274974616,1.3684664197989553,1.42693561810918,0.75,1.6998475173324616,149816.4558569608,7.860606856424368,6.9037615068786335,10.461886211153557,2.5,3.346703492907672,3812953.8954236913,-1.5833454273535545,2.9824563405740956,3.376688994525856,4.25,6.644430262097746,711627.2737772644,9.951305408374244,4.7700643892487165,11.035487918905861,3.5,3.679592138402639,1820281.1495407606,3.3160586514244117,6.9037615068786415,7.658862051476442,2.5,3.346703492907656,3812953.8954237006,0.3641699776464368,2.9824563405741005,3.0046073946606837,4.25,6.644430262097737,711627.2737772667,0.9120794283742971,4.770064389248714,4.856480532365212,3.5,3.679592138402663,1820281.1495407582,-0.2909130843792407,1.1033885287597998,1.1410945044393819,0.75,3.454044008718908,97399.901419176,0.10616011784976247,3.630099474763861,3.63165143802413,1.75,1.8675551264826753,1054212.23916313,-0.04666649826761327,1.371682698373718,1.37247629745594,1.0,2.7320756203203325,150523.0271223981,4.0,HS_13_3,HS_13,healthy,gait_full,4.0,0.5
9.355711466608298,1.9401384856667978,9.554761869873651,1.75,2.8645127054950397,301130.99225477746,-0.2947470189036791,0.8061549881179071,0.8583482218889887,0.75,2.2146341030367616,51991.06452531869,3.3347627419441737,0.7761592917386707,3.423896288033751,1.75,2.8025676978126666,48193.88192386719,0.2856483360963182,0.8061549881179068,0.8552665296748011,0.75,2.2146341030367704,51991.064525318645,0.11893276339164531,1.9401384856667905,1.9437804263273668,1.75,2.864512705495022,301130.9922547752,0.715870996944187,0.7761592917386776,1.055885661621631,1.75,2.8025676978126595,48193.88192386803,-0.008595263717752372,0.16334971100797666,0.16357569087357446,2.5,2.8632345774326207,2134.6578654122072,0.011491939333033236,0.21032732174280863,0.21064103812205506,3.5,3.7186489509661205,3539.0099268980275,-0.0068112081774514555,0.14744078974467975,0.1475980319562949,2.5,3.280065855534284,1739.1138615566215,9.933150025175024,2.3577536372612764,10.209136674403638,1.75,3.3604073638859897,444720.79828288924,0.6270526695944916,1.1866822409301814,1.3421660818932417,6.0,5.75000380609987,112658.1881950104,1.738582174030655,1.984286641164033,2.638192837940244,1.75,4.236401737904103,314991.795941325,0.029278025175072143,2.3577536372612764,2.357935414038504,1.75,3.360407363885986,444720.7982828892,0.07015250459449646,1.1866822409301843,1.1887540178018177,6.0,5.750003806099869,112658.18819501092,0.6715498440306592,1.9842866411640272,2.094844306224121,1.75,4.236401737904091,314991.7959413231,-0.01449432595947201,0.27937570402208856,0.2797514423248914,0.75,3.549866259770456,6244.098478949757,-0.0026117128982126813,0.24296750374649997,0.242981540288698,1.75,3.6209808279306066,4722.707928162364,-0.007175669617791306,0.32517427242453234,0.3252534360791407,2.5,3.7731701612706483,8459.075384558268,9.522492120464532,7.805805059462097,12.312938268773754,2.5,4.536513483113048,4874460.3447624305,1.5771722474144088,3.465752552771054,3.8077438273934994,7.75,6.563588675006408,960915.3252623795,9.347256657740143,5.332556996736942,10.761383328787964,3.5,4.200728701587553,2274893.83310674,4.91224164296454,7.8058050594621,9.222836363353688,2.5,4.536513483113081,4874460.344762434,0.7298661499144248,3.4657525527710544,3.541771499381346,7.75,6.563588675006407,960915.3252623796,0.19668991274018136,5.3325569967369315,5.336183190748022,3.5,4.2007287015875425,2274893.8331067297,0.21034670444743728,1.0067092425736854,1.0284499186422162,1.75,4.359866843696406,81077.19321973741,-0.02706558992613175,4.05287703793641,4.052967410526547,1.75,1.9794511271508792,1314069.268334763,-0.201100269506926,1.2827916807941022,1.2984590154141622,1.75,2.2903025496035756,131644.6811508142,8.839212634744838,7.346011668166075,11.493283579163307,2.5,3.8694596191214266,4317111.173960659,-1.6735043932859832,2.9707158209566358,3.409658259009185,7.75,6.816518875790292,706012.3689610885,10.19059641281903,5.25590245737772,11.466157416084485,3.5,3.7719923440131393,2209961.14284228,4.2946644297448735,7.346011668166061,8.509290804347197,2.5,3.8694596191214203,4317111.173960644,0.27401101171400855,2.9707158209566376,2.983326083991256,7.75,6.81651887579029,706012.3689610894,1.1513704328190721,5.255902457377709,5.380535708927042,3.5,3.7719923440131793,2209961.142842271,-0.1865822590872515,0.9008105456947285,0.9199307466548429,1.75,3.589429589083002,64916.887383378715,-0.255159613730357,4.1333773296600445,4.141245534597849,1.75,2.0141410254145677,1366789.8400563903,0.013413243226482106,1.2782961607716181,1.2783665318433959,1.75,2.3840904138939316,130723.786984566,4.0,HS_13_3,HS_13,healthy,gait_full,4.0,0.5
9.411686606172784,1.9232612925671808,9.606184402368058,1.75,3.041186747577658,295916.3429681271,-0.19629645949073596,0.8488372698233847,0.871238779353752,0.75,2.138389031638966,57641.99481202766,2.5424818887329157,1.3734708328587126,2.889746750711643,0.25,1.2777175699394927,150915.52718690922,0.3840988955092611,0.8488372698233849,0.9316955898643356,0.75,2.1383890316389653,57641.9948120277,0.06295762382715785,1.9232612925671786,1.9242914700962366,1.75,3.0411867475777035,295916.3429681264,-0.07640985626707021,1.3734708328587149,1.3755946331853601,0.25,1.2777175699395018,150915.5271869097,0.011423489589145604,0.171357063854645,0.1717374142325376,2.5,2.701730412167371,2349.0604453643887,-0.050336134844049904,0.22989135852049639,0.23533755160075448,0.25,2.615729107125025,4228.008844668234,-0.0005660286564395715,0.14111155661063493,0.14111269183711414,2.5,3.208088756138208,1593.0004002707701,9.796839797111451,2.3714490555353693,10.079773838398674,1.75,3.5914479884610873,449902.76453576685,0.7295309358137915,1.1467166397817026,1.3591079568090187,0.75,5.171565266480546,105197.08837676987,1.9194578092120549,1.7805490541638178,2.618143085400186,1.75,4.066781880178633,253629.4225874169,-0.10703220288849045,2.371449055535364,2.3738632048740156,1.75,3.5914479884610944,449902.76453576476,0.17263077081379785,1.1467166397817055,1.1596380620624747,0.75,5.171565266480548,105197.08837677035,0.8524254792120581,1.7805490541638114,1.974078046049231,1.75,4.066781880178638,253629.42258741512,0.015446129729237687,0.2681902046142955,0.26863463807683124,0.75,3.352878310325366,5754.080434464087,-0.007501867105744204,0.2308874434655769,0.23100928457562528,1.75,3.1103877086491627,4264.725475379136,0.0031108242969268398,0.3206162640019937,0.3206313552514827,2.5,3.6005017363290177,8223.622489773552,9.332608095415289,7.2072123744990275,11.791585307911015,2.5,4.517492827000435,4155525.8259921977,1.732022159095423,3.32640543955639,3.750316507697438,7.5,6.560284696198148,885198.0396000077,9.372201042156956,4.759399094135406,10.511423886032986,4.25,4.068666433826739,1812151.250219051,4.722357617915297,7.207212374499039,8.616528981127766,2.5,4.517492827000462,4155525.8259922103,0.8847160615954348,3.326405439556389,3.442048177750461,7.5,6.560284696198158,885198.0396000071,0.22163429715700356,4.759399094135397,4.76455679984331,4.25,4.06866643382671,1812151.250219044,0.27703530743231225,0.9955957646022738,1.0334212539221854,0.75,4.486170312701424,79296.95209417958,0.10156884739924382,4.251434138190661,4.252647229918676,1.75,2.3728915190765485,1445995.9812657104,-0.1510106429544333,1.3645238640698532,1.3728545406930899,1.75,2.5681550288089348,148956.0556027275,8.630279267895204,6.830085125749536,11.005988509300145,0.75,3.9350984571174297,3732006.6619228064,-1.2862580456316437,2.773102673537307,3.056887010985505,10.25,7.145029422129156,615226.7595055287,9.876519132380658,4.867754822227217,11.010933983164076,3.25,3.9392749690644098,1895603.6470919806,4.085731062895226,6.8300851257495285,7.958847978400637,0.75,3.9350984571174425,3732006.661922799,0.6612573593683442,2.7731026735373074,2.850852457300896,10.25,7.145029422129149,615226.7595055291,0.8372931523807056,4.867754822227201,4.939240511692034,3.25,3.9392749690644386,1895603.647091968,-0.1351563772596436,0.8955192714770128,0.9056610910824594,0.75,3.489394310938706,64156.55439139903,-0.13391212779331924,3.7419644135754635,3.7443597757741305,1.75,1.9266373981730858,1120185.9761804107,0.03935795379438318,1.2343953769516265,1.2350226698997995,1.75,2.229436459427965,121898.60033818806,4.0,HS_13_3,HS_13,healthy,gait_full,4.0,0.5
9.051455533589747,1.6232149328064776,9.19585091194058,1.75,2.7455199930301504,210786.13836676924,0.10490957543525514,0.8643976378664263,0.8707406590754005,0.75,1.789583450967104,59774.796477540076,3.903737421421756,0.8910267298541654,4.004134674149109,1.5,2.387199935123777,63514.31006265946,0.5565586504352531,0.8643976378664262,1.0280762655189388,0.75,1.7895834509670985,59774.79647754006,0.41746650141019415,1.623214932806484,1.6760384834142759,1.75,2.7455199930301406,210786.13836677096,1.2406785064217767,0.8910267298541634,1.5274854466120371,1.5,2.3871999351237445,63514.31006265917,0.1793453645481108,0.17996299302568436,0.25406975153224615,0.75,2.3264745639917805,2590.958930552757,0.051081508234735035,0.19511444726850918,0.20169027744646284,3.25,3.0337906279931706,3045.5911445414013,0.07478915947650451,0.14426563118149305,0.1624992021992619,0.75,2.8324888023464942,1665.0168743594102,9.827204365809427,2.0320068838737995,10.035088321658877,1.75,3.4309494172552997,330324.40314151824,0.5928176397313699,1.2246569840405324,1.3605945327451248,0.75,4.630273520769502,119983.15504033405,1.5861212427806288,1.595605876871189,2.2498308183296456,1.75,3.4630498583190024,203676.7032085619,-0.05545442919050561,2.032006883873798,2.0327634318403476,1.75,3.4309494172552673,330324.4031415178,0.0656637447313722,1.2246569840405344,1.2264161022798927,0.75,4.630273520769504,119983.1550403344,0.29460825278063607,1.5956058768711878,1.622575772317685,1.75,3.4630498583189917,203676.70320856155,0.02199900136268733,0.25841790169976253,0.2593525939331698,2.25,3.1091735989623337,5342.4596682430965,-0.011347735536327697,0.2061209528134427,0.20643308429252302,1.75,2.493345640762346,3398.8677814560046,-0.013166881220830784,0.2549883380813704,0.25532806214472925,2.5,3.518969407238799,5201.526000244721,8.267731650829033,6.672529406362436,10.624407528370304,2.5,3.9354064831274003,3561811.894317023,1.3293176372366253,2.8206588010268447,3.118204844534522,4.25,5.581769806064661,636489.308522612,9.445520358632377,4.335882126639438,10.393157781033157,3.25,4.102452050328995,1503989.925991529,3.365696260829061,6.672529406362426,7.473323223234095,2.5,3.935406483127418,3561811.8943170127,0.2679141622366257,2.820658801026848,2.833353855440081,4.25,5.5817698060646554,636489.3085226134,0.4826997936324405,4.3358821266394365,4.362668094971714,3.25,4.102452050328987,1503989.9259915275,0.12449412407596061,0.8883568147502645,0.8970376899788974,0.75,3.519871210343221,63134.22675315558,-0.06211638024101447,3.5237355934844037,3.5242830444621114,1.75,1.8197265586751414,993337.0239852141,-0.09871955567386027,1.2685469494693447,1.272382377149426,0.75,2.0917348504981415,128736.92089460249,7.534309939557124,6.797215027400031,10.147312865681341,2.5,3.8648089340072325,3696206.1131935613,-1.9046564661332905,2.206363752026333,2.9147482327362466,0.75,5.942824508010803,389444.50254483294,10.166431596928266,4.4212422145616355,11.08619475450631,3.25,3.5929665938130766,1563791.5533950063,2.9065391645571452,6.797215027400018,7.392570733095299,2.5,3.8648089340072382,3696206.113193547,-0.29187573613329854,2.206363752026334,2.2255858670469397,0.75,5.94282450801079,389444.5025448335,1.1247200669283182,4.421242214561643,4.562058520971994,3.25,3.5929665938130655,1563791.553395012,-0.1717070790327986,0.7212347468118007,0.7413925282862365,0.75,3.586942878079336,41614.97114443434,0.0640704590615758,3.6914024765253233,3.6919584596013064,1.75,1.9738448503760535,1090121.763803137,0.03747601402259902,1.1066291376224269,1.1072635187081612,1.75,2.4741193379295923,97971.42171848152,4.0,HS_13_4,HS_13,healthy,gait_full,4.0,0.5
9.096615250404696,1.7494277109206269,9.26330968550832,1.75,2.967388637225161,244840.05523603992,0.08341343651954233,0.748454136117724,0.7530879067305013,0.75,2.1467698876888908,44814.96125369922,3.837399709899241,0.8225717161201141,3.9245714112111107,1.75,2.6974206159378813,54130.14452141451,0.5350625115195384,0.7484541361177242,0.9200410235991247,0.75,2.1467698876889045,44814.961253699235,0.3723067845952606,1.74942771092062,1.788605506419071,1.75,2.9673886372252047,244840.05523603785,1.1743407948992617,0.8225717161201154,1.4337714360125262,1.75,2.6974206159378866,54130.14452141468,0.15207857166077438,0.16752840628896057,0.22626015750038786,2.5,2.3769352271427486,2245.269442267176,0.010299551528999149,0.18304368501369989,0.1833332249896158,3.25,4.23521807570046,2680.418871706171,0.07475424367158574,0.12946453172085265,0.149496695350133,2.5,3.35756488484784,1340.890738375916,9.780175141626449,2.2010119642928814,10.024783262886451,1.75,3.4763018190459674,387559.7130785864,0.7258229012022233,1.2849910506884292,1.4758119406817949,4.25,5.539833769932265,132097.22786862976,1.6548541476022052,1.765728556948571,2.4199875178727477,1.75,4.12202622559614,249425.43798860404,-0.10248365337349448,2.2010119642928707,2.203396597566843,1.75,3.4763018190459403,387559.7130785827,0.19866900620222488,1.2849910506884317,1.300258195273054,4.25,5.539833769932279,132097.22786863032,0.36334115760220803,1.7657285569485657,1.8027240869393675,1.75,4.1220262255961355,249425.4379886025,0.019214968658282837,0.25138804449496177,0.2521213278077435,0.75,2.9624993381689224,5055.695973224738,-0.022124853483898876,0.20823749505995073,0.20940955921477655,1.75,3.092133776252819,3469.0466601244057,0.001695956851663516,0.30086421113263684,0.3008689911076025,2.5,3.5513170333305566,7241.547441768167,9.267007160795451,7.169696872113351,11.716739092265652,2.5,4.100002330028882,4112388.1125750146,1.3257016767284484,3.1694475748035913,3.4355323990771773,0.75,5.922356174311337,803632.129920123,9.089311371749139,4.953161041012711,10.351298735463795,4.25,4.417494700829726,1962708.30786866,4.364971770795469,7.169696872113333,8.393898486271624,2.5,4.100002330028895,4112388.112574994,0.2642982017284444,3.1694475748035966,3.1804483125599274,0.75,5.922356174311347,803632.1299201257,0.1264908067491938,4.953161041012718,4.954775900320646,4.25,4.417494700829749,1962708.3078686655,0.2073846028160495,0.9853170976393896,1.0069052370435267,1.75,3.9412201035080754,77668.14417680378,0.2067278602262712,3.9295739571539166,3.935007991470414,1.75,2.0132400120385943,1235333.0608603084,-0.20169234296195737,1.2815531836356184,1.29732739264076,1.75,2.3410678790794432,131392.08136209825,8.450362134389502,7.514014933343541,11.307919376297024,2.5,4.2174727298495895,4516882.138862293,-1.7218732163599293,2.4571987228783856,3.000445456416906,0.75,6.59906990322733,483026.091968091,9.882371385842253,5.003478919305075,11.07682560590551,4.25,3.8498729657499458,2002784.7118645897,3.8225913593895378,7.514014933343555,8.430458179683326,2.5,4.21747272984959,4516882.138862309,-0.10909248635993656,2.457198722878379,2.459619225468717,0.75,6.599069903227306,483026.09196808847,0.8406598558423168,5.003478919305091,5.073609197519579,4.25,3.849872965749943,2002784.7118646023,-0.11738459801219474,0.7947212722603438,0.8033436652103408,1.75,3.3689248528794304,50526.625636623976,-0.2675901053981289,3.9608248861629862,3.96985368034579,1.75,2.142127915239762,1255062.3180005914,-0.011310669991820142,1.1289799693526625,1.1290366258253992,0.75,2.2620111274472245,101968.27080547348,4.0,HS_13_4,HS_13,healthy,gait_full,4.0,0.5
9.386490364315247,1.6379991108858838,9.528338913296793,1.75,3.0924246335010337,214643.31535402648,0.3005662489300386,0.8196269350747494,0.8729996464466073,0.75,1.9762299810763313,53743.13967372058,3.408325953947468,0.8417950094702829,3.5107413243246777,1.75,3.2303567046303887,56690.564251014206,0.7522153239300361,0.8196269350747513,1.112482002665751,0.75,1.9762299810763482,53743.13967372085,0.08243167068468933,1.6379991108858776,1.6400719702484994,1.75,3.0924246335010417,214643.31535402482,0.7452670389474838,0.8417950094702835,1.124296134170453,1.75,3.2303567046303527,56690.5642510143,0.09715959768986018,0.2330100556621456,0.25245529002762385,2.5,2.9998013544336266,4343.6963182146665,2.3251959225984997e-05,0.17825506577037886,0.1782550672868957,3.25,3.9054742030053253,2542.009449349567,0.058799775216997884,0.1282823501038147,0.14111617523773512,2.5,3.403551688503864,1316.5132918686966,9.942442862139474,2.102682921072644,10.16235433024645,1.75,3.5798269452455305,353702.04784167634,0.6959202011365155,1.252064654546582,1.4324701831154252,4.25,5.540857850501382,125414.43457230426,1.7617666136422725,1.7326082139116796,2.4709821577378457,1.75,3.912178510518561,240154.778870024,0.05978406713952444,2.1026829210726343,2.1035326480124548,1.75,3.5798269452455607,353702.04784167296,0.16876630613651739,1.2520646545465826,1.2633874960802083,4.25,5.540857850501391,125414.43457230442,0.4702536236422796,1.7326082139116803,1.7952909773802457,1.75,3.912178510518564,240154.77887002425,0.009948090997045902,0.2966457159488596,0.2968124749826007,1.0,3.451150886210769,7040.16874809712,-0.033421511039928076,0.20049667060400775,0.20326316027131927,1.75,3.288199433529212,3215.9134286946182,-0.0017924637090684402,0.2955550372168623,0.2955604725777945,2.5,3.5138752381618326,6988.22320085204,8.941303735520682,6.905898651288771,11.297714311873362,2.5,4.167861999780891,3815315.811520091,1.702197539482637,2.90340167242501,3.3655932218349096,0.75,6.084512265436528,674380.1766821566,9.160504180467063,4.482781287622935,10.19853739087213,3.25,4.461257742585134,1607629.4663902763,4.039268345520701,6.905898651288754,8.000445296919251,2.5,4.1678619997808966,3815315.8115200717,0.6407940644826448,2.90340167242501,2.9732740042782018,0.75,6.084512265436541,674380.1766821566,0.1976836154671179,4.482781287622945,4.487137939097324,3.25,4.461257742585154,1607629.4663902838,0.1571447166096537,0.8884419386543566,0.9022325311793185,0.75,4.058813792970557,63146.86290263986,-0.3069155213144416,3.966970269551763,3.978825235761342,1.75,1.952279433052754,1258950.9254934255,-0.05042397973435801,1.1954754706798387,1.196538415066325,0.75,2.0230664219800767,114332.92837402597,8.901483545706897,7.275368862548962,11.496408195633869,2.5,4.31470131965581,4234517.846767752,-1.310001640368855,2.6350961660182928,2.9427599463655536,7.5,6.554000618928812,555498.7585147923,9.522046423280408,4.964920578031844,10.738705901237411,3.25,3.741745468211505,1972037.0146500575,4.273712770706943,7.275368862548997,8.437749281215405,2.5,4.314701319655819,4234517.846767792,0.30277908963113764,2.635096166018283,2.652434161535799,7.5,6.55400061892881,555498.7585147881,0.4803348932804661,4.96492057803185,4.988101638486016,3.25,3.741745468211517,1972037.0146500627,-0.16606192587327243,0.9432947249947864,0.9578003452848249,0.75,3.2820206363069855,71184.69808695445,-0.07130292529221119,3.740373853700321,3.7410534175015755,1.75,1.9698746796011037,1119234.3064222944,0.051031982152090774,1.1645583433863123,1.1656759405396695,1.75,2.240311886466514,108496.07009638243,4.0,HS_13_4,HS_13,healthy,gait_full,4.0,0.5
9.354520812044607,1.3052463745190732,9.445143075738498,1.5,3.5151733644857255,136293.60376598404,0.12010229157114143,0.9798821638481244,0.987215080652804,0.25,1.53607050332319,76813.52508585669,3.218044641625644,0.9836013317524163,3.36500860256265,0.25,1.6772046071426476,77397.81476045746,0.5717513665711398,0.9798821638481264,1.1344904936594453,0.25,1.5360705033231894,76813.52508585699,0.11440122295532597,1.3052463745190717,1.3102502577785875,1.5,3.515173364485676,136293.6037659837,0.5549857266256606,0.983601331752418,1.1293718327385993,0.25,1.6772046071426272,77397.81476045775,-0.571376437592463,1.0281005270960724,1.1762064985584273,0.25,0.41396284473218575,84559.25587621794,0.06937236816173084,0.16584398228492356,0.17976860661552888,0.25,3.059677397209618,2200.358574561018,-0.12158088200068594,0.2934564986495703,0.31764544301426706,0.25,0.9737964979522608,6889.337981243283,9.921577344123564,1.667865259041155,10.060788811904482,1.5,4.147826974660556,222545.70298558593,0.4808968409013748,1.3094527194705188,1.3949653028364755,0.75,3.288393510324664,137173.89079275672,1.5296938419760862,1.3505778259890606,2.0405939611380055,1.5,3.324372978646071,145925.34536635622,0.038918549123624094,1.6678652590411545,1.668319266741922,1.5,4.14782697466057,222545.70298558578,-0.046257054098621284,1.3094527194705168,1.310269491205002,0.75,3.28839351032466,137173.89079275628,0.23818085197609443,1.3505778259890666,1.3714191854795572,1.5,3.3243729786460863,145925.34536635756,-0.734467330191466,1.0829366821866508,1.308508355626364,0.25,0.5274870165039128,93820.15001589294,-0.05498729593730609,0.19122409520996034,0.19897300646913102,1.5,3.0926189377919875,2925.332391734029,-0.12682320658442475,0.2693086192736844,0.29767643195834964,0.25,2.9635656123909784,5802.215959445518,7.58776525631449,5.351387807621303,9.285016588703073,0.75,3.8325865975470834,2291002.8713221527,2.6406912640309326,2.9407041736640953,3.9523399890362056,0.75,4.098939292869052,691819.3038026942,8.67808866417869,3.5337990104558727,9.370003111506717,1.5,3.8689078670465973,999020.9005022312,2.6857298663145146,5.351387807621294,5.98752840347097,0.75,3.8325865975470705,2291002.871322145,1.579287789030945,2.940704173664088,3.337947117254502,0.75,4.098939292869043,691819.3038026908,-0.284731900821245,3.5337990104558648,3.5452514299615094,1.5,3.8689078670465817,999020.9005022268,-0.3356362469014207,1.0879844004026122,1.1385788272023607,1.0,2.2243508386558677,94696.85520014116,-0.08837954674517612,2.877443152534193,2.878800104270666,1.5,1.8389465649839716,662375.57108077,-0.6082123870444627,1.7076518276574375,1.812731936127377,0.75,1.6151926344792151,233286.0162252066,7.078930060601651,5.50082258177169,8.964948403589341,0.75,3.1563731286214343,2420724.199220807,-1.45869046049854,2.34605104445459,2.762559205290615,4.0,5.399133980763123,440316.52534735744,9.305235862030742,3.578161691330816,9.969486222335151,3.25,3.5410909354452094,1024259.4400987797,2.451159285601689,5.500822581771709,6.022228069371082,0.75,3.1563731286214534,2420724.199220824,0.15409026950145152,2.34605104445458,2.351105976841847,4.0,5.399133980763115,440316.52534735383,0.26352433203078485,3.578161691330814,3.5878525837720345,3.25,3.5410909354452405,1024259.4400987787,-0.5631413131771419,1.3013041385479989,1.4179282773148383,0.75,1.8167854831149697,135471.53015186376,0.09502232253143829,3.0232639428187325,3.024756867870067,1.75,1.790238730631841,731211.9804370083,-0.5285665529716524,1.7045388892075686,1.784610721065327,1.0,1.2953338071334137,232436.23880982448,4.0,HS_13_4,HS_13,healthy,gait_full,4.0,0.5
9.198813721308746,1.3136825006110255,9.292143756515484,1.5,3.496353770602679,138062.0430699151,-0.2763905325505941,0.8835286853866879,0.9257508651817344,0.75,2.2162784261790662,62450.61768426373,3.517285952774219,0.9972591838490549,3.655930299301961,0.25,1.4870616440183522,79562.26241244483,0.17525854244940334,0.8835286853866888,0.9007433011699948,0.75,2.216278426179061,62450.617684263845,0.27010831369119465,1.3136825006110306,1.3411637534383156,1.5,3.4963537706026453,138062.04306991614,0.8542270377742355,0.9972591838490564,1.3130992772200551,0.25,1.4870616440183746,79562.26241244507,-0.5345782958077063,1.0376987228960874,1.1673014151661267,0.25,0.5119994311017197,86145.72438192475,0.07580134603768393,0.15973530877766423,0.17680840741158332,3.0,3.5524771168388054,2041.2319801239325,-0.11726893853637713,0.2911257462157094,0.31385698025550146,0.25,0.8853618543862923,6780.339412150449,9.838371124879782,1.5335085327706977,9.957168011585866,1.5,3.213071804591725,188132.74038471896,0.42708893676680937,1.2729521112422364,1.342688361990477,0.75,3.075101646585699,129632.65707362068,1.543699072246244,1.3786673677031498,2.069717501598575,1.5,3.4013688630998216,152057.9084384519,-0.044287670120158655,1.533508532770701,1.534147912622906,1.5,3.2130718045917157,188132.74038471983,-0.10006495823318731,1.2729521112422353,1.2768790363156073,0.75,3.0751016465857046,129632.6570736205,0.2521860822462517,1.3786673677031533,1.4015425540625783,1.5,3.401368863099831,152057.9084384527,-0.7465850206936645,1.071706444422597,1.3061178722232862,0.25,0.607069978290492,91884.5147018372,-0.06557685546987171,0.17593584949104438,0.18775981228540858,1.5,2.7019799837941476,2476.2828234108883,-0.1301469195998197,0.24409981486101234,0.2766278010188102,0.25,2.801042301849493,4766.77829528308,7.283646809941088,5.256625788773484,8.9824064445539,0.75,3.6847902201487632,2210575.126702755,2.571563397408559,3.0479741348300764,3.9878671785159296,0.75,4.425196728566209,743215.2302625423,8.859959409585251,3.666643640673271,9.588699407489422,0.75,3.815185411591521,1075543.5594277834,2.3816114199411085,5.2566257887734995,5.77097804871865,0.75,3.684790220148783,2210575.1267027673,1.5101599224085671,3.0479741348300733,3.401577474913982,0.75,4.42519672856619,743215.2302625407,-0.10286115541470231,3.6666436406732696,3.6680861501582784,0.75,3.8151854115915524,1075543.559427783,-0.3089328956905046,1.1253960584489897,1.1670286296454953,1.0,2.890636449780667,101322.44128669881,0.055095609354811365,3.00751702379565,3.008021637985808,1.5,1.8134542176803934,723612.8635436469,-0.6317938842443426,1.738802811460587,1.850026683405349,0.75,1.6608576985662342,241875.00511188773,6.939016206214732,5.872355356862626,9.090352212504412,0.75,3.4214345626125993,2758764.5994636538,-1.7453845121812583,2.3359398816040238,2.91598735008066,1.75,5.300863950814779,436529.3262231079,9.465753065533212,3.904460605269354,10.23939908958293,4.0,3.5528309263771423,1219585.0333828998,2.3112454312147643,5.872355356862646,6.310817132557759,0.75,3.421434562612622,2758764.599463672,-0.1326037821812671,2.3359398816040216,2.339700599118825,1.75,5.300863950814756,436529.3262231071,0.42404153553325985,3.9044606052693456,3.9274194889211502,4.0,3.5528309263771503,1219585.0333828945,-0.5799330888717686,1.2553056463333314,1.3827923391763108,0.75,1.9196680451411436,126063.4038464056,0.1086694976959276,3.031390297557734,3.033337468178681,1.75,1.8145921158422815,735146.176904188,-0.516904520265779,1.665921725295565,1.7442721914549193,0.25,1.2807096935075768,222023.6333822411,4.0,HS_13_4,HS_13,healthy,gait_full,4.0,0.5
9.094964525532037,1.5937681334312759,9.233551677649679,1.75,3.305375795627399,203208.6324079414,-0.25791100385825494,0.8226659524194807,0.8621469452369614,0.75,1.7287519290862714,54142.34959427104,3.663207099361971,0.7628654708145094,3.7417976935394286,1.75,2.881409648886076,46557.19650181249,0.19373807114174219,0.8226659524194827,0.8451708167465187,0.75,1.728751929086263,54142.3495942713,0.373957509467902,1.593768133431285,1.6370525593359786,1.75,3.3053757956274046,203208.63240794383,1.0001481843619868,0.7628654708145062,1.2578792140915664,1.75,2.8814096488861005,46557.196501812105,0.11473858914500117,0.15383713419357278,0.19191354224201246,2.5,2.3396551399998784,1893.2738030134649,0.0033494920225959047,0.1527287693919258,0.1527654938026958,3.25,4.29766989167002,1866.0882262668567,0.05481457925317848,0.10229121317514718,0.11605227439195834,2.5,3.136238577836902,837.0793906354388,9.73696390664833,1.961161693496157,9.932503274976002,1.75,3.4980502289659197,307694.04559021484,0.5490583251455756,1.130086835483984,1.2564080945878493,0.75,5.084261806606751,102167.81891690235,1.810417659646736,1.5998093206295452,2.41598881717899,1.75,3.899796773976842,204751.76412730993,-0.145694888351617,1.9611616934961713,1.966566090556979,1.75,3.4980502289659436,307694.04559021926,0.021904430145577112,1.1300868354839846,1.130299101916926,0.75,5.084261806606752,102167.81891690246,0.5189046696467444,1.5998093206295447,1.6818596607786165,1.75,3.8997967739768296,204751.7641273098,-0.004444904803264193,0.26035679070073825,0.2603947304434137,0.75,2.9107666234262184,5422.981418628839,-0.019195218379464637,0.18054217383043958,0.1815597227913063,1.75,2.8331445828184734,2607.638313582196,-0.015172307598278058,0.25898362368489075,0.25942767056506105,2.5,3.40724525037397,5365.81243933312,8.349356584384196,6.350813281369327,10.49021375892869,0.75,3.9530749227081583,3226626.500795809,1.5234091468005202,2.6861803903484804,3.088096584961067,0.75,5.8205122072529925,577245.2339805801,9.249188921758364,4.389080733468218,10.237750016252575,3.25,4.506563564526335,1541122.375341125,3.4473211943842097,6.350813281369316,7.226122940558613,0.75,3.953074922708163,3226626.5007957974,0.46200567180053026,2.686180390348478,2.7256218245142816,0.75,5.820512207252975,577245.2339805792,0.28636835675841416,4.389080733468229,4.398412954766131,3.25,4.506563564526369,1541122.3753411325,0.1146032870480887,0.876491660742385,0.8839522299045186,0.75,4.225253172274624,61459.05636634998,-0.05462356820283338,3.630279426083827,3.630690353865327,1.75,1.8489950490099833,1054314.4685107025,-0.05784924003740785,1.1692087063904084,1.1706389424891168,1.75,2.0680322015183874,109363.92113494588,8.676459734313012,7.236457155756392,11.29810894301577,2.5,3.7715167767126165,4189305.0601533307,-1.8181673146849433,2.5748112219578205,3.1520446083310087,1.75,5.738286836398134,530378.1272345044,10.235333408669645,4.915575847524311,11.354511697972455,4.25,3.9344625605769226,1933043.791823195,4.048688959313043,7.23645715575641,8.29205610547598,2.5,3.7715167767126334,4189305.0601533516,-0.2053865846849564,2.5748112219578174,2.5829898330981593,1.75,5.738286836398115,530378.1272345029,1.1936218786696962,4.915575847524318,5.058420613393412,4.25,3.934462560576923,1933043.7918231995,-0.25522070951797865,0.8487028951425366,0.8862472650396073,0.75,3.5137128369650266,57623.78362379177,0.3158617462455876,3.970156305902196,3.982701311426239,1.75,1.9872066979870058,1260980.083624728,0.09800946286396389,1.2881011482191518,1.2918244551232108,1.75,2.8388843495789264,132738.7388425886,4.0,HS_13_4,HS_13,healthy,gait_full,4.0,0.5
9.304010490558486,1.6826262200270625,9.45493745112811,1.75,3.566322126303406,226499.5086453432,-0.3871620597999356,0.8303349161644928,0.916160757482236,0.75,1.611112652515621,55156.51783670234,3.33395308546446,0.8086638905350669,3.4306239175889424,1.75,2.6239471534906333,52314.98903400458,0.06448701520006138,0.8303349161644948,0.8328353067271534,0.75,1.611112652515619,55156.51783670259,0.16491154444145414,1.682626220027058,1.6906882663023988,1.75,3.5663221263033944,226499.50864534196,0.6708941704644747,0.8086638905350636,1.0507313052434104,1.75,2.623947153490593,52314.989034004146,0.13059430449772902,0.1435970515138823,0.19410045226821634,2.5,2.583600486713651,1649.6204790065492,-0.0007929560457044016,0.17021063666913647,0.1702124837213863,3.25,3.4690674211613706,2317.740634715622,0.07045733347360676,0.10111551290059399,0.12324196845783182,2.5,3.0471103522216394,817.9568045208288,9.85446628571876,2.0799351312510206,10.071575642697615,1.75,4.2254401243022865,346096.7130390031,0.6836238305045259,1.0725401031491901,1.2718819970802935,4.25,5.605651618103351,92028.43311690286,1.7386663277286432,1.6140033906648605,2.3723337758955996,1.75,4.2038980596728495,208402.94302095892,-0.02819250928118752,2.0799351312510304,2.0801261903528383,1.75,4.2254401243023265,346096.7130390063,0.15646993550452792,1.0725401031491903,1.0838934973419052,4.25,5.605651618103346,92028.43311690289,0.44715333772864924,1.6140033906648577,1.6747994066512948,1.75,4.203898059672832,208402.94302095825,-0.026947192640657754,0.23924552010587946,0.24075832297543837,0.75,2.33197994776649,4579.0746258661175,-0.019970576393039962,0.20542153815363928,0.20639000038489588,1.75,2.9508388656729183,3375.8407363216634,-0.004408901994961692,0.2603117470025107,0.26034908112820426,2.5,3.2220751871655655,5421.017802654014,9.2330950542152,6.843112772488302,11.492529603928187,2.5,4.12355642622177,3746256.491360633,1.5081489697466859,2.7860608130588442,3.1680669451591608,0.75,5.685845244579256,620976.5073701418,9.083598936231065,4.935672027544186,10.337921841346079,3.25,4.563619589492746,1948873.11130475,4.331059664215222,6.843112772488285,8.098535067034309,2.5,4.123556426221776,3746256.491360613,0.44674549474669845,2.7860608130588407,2.8216513588922636,0.75,5.685845244579252,620976.5073701403,0.12077837123113251,4.935672027544191,4.9371495600639275,3.25,4.563619589492768,1948873.1113047546,0.13548539403981963,0.8813634336192779,0.89171620716419,0.75,4.1783695783927035,62144.16499738118,0.14510276799723557,3.8002686579982137,3.8030378234043383,1.75,1.999624726120542,1155370.540729919,-0.14825957112805252,1.2841590587284026,1.292689208025383,1.75,2.145201487477042,131925.45790135383,8.332474524162986,6.792136242837206,10.750034717948026,2.5,4.102532750140856,3690707.0509787076,-1.6256705950290649,2.4841125054836937,2.96877412806071,7.5,5.622394390856865,493665.78642838274,9.896108410738783,4.591197269922179,10.909264597049415,3.25,3.7510006020898468,1686327.9239180957,3.7047037491630137,6.792136242837203,7.736791622521906,2.5,4.102532750140883,3690707.0509787044,-0.012889865029080383,2.4841125054836946,2.484145947508106,7.5,5.622394390856881,493665.78642838314,0.8543968807388364,4.591197269922197,4.67001995725471,3.25,3.75100060208986,1686327.9239181094,-0.12060917112144892,0.7983711615595628,0.8074299249895116,1.75,3.5441548499182867,50991.793922546996,-0.308263782097215,3.917521673710133,3.929631359725938,1.75,2.0641595662626075,1227763.313377357,-0.01579283556926086,1.2923708494083037,1.2924673404212805,0.75,2.4285270774511956,133618.0997349539,4.0,HS_13_4,HS_13,healthy,gait_full,4.0,0.5
9.520181816005657,1.3914243963093462,9.62132650212275,1.75,3.384937701737544,154885.2544815965,-0.2936393128013294,0.8516035746263179,0.9008066908825442,0.75,1.6285852194858799,58018.57138348847,2.640001278845501,0.8963973799953414,2.788034256455324,0.25,1.7961700407208245,64282.39720492451,0.15800976219866883,0.8516035746263185,0.8661384030663942,0.75,1.6285852194858934,58018.57138348856,-0.05125978100570972,1.3914243963093398,1.3923682759218425,1.75,3.384937701737566,154885.254481595,-0.023057636154484376,0.8963973799953402,0.8966938816828979,0.25,1.7961700407208168,64282.39720492437,0.15513458723615778,0.13842564122553486,0.20791440139065293,0.75,2.239210134112932,1532.9341121364369,0.01791886597719951,0.19242813639776266,0.19326063602147436,0.5,2.504610779637204,2962.2885367977024,0.08515229098298807,0.1007053792334264,0.13188057501466885,0.75,2.789150634875887,811.3291361123038,9.885965413510252,1.7689357213320847,10.042979923475183,1.5,3.8895821234663974,250331.08033951017,0.5848053656645167,1.061370974836815,1.2118191539730918,0.75,4.357706416736211,90120.74683066788,1.8667203144184719,1.4605834776411526,2.3702212612794025,1.75,3.8712091052710074,170664.3780082159,0.0033066185103158754,1.7689357213320822,1.768938811810806,1.5,3.889582123466384,250331.08033950944,0.05765147066451782,1.0613709748368136,1.0629355757974375,0.75,4.357706416736222,90120.74683066765,0.5752073244184791,1.460583477641153,1.5697667219122051,1.75,3.8712091052710034,170664.378008216,0.034129275665293994,0.2891959591594557,0.2912028678629302,0.75,1.8139621879066068,6690.745713002042,-0.034148974150886656,0.20161286973607606,0.20448447784312115,1.5,3.056741211785107,3251.8358828576706,-0.002928673087511907,0.2494437972561376,0.2494609891658706,2.5,3.147213873948247,4977.779073617131,8.314372604034713,6.143106791263727,10.337628008764558,2.5,4.107543095480592,3019020.9982379507,1.6319084653418825,2.7544717065850626,3.201599541109432,3.25,6.0382022901882895,606969.1685306622,9.109043369388742,4.111834331023594,9.994090887679041,3.25,4.4235747841285455,1352574.5762221015,3.4123372140347423,6.14310679126373,7.0272189599554205,2.5,4.107543095480604,3019020.9982379526,0.5705049903418922,2.754471706585064,2.8129326914063615,3.25,6.038202290188282,606969.1685306627,0.14622280438878982,4.1118343310236005,4.114433457270591,3.25,4.423574784128551,1352574.5762221063,0.128466930675173,0.8330808404270976,0.8429278966577266,0.75,4.219655940710866,55521.90081217924,-0.049882930189608106,3.5898907628671144,3.5902373175102142,1.75,1.8064798881279296,1030985.256564471,-0.07066604875249918,1.2187565768633648,1.2208035403348068,0.75,2.1340297063477296,118829.40749292515,8.195772198251513,6.205155893320034,10.279817196139083,0.75,4.059358616651254,3080355.209975595,-1.2861831483357722,2.414875886291186,2.73603593493462,8.25,6.416478426969564,466532.6667016784,9.087723552935774,4.332726200859658,10.067732401399999,3.25,3.8802503137690167,1501806.8602593704,3.568001423251532,6.205155893320021,7.1578344362474,0.75,4.0593586166512585,3080355.209975581,0.326597581664216,2.4148758862911883,2.436860998608572,8.25,6.416478426969567,466532.6667016793,0.046012022935831245,4.332726200859675,4.332970509693154,3.25,3.880250313769033,1501806.8602593816,-0.11666762743729206,0.7652055790209615,0.7740483921930539,0.75,3.9807192618863905,46843.256112510375,-0.11114220620873383,3.3564654629228587,3.358305077534634,1.75,1.9032455256261005,901269.62397133,0.033826214393173785,1.0996906594130587,1.1002107794329687,0.75,2.4532735573394184,96746.29515720521,4.0,HS_13_4,HS_13,healthy,gait_full,4.0,0.5
9.18712067319515,1.5393847221536228,9.315196808798495,1.75,3.009161098145898,189577.16249163548,-0.4184920446603509,0.717299589614692,0.830454268882644,0.75,1.5151342656330073,41161.540798794784,3.5482582724466623,0.7729709086555545,3.6314763930960594,1.75,2.9165484685367633,47798.72810454765,0.7827756278396418,0.7172995896146888,1.0617233089657334,0.75,1.5151342656330087,41161.5407987944,0.2182349268048026,1.5393847221536079,1.554777092086656,1.75,3.0091610981459356,189577.16249163184,0.9068497624466761,0.7729709086555518,1.1915790016937116,1.75,2.9165484685367717,47798.728104547314,-0.031843793666320994,0.144168380173964,0.14764331694000862,0.75,1.853635174005501,1662.7622601432695,-0.020734959054573884,0.15992070659200924,0.16125932817633332,3.25,3.6312473733746575,2045.9706850796213,-0.032055006987030246,0.08613323408503153,0.09190461080318764,2.5,3.5140570093915215,593.515620866071,9.81971407796873,2.049544431155489,10.0313217946758,1.75,3.553523252414996,336050.6063067541,0.586646011904191,1.2049351950984222,1.340157590610136,0.75,4.965411191036182,116149.72292875491,1.5238070360650147,1.7295863970193506,2.305093704801526,1.75,3.712488606647071,239317.62921214098,-0.07723934703121726,2.049544431155485,2.0509993398366246,1.75,3.5535232524149967,336050.60630675283,0.025555281904192793,1.2049351950984222,1.2052061636168627,0.75,4.965411191036174,116149.72292875496,0.3472340560650209,1.729586397019349,1.7640976714586238,1.75,3.712488606647061,239317.6292121405,-0.022848145746121595,0.2452513919453427,0.24631338375160236,0.75,3.674753347551192,4812.074899169228,0.015169669732926785,0.18328985312410684,0.18391652763703084,1.75,2.8711579122358293,2687.613708725618,-0.008064123284345415,0.23738405676462776,0.2375209895785573,2.5,3.4091768215099747,4508.1008773689455,8.234298238158203,6.524384648038289,10.50577281833626,0.75,3.8225526446442544,3405407.627061167,1.4971997035458875,2.9333075802480297,3.2933114509014243,7.5,5.821524876137118,688343.5455876583,9.57605982097508,4.308336152023639,10.500603891859132,3.25,4.150947734471426,1484940.8856772254,3.3906568506582278,6.524384648038286,7.3528327136195095,0.75,3.8225526446442406,3405407.6270611635,0.40468648854588835,2.9333075802480333,2.9610917774280776,7.5,5.821524876137145,688343.5455876599,0.5904997884751418,4.308336152023656,4.3486147678339115,3.25,4.150947734471429,1484940.8856772364,0.1232159797729574,0.9862206207171796,0.9938879667242123,0.75,3.649179672228712,77810.48922723938,-0.06263227307415786,3.528568049776614,3.5291238691118183,1.75,1.7939257707262315,996063.4906285537,-0.08323220388630376,1.2804384319754603,1.2831407474800054,0.75,2.095633733036682,131161.82637368955,7.591041226540288,6.833689567939095,10.213873898477203,2.5,3.9070239641228746,3735975.419958533,-2.0413616232015626,2.277104224974628,3.058162998938647,3.25,5.730619987779031,414816.45481220825,10.37864713709922,4.414515421628624,11.278486724920802,0.75,3.5075815893922164,1559036.6602107482,3.1178995915403274,6.833689567939096,7.511365453357131,2.5,3.9070239641228746,3735975.419958535,-0.40643519820157564,2.2771042249746283,2.3130917019725907,3.25,5.73061998777905,414816.45481220837,1.282584107099277,4.414515421628616,4.597060843580442,0.75,3.507581589392232,1559036.6602107426,-0.1723851225887721,0.770690010112175,0.7897339565807274,0.75,3.6532462768729124,47517.17044080162,0.10151110954969936,3.8329864407145564,3.8343303926583663,1.75,2.003465291783893,1175349.7747167558,0.02535786754191286,1.1479057292205557,1.148185779664445,1.75,2.6271025426710524,105416.56365710788,4.0,HS_13_5,HS_13,healthy,gait_full,4.0,0.5
9.329501101315465,1.7900270143612487,9.499673021298655,1.75,3.143731558363905,256336.61569965634,-0.3280673891014243,0.7017443201738321,0.7746439844780693,0.75,2.1115914791352632,39396.22715474896,3.179241999459389,0.8614502626246011,3.2938846740744467,1.75,2.9392729275443865,59368.221805103494,0.873200283398568,0.7017443201738297,1.1202338264057063,0.75,2.1115914791352686,39396.22715474868,0.07585449868448599,1.7900270143612302,1.79163350524421,1.75,3.1437315583639056,256336.61569965104,0.5378334894594021,0.8614502626245969,1.0155596572137278,1.75,2.939272927544414,59368.22180510294,-0.06017895103879057,0.15661323567970845,0.16777726824035805,0.75,2.046321126982205,1962.2189702654398,-0.03213064923781373,0.1763173545067617,0.17922105936721416,3.5,3.633824078104948,2487.024997006861,-0.045615846081455726,0.09099613009876653,0.10178949408793966,4.25,4.7089751563860744,662.4509155562641,9.805956323282912,2.40802355586795,10.097294531692489,1.75,3.6704265963900755,463886.9701655615,0.7323872700125444,1.1098757389724825,1.3297425575035724,6.0,5.459086972730309,98546.0446162338,1.6819282892069218,1.8242946372792217,2.481316927286849,1.75,3.9568017239495075,266244.07669665286,-0.09099710171703251,2.408023555867945,2.4097422928885575,1.75,3.670426596390105,463886.97016555944,0.17129654001254682,1.1098757389724836,1.123016767719871,6.0,5.459086972730319,98546.04461623402,0.5053553092069305,1.8242946372792157,1.892996278958133,1.75,3.956801723949486,266244.0766966511,-0.03247407199763675,0.21647399081690646,0.21889621753768565,0.75,2.97305695592302,3748.8811049671713,0.003543289327520742,0.2187686911002666,0.21879738367947266,1.75,3.2702310000254413,3828.788343875077,-0.005024842252676917,0.2826590185294291,0.28270367842616484,2.5,3.3087689001568106,6391.690698058479,9.41247910994879,7.314359978268173,11.920344998653084,2.5,4.144519840269553,4279998.167285572,1.5070265571885886,3.2369007893255732,3.5705259786211063,1.75,5.779088022121357,838204.1612545389,9.460597729392257,5.079059518521614,10.73777234765512,3.5,4.293776084625412,2063748.3743168213,4.56883772244882,7.314359978268181,8.62404429637062,2.5,4.144519840269559,4279998.16728558,0.41451334218859004,3.236900789325579,3.2633338828242677,1.75,5.779088022121346,838204.1612545422,0.47503769689231207,5.079059518521615,5.101225970896975,3.5,4.293776084625418,2063748.3743168223,0.2132140395798762,1.0077409048955883,1.030049493021451,1.75,4.209751753948496,81243.54991792016,0.21016451439316794,4.085182409658441,4.0905848534522375,1.75,1.92692189752689,1335101.9904685977,-0.19245179872954543,1.3660713651090601,1.3795610422903253,1.75,2.423921294229895,149293.31106866515,8.668546972188901,7.401706080579719,11.398638493799869,2.5,3.9543561085028607,4382825.087617389,-1.599227617309814,2.7579136084260845,3.188042729247557,7.75,6.449682881833786,608487.0702054753,10.265395817530825,4.95874913848338,11.400330885943136,3.5,3.8962140723979397,1967172.7577926666,4.195405337188943,7.4017060805797295,8.508036133362648,2.5,3.9543561085028576,4382825.087617402,0.035698807690176367,2.7579136084260787,2.7581446438525035,7.75,6.4496828818337875,608487.0702054729,1.1693327875308799,4.95874913848336,5.094755360800379,3.5,3.896214072397946,1967172.7577926505,-0.08136389597473624,0.8688317649970081,0.872633210138145,1.75,3.6952907851464003,60389.69486414771,-0.3836972438657574,4.088173910298817,4.106140462258701,1.75,1.9432651560633407,1337053.289771969,-0.04819691588134623,1.2889207291540505,1.2898215336795562,1.75,2.4079832475917144,132905.52391662856,4.0,HS_13_5,HS_13,healthy,gait_full,4.0,0.5
9.597289367791994,1.7463182682867344,9.754875227458587,1.75,3.214104444309012,243971.0104568494,0.013191925917710883,0.8255508206289159,0.825656214383744,0.75,1.6925549723154945,54522.733608274306,2.4326550038481054,1.0092096179665977,2.6336883681907985,1.75,2.5657543118534796,81481.54025948903,1.2144595984177047,0.8255508206289165,1.4684843457217955,0.75,1.6925549723154822,54522.73360827435,-0.19193376779203924,1.7463182682867362,1.7568341029735375,1.75,3.2141044443090214,243971.01045684994,-0.2087535061518816,1.0092096179665986,1.0305736651627535,1.75,2.565754311853514,81481.54025948916,-0.24521011507582677,0.5639646662156401,0.6149667838795998,0.25,1.751149230527832,25445.283156908852,-0.036629318160166034,0.2070306279352148,0.21024601744653332,3.5,2.9695633419975627,3428.9414727630265,-0.05091571003916653,0.13413173551184449,0.14347031748836372,2.75,3.5252226299273923,1439.3506849178616,9.885251152839668,2.3718893314831564,10.165827529302355,1.75,3.739939278499902,450068.72208133445,0.8027634540747541,1.1648567385932476,1.4146803118175242,0.75,4.86156873331018,108551.99896071717,1.8776077135595353,1.6918838271689138,2.5274258862831163,1.75,3.81567204702616,228997.7302099872,-0.011702272160269365,2.371889331483158,2.37191819925927,1.75,3.7399392784999357,450068.7220813352,0.24167272407475862,1.1648567385932487,1.1896625265207839,0.75,4.861568733310183,108551.99896071742,0.7010347335595428,1.691883827168911,1.8313712300603124,1.75,3.815672047026155,228997.73020998645,-0.19257574771382704,0.644588657941472,0.6727406309673347,1.0,2.8461273506519023,33241.506661146,-0.01574476576823912,0.21444921699696104,0.2150264270263225,1.75,3.617297537538427,3679.0841203291793,-0.031123823563861737,0.3263174519651358,0.32779837072544016,2.5,3.239642172607536,8518.651595343052,8.892963013624328,6.870001345887519,11.237513499621997,0.75,4.246753441171918,3775767.0245364835,2.1229923035701166,3.3419314614593167,3.9592426313765565,0.75,5.864418405524649,893492.7120017947,9.311841575327445,4.600705673018925,10.386379841587985,3.5,4.25471117145417,1693320.5667756223,4.049321626124359,6.8700013458875375,7.974579871334602,0.75,4.24675344117193,3775767.024536504,1.030479088570121,3.3419314614593176,3.497197884746003,0.75,5.8644184055246384,893492.7120017946,0.32628154282750266,4.600705673018919,4.612261087030781,3.5,4.254711171454177,1693320.5667756177,-0.013124455882799282,1.1763339020468475,1.1764071150953574,1.0,4.006148677586393,110703.06993109226,-0.11549833477125454,4.095986080617575,4.097614164114022,1.75,1.960449836369732,1342170.2611075123,-0.11949782813531087,1.358898115287188,1.364142154857817,1.75,2.5728917716901947,147730.95003914737,8.859004377911772,7.460778857602398,11.582106014447756,1.75,4.358944440277624,4453105.564375954,-1.0835394367886084,3.390260937628133,3.5592031322029607,7.75,6.071918253193572,919509.7338654157,9.747111191415936,4.920434555059219,10.918647021881721,1.75,3.552192920436797,1936854.2302686456,4.38586274291182,7.460778857602426,8.654421596023003,1.75,4.358944440277618,4453105.564375985,0.5513869882113827,3.390260937628126,3.434806666462606,7.75,6.0719182531935765,919509.7338654117,0.6510481614159872,4.920434555059192,4.963319445603283,1.75,3.5521929204367955,1936854.2302686237,-0.17860224555417836,1.074664891048559,1.08940506248567,1.75,3.4240868103012216,92392.45856419519,-0.08741762415604469,3.792043010315946,3.7930504917676893,1.75,2.0036529366236673,1150369.3960134939,-0.025178044657487842,1.2559398732115514,1.2561922221759783,1.75,2.602546715138351,126191.4390875177,4.0,HS_13_5,HS_13,healthy,gait_full,4.0,0.5
9.501025456521337,1.5814638167453794,9.63174504070479,1.5,2.889794728800576,200082.85747998537,-0.09729106759750997,0.9648207828368642,0.9697137179746416,0.75,1.5310555599855904,74470.36545222146,2.053847634687163,1.145325784999056,2.3516082284882738,0.25,1.2358829966268492,104941.91306266264,1.1039766049024835,0.9648207828368655,1.4661662549540404,0.75,1.5310555599855784,74470.36545222165,-0.09566985652138048,1.5814638167453883,1.5843549239743324,1.5,2.8897947288005716,200082.85747998758,-0.5875608753128244,1.145325784999056,1.287244707109754,0.25,1.2358829966268552,104941.91306266263,-0.7399479231246818,1.0323672120389373,1.2701594346496736,0.25,0.3971300812033366,85262.57307722505,0.019396871390533227,0.20738222040787635,0.208287359100455,0.25,2.566794474334709,3440.595636524517,-0.11586328751052587,0.20005068663317008,0.2311808353111252,0.25,1.4592899297242277,3201.6305617229777,9.76642228634874,1.9557292561875126,9.960315316233574,1.5,3.528626453420764,305990.3786194949,0.4423188367075577,1.362161030086479,1.4321761851087262,0.75,3.131758244126878,148439.75615500886,1.8213364633805973,1.3292977009779725,2.2548389943996145,1.5,3.474697628487598,141362.85755653685,-0.13053113865118968,1.9557292561875135,1.9600804324479495,1.5,3.5286264534207743,305990.37861949514,-0.11877189329243945,1.3621610300864786,1.3673293072711223,0.75,3.1317582441268716,148439.75615500877,0.6447634833806041,1.329297700977974,1.4774140676622847,1.5,3.4746976284876103,141362.8575565372,-0.780291735870181,1.1888603777958557,1.4220563248198732,0.25,0.5015498870643044,113071.13137058764,-0.04014959635532465,0.19031835546491735,0.19450724026206875,2.0,3.1723085845408674,2897.686538438687,-0.15295715919062952,0.32534189803338837,0.3595041629294927,0.25,2.2142066097579254,8467.796966419146,7.586777674105369,5.617864885458969,9.440317862634531,0.75,3.541140179443428,2524834.532485443,2.774750746525707,3.595716700748938,4.541852077885165,0.75,3.7588290379714158,1034334.5028778914,8.847310059191555,3.921960372889548,9.677637544875711,0.75,3.598163119500632,1230541.8611972632,2.7431362866054085,5.617864885458992,6.251815940841867,0.75,3.5411401794434325,2524834.532485463,1.6822375315257154,3.5957167007489335,3.9697735079622016,0.75,3.75882903797141,1034334.5028778884,-0.13824997330839248,3.9219603728895414,3.924396287537185,0.75,3.5981631195006294,1230541.8611972588,-0.5048727168882154,1.420482921032029,1.5075371269729225,1.0,2.219106622237827,161421.7807965791,-0.05510759579413429,2.898784430079619,2.899308196654201,1.5,1.945223838349161,672236.2593371633,-0.5048072381575001,1.8590359122830087,1.9263553334870804,0.75,1.8312741147392746,276481.24180350883,7.203413653271099,6.429257253086596,9.655284412512097,2.75,3.743118448984091,3306833.1208947157,-1.4505984491083026,2.9065846719327832,3.248456605169603,0.75,5.060536925360674,675858.7996222287,9.855770479514483,4.0351526271316756,10.649820114401782,3.5,4.142442106504803,1302627.7745230761,2.7302720182711386,6.4292572530866074,6.984964861767102,2.75,3.743118448984094,3306833.1208947273,0.18432797589168612,2.9065846719327757,2.9124236054892303,0.75,5.060536925360668,675858.7996222252,0.7597074495145375,4.035152627131661,4.106045802605645,3.5,4.142442106504792,1302627.7745230668,-0.5654494431343003,1.2113334638878397,1.3368103206795654,0.75,2.3629555428825477,117386.304370635,0.46847860927093465,3.2564259481801385,3.289951696199405,0.75,1.7319026809883435,848347.5266439604,-0.5386526026129881,1.930185175329079,2.0039364853612236,0.25,1.7143126243075273,298051.20953863225,4.0,HS_13_5,HS_13,healthy,gait_full,4.0,0.5
9.49197472377426,1.622016234599456,9.629564934205161,1.75,3.1276956725860727,210474.93461246148,-0.4976560999036424,0.8086220959677357,0.9494900146176147,0.75,1.95635434670365,52309.57574397204,2.6505563100203955,1.1918471003626778,2.9061913672763975,0.25,1.7504597317259931,113641.29068127275,0.7036115725963503,0.8086220959677373,1.0718856931495848,0.75,1.9563543467036426,52309.57574397224,-0.08661912377431141,1.622016234599447,1.6243274109327832,1.75,3.127695672586028,210474.93461245918,0.009147800020410912,1.1918471003626807,1.1918822059617062,0.25,1.7504597317259822,113641.2906812733,-0.5661042396900552,0.9715542031148352,1.124451679613294,0.25,0.8061790965714556,75514.23278227563,0.05706543876787365,0.17253039857163927,0.18172287344486562,3.5,3.795482150573134,2381.3414086549424,-0.11195724930456706,0.18085699263706942,0.2127056121910514,0.5,1.8972925097802356,2616.7607963324185,9.900688406409667,2.0126898240613618,10.103195100991316,1.75,3.362418881833708,324073.98960836284,0.3355820129079062,1.281570021390842,1.3247780973110348,0.75,3.5911233635100377,131393.74682202056,1.7169819563849733,1.4873536493054293,2.2716179072752856,1.75,4.012771135558981,176979.55079205515,0.0037349814097326207,2.012689824061364,2.012693289591411,1.75,3.3624188818336953,324073.98960836354,-0.2255087170920924,1.2815700213908405,1.3012593520172069,0.75,3.5911233635100386,131393.74682202024,0.5404089763849773,1.487353649305428,1.582486252660551,1.75,4.012771135558999,176979.55079205488,-0.6340680226792113,1.108042430617874,1.2766363168239774,0.25,1.0351619990197787,98222.12030532867,-0.06693816230314596,0.2037875575721231,0.2144996181668716,1.75,2.5278080246467938,3322.352279088144,-0.125755944326358,0.3017782791994299,0.3269322366026072,0.25,2.2268815131924264,7285.611373554749,8.551094582267305,6.510837707283257,10.747661429607037,0.75,3.4576523008633293,3391285.8992372826,2.5166674864796135,3.764033411878489,4.527865144109444,1.0,4.493088716156847,1133438.7981002277,9.059982886074685,4.713082596287791,10.212562727121782,3.5,3.700205895185852,1777053.2712558245,3.7074531947673437,6.510837707283262,7.492410616215061,0.75,3.457652300863322,3391285.8992372863,1.4241542714796207,3.764033411878494,4.0244456655185825,1.0,4.4930887161568505,1133438.7981002307,0.0744228535747374,4.713082596287784,4.713670153984578,3.5,3.7002058951858756,1777053.271255819,-0.23530822574286603,1.365375416880974,1.3855035150172479,1.0,3.034926473053828,149141.6594991328,0.03276166992605428,3.3856504581806854,3.3858089656676476,1.75,2.013174475055792,917014.225636318,-0.5643982641949818,1.932169681611823,2.0129145732410607,0.75,2.353032027226557,298666.14146155334,7.290905704663851,6.394852342940658,9.698012295430106,2.5,3.851988021863246,3271559.950464926,-1.709704269464581,2.4190378737594935,2.9622344477958302,7.75,6.1807856048443695,468140.31848781195,9.823571082908567,4.078571560865845,10.63660165645311,1.75,3.519196062995684,1330782.3190387988,2.817764069663873,6.394852342940626,6.988127849453095,2.5,3.8519880218632387,3271559.950464894,-0.07477784446459218,2.419037873759493,2.420193372585261,7.75,6.180785604844365,468140.3184878119,0.7275080529086163,4.078571560865848,4.14294749473736,1.75,3.519196062995661,1330782.3190388011,-0.41371765604755845,1.1273503009478685,1.2008667702841709,0.75,2.2757016542039934,101673.51046364529,-0.24521667154676485,3.362856199686623,3.3717848442294223,1.75,2.0305873422493574,904707.4229920987,-0.5676499741449309,1.9462729415253974,2.02736401666318,0.25,1.6463188333910608,303038.83286304283,4.0,HS_13_5,HS_13,healthy,gait_full,4.0,0.5
9.345944647745066,1.8576714747863292,9.528778760520652,1.75,3.143517498800618,276076.0834239841,-0.32327624820883266,0.7917322092075201,0.8551885311161506,0.75,1.91544153993474,50147.31095058522,3.2513109731343697,0.7986695540608895,3.3479689515597033,1.75,3.053577316744132,51029.84521354485,0.8779914242911606,0.7917322092075217,1.182247365074435,0.75,1.9154415399347406,50147.3109505854,0.05941095225488443,1.8576714747863279,1.8586212549851684,1.75,3.143517498800633,276076.0834239837,0.6099024631343855,0.7986695540608951,1.0049149571586742,1.75,3.053577316744119,51029.84521354559,-0.07028655737446451,0.15494830558976308,0.17014457838171773,2.5,2.6346089452542363,1920.7300393223957,-0.009623220905531896,0.195845387797646,0.19608167253011438,3.5,3.9212101472021583,3068.435473462403,-0.04721736964466601,0.10957599898218534,0.11931630043336455,2.5,3.4903714609286625,960.553442418586,9.869785360771516,2.479435337678124,10.17645629192337,1.75,3.3819611800016087,491808.8035576679,0.6390028333090185,1.2039496553469715,1.3630184861501493,4.25,5.4891119534728645,115959.90271622683,1.7501205584061443,1.7930361345571109,2.5055738960931366,1.75,3.9782083533449693,257198.37046441218,-0.027168064228419126,2.4794353376781393,2.479584178333341,1.75,3.3819611800015896,491808.8035576738,0.07791210330902087,1.2039496553469728,1.2064680138537158,4.25,5.489111953472866,115959.90271622708,0.5735475784061483,1.7930361345571098,1.8825343036776405,1.75,3.9782083533449897,257198.37046441183,-0.03499510933970091,0.25242236681398833,0.2548366318755475,0.75,3.1830809454814495,5097.43413283237,-0.019952505971281623,0.22992872009826779,0.23079280495839033,1.75,2.8129791413234746,4229.383264663079,-0.004717620068205588,0.29639605770165117,0.29643359958039245,2.5,3.605726149071452,7028.04984273547,9.161357803745824,7.130793375845989,11.609422508344831,2.5,4.044345567011483,4067867.5291569307,2.0013910188459496,3.456107517567273,3.993775805337882,7.75,6.228830740267738,955574.9054445071,9.570761603119688,4.910598962724213,10.757019096220768,4.25,4.124353070473703,1929118.5763330988,4.3177164162458554,7.130793375845995,8.336119554092784,2.5,4.044345567011499,4067867.529156938,0.9088778038459615,3.4561075175672773,3.573616940203427,7.75,6.228830740267776,955574.9054445093,0.5852015706197325,4.910598962724204,4.9453455946944525,4.25,4.124353070473729,1929118.5763330923,0.232917426597685,0.9520974678074907,0.9801735131181232,0.75,5.513183128313968,72519.31297357536,-0.14744533201002533,4.338992850580917,4.3414973319494115,1.75,2.017617411154656,1506153.3333988443,-0.1026094126778332,1.3865529264312852,1.3903444570915695,1.75,2.2540259849014976,153802.4016535783,8.930553053988708,7.472353360824087,11.644348096786102,2.5,4.120237185781263,4466902.8125128765,-1.380014722171637,3.128241138970207,3.4191129342208155,7.75,6.482233196745445,782871.4965234501,9.862046980596139,5.107890239093958,11.106327626273085,1.75,3.611598314225367,2087243.8863194573,4.4574114189887375,7.472353360824097,8.70083796580251,2.5,4.120237185781263,4466902.812512888,0.25491170282835557,3.128241138970209,3.1386099789213193,7.75,6.482233196745463,782871.4965234512,0.7659839505961691,5.10789023909395,5.165004753841197,1.75,3.611598314225379,2087243.8863194513,-0.16887425439032452,0.9957150183518813,1.0099341124882235,1.75,3.433777903500974,79316.04682678546,-0.11789774217482311,3.8424421879949104,3.8442504920586322,1.75,1.9812257079495126,1181150.9792535082,0.12186106982404947,1.3393144976484213,1.3448469964832077,1.75,2.4410962929963325,143502.1108004072,4.0,HS_13_5,HS_13,healthy,gait_full,4.0,0.5
9.272980861877416,1.8501075406165612,9.455742804063098,1.75,2.8577938182468916,273832.1587368088,-0.16801275684155237,0.8920755877148805,0.9077594068134728,0.75,1.5735356184252578,63663.97675995769,3.2005332328162446,0.7418672971210468,3.2853888751407934,1.75,2.9571798725068676,44029.40319807803,1.0332549156584405,0.8920755877148804,1.3650694395997518,0.75,1.5735356184252598,63663.976759957666,0.13237473812253747,1.8501075406165701,1.8548371850756344,1.75,2.857793818246934,273832.15873681137,0.5591247228162587,0.74186729712105,0.9289712278655623,1.75,2.957179872506868,44029.40319807839,-0.054071798561713943,0.14955741515997534,0.15903200881907953,2.5,2.386580227456176,1789.3937628828417,-0.043292307371062544,0.20976044604894217,0.21418139182515766,3.5,3.248048916219183,3519.96866159548,-0.03843714468846426,0.12621936243897566,0.13194219016790434,2.5,3.1109853924645683,1274.5102239753799,9.803827316548634,2.3797533460333726,10.088521003628935,1.75,3.3230770517966532,453058.88005751173,0.5823129465201203,1.2708341526301614,1.3978940629304373,6.0,5.272000320104271,129201.57038198519,1.703757887668521,1.739348188039814,2.434773718239559,1.75,4.153228590700702,242029.59304053828,-0.09312610845130767,2.379753346033386,2.381574785731572,1.75,3.32307705179663,453058.8800575169,0.021222216520123873,1.270834152630163,1.2710113398255938,6.0,5.272000320104269,129201.57038198545,0.5271849076685287,1.739348188039814,1.8174861886987916,1.75,4.153228590700709,242029.59304053834,-0.014737306251799788,0.2645308784264026,0.2649410761595935,0.75,2.972856117518549,5598.127064957762,0.014149520157914682,0.21409560066266958,0.21456266018067663,1.75,3.280126476137826,3666.959753587179,-0.0007009855647697527,0.33504086947516454,0.33504160278902123,2.5,3.745682250513606,8980.269514163172,8.859415298244823,6.960828259526872,11.266870438830932,2.5,4.00988259193047,3876251.646163468,1.909496299240744,3.1282484318955084,3.6649849069908598,4.25,6.119476052679062,782878.2826818015,9.170732353519707,4.7603765791835855,10.332643276312828,4.25,4.403066125614238,1812894.9137898812,4.015773910744852,6.9608282595268705,8.0361414970648,2.5,4.009882591930474,3876251.6461634655,0.8169830842407549,3.128248431895509,3.233171757205646,4.25,6.119476052679121,782878.2826818017,0.18517232101975267,4.760376579183575,4.763976696428243,4.25,4.403066125614272,1812894.9137898728,0.13836554471454438,0.8733044452327019,0.8841977595692887,0.75,5.126876503599128,61012.92014905017,-0.11637490453944356,3.8688026508945974,3.8705525535736665,1.75,1.8696681369541055,1197410.7183332285,-0.08600101288807523,1.3198363303105165,1.3226352910100752,1.75,2.2872751383038064,139357.60200553728,9.163796433309546,7.596806562241429,11.903219523105973,2.5,3.8868284883234057,4616918.123285816,-1.464163985648148,3.101786433075557,3.429993477148412,4.25,6.02604787787445,769690.2031349499,9.952279428718679,5.341358250182431,11.295042000102919,4.25,4.33327982570897,2282434.5257831393,4.690654798309591,7.596806562241469,8.928253601966054,2.5,3.886828488323408,4616918.123285864,0.17076243935184585,3.1017864330755573,3.1064833634038638,4.25,6.026047877874458,769690.2031349501,0.8562163987187151,5.341358250182417,5.40954845418974,4.25,4.333279825708984,2282434.5257831267,-0.35001416403927843,0.9615503227331129,1.0232736379758196,0.75,2.9978406096903973,73966.37304339344,0.32791701767251497,4.065696309590551,4.078898877429725,1.75,1.8901093683332209,1322393.1953544838,0.20000688017994023,1.3657213266896584,1.3802889169642252,1.75,2.307446390711257,149216.0774972359,4.0,HS_13_5,HS_13,healthy,gait_full,4.0,0.5
8.420915626585474,2.0345865574361888,8.663218942735515,2.0,2.9488541145790563,331163.4685710384,-2.64291329951773,1.960422869888288,3.290630416432195,0.25,1.697466270556005,307462.1562086491,4.310772780342345,1.3952241375070158,4.530939456406658,2.0,2.153476396412486,155732.3025880502,0.08216647048225735,1.9604228698882897,1.9621440206194218,0.25,1.6974662705560142,307462.15620864957,-0.062199941585526004,2.0345865574361723,2.0355371017088384,2.0,2.948854114579041,331163.46857103315,-0.08633954465763159,1.3952241375070165,1.3978930255401825,2.0,2.153476396412494,155732.3025880503,0.0305718764937499,0.40956084034208207,0.4107002819259582,3.0,2.0233585838003623,13419.209577644997,0.039821342439245094,0.41437481658818937,0.41628383098092964,2.0,2.687882683406056,13736.525872175494,0.0054942849384077164,0.31066678155584515,0.31071536223568286,1.0,2.3165989402017613,7721.111690547694,9.605628559908011,2.5870620577126875,9.94791385775817,2.0,3.8427987354928086,535431.5730610662,0.09277654838642463,1.8778781920747367,1.8801686073861514,3.0,4.051424559391548,282114.35150247684,2.9615079570690988,2.1067963531343454,3.63443534175032,2.0,4.030997558378656,355089.48410894163,-0.015772865091927768,2.5870620577126906,2.587110139466395,2.0,3.8427987354927704,535431.5730610677,0.0848187133864242,1.8778781920747338,1.8797927328326383,3.0,4.0514245593915446,282114.35150247597,0.26585025706911325,2.1067963531343388,2.123503527843517,2.0,4.03099755837864,355089.4841089392,0.0025232481552939457,0.469157678974589,0.4691644642575529,3.0,3.092771644326121,17608.78922459867,-0.02417130550912933,0.2742822565984803,0.2753452529003728,2.0,3.4286966905506504,6018.4998319434435,0.020107538628969333,0.39688323981292406,0.3973922736467312,1.0,2.21126995734888,12601.332094580957,10.189872369726583,8.086234376079693,13.008485126878155,1.0,3.8302152167125674,5230982.257292889,3.7682304703104683,5.437055279108381,6.615219647559449,1.0,4.404680559730791,2364931.243215659,7.167771301129725,5.823670813434274,9.23537152303821,1.0,5.359917120142609,2713216.881604088,4.004913439726619,8.086234376079698,9.023664335767146,1.0,3.830215216712559,5230982.257292894,0.09735243031046938,5.437055279108376,5.437926774402871,1.0,4.404680559730782,2364931.2432156554,0.10172237612976978,5.823670813434279,5.824559140832186,1.0,5.359917120142617,2713216.8816040936,0.09138883144903133,0.7441679141565705,0.7497584964331917,2.0,3.4901336806251226,44302.9200280943,-0.13652521829049444,3.0416226977575285,3.0446851677543036,2.0,2.335599113386977,740120.2002825722,0.01660890325150502,2.8031906951682046,2.80323989860747,2.0,2.21998654529914,628630.9737784856,10.468215868401234,9.112005064448425,13.878479014718476,1.0,3.8305050506775977,6642316.431992781,-1.5948489619865456,4.175371785831592,4.469594250205276,1.0,6.758015319835855,1394698.3640715017,8.978370774877042,7.50848621123515,11.704208941892425,1.0,5.028113950147188,4510189.449731393,4.953577813401265,9.112005064448436,10.371430443673388,1.0,3.830505050677603,6642316.431992796,0.26579974301343867,4.175371785831584,4.183823496910982,1.0,6.758015319835852,1394698.3640714956,0.6265952348770938,7.50848621123516,7.5345860385743295,1.0,5.028113950147191,4510189.449731405,0.03621353500395687,0.8598654415860664,0.8606276766125313,2.0,4.497785372998764,59149.49020827944,-0.003283055312849692,4.274890418254353,4.274891678924165,2.0,2.0801208321765183,1461976.0607280596,0.054376513042714035,1.6048572581037062,1.6057781988988487,2.0,2.6233187809222493,206045.43378579564,4.0,HS_14_1,HS_14,healthy,gait_full,4.0,0.5
8.406017224929967,1.990324621106976,8.638432594122845,2.0,3.0775666333931295,316911.55313423695,-3.2456573658964083,1.4926509562002466,3.5724359495788196,2.0,2.042594401197748,178240.6313046885,3.7531620081774957,1.3190656466680968,3.9782105575053284,2.0,2.1290734795934556,139195.23480090787,-0.5205775958964238,1.492650956200247,1.5808250726740172,2.0,2.0425944011977615,178240.6313046886,-0.04730153993001554,1.99032462110697,1.9908866198416109,2.0,3.0775666333931384,316911.553134235,-0.6439503168224749,1.3190656466681032,1.4678576875009741,2.0,2.12907347959346,139195.23480090924,0.12001012961834019,0.36278406025419074,0.3821187061444743,3.0,2.325565308641509,10528.986420612362,-0.016830858543540213,0.4390907526000171,0.4394132073779327,2.0,2.7772920603707716,15424.057263463803,-0.07057850879654991,0.3389380663196423,0.3462085191101497,2.0,2.549077795937313,9190.33643799209,9.567004894025656,2.603063749356753,9.914813337906372,2.0,4.096501111224822,542075.302529817,-0.17405261732712343,1.8094691854964484,1.8178209611674092,3.0,4.187002645351371,261934.2986635293,2.8010513134287134,2.05068186202127,3.471481608720367,2.0,4.085651190404898,336423.7853910853,-0.05439653097428883,2.6030637493567492,2.603632052690482,2.0,4.096501111224824,542075.3025298151,-0.1820104523271236,1.809469185496448,1.8186001589182552,3.0,4.187002645351372,261934.29866352907,0.10539361342873096,2.0506818620212695,2.0533883979838268,2.0,4.085651190404882,336423.7853910853,-0.006031361967459066,0.47259556622125004,0.4726340513961795,3.0,3.0062899026389136,17867.755632736338,-8.754387841482414e-05,0.2549219237197041,0.2549219387516212,2.0,3.8766039137965747,5198.8151770348695,-0.008240796868622068,0.4231432025741005,0.42322344053430705,1.0,2.1676336106650695,14324.01359259317,10.991569786818925,8.643605954142366,13.98308014240768,1.0,3.83823105519373,5976954.133033135,3.5942793382392915,5.922417516105309,6.927761052198961,1.0,4.8827861185699035,2806003.787536741,6.9716747227264815,6.302951477610841,9.398481035179039,1.0,5.336822762192955,3178176.83700072,4.806610856818958,8.643605954142402,9.890168442416735,1.0,3.8382310551937318,5976954.133033187,-0.07659870176069473,5.922417516105301,5.922912847255336,1.0,4.8827861185698795,2806003.7875367342,-0.09437420227347953,6.302951477610844,6.303657971302971,1.0,5.3368227621929725,3178176.8370007235,0.11699671479854348,0.7691130327255715,0.7779608527310213,2.0,3.7099702491524535,47322.90777297034,-0.05150773892740463,3.3416995485591734,3.342096485742145,2.0,2.24261416279803,893356.4704966494,-0.054542755536309946,2.960172367272152,2.9606748143190442,2.0,2.204457500754872,701009.8569862331,10.376292448533416,9.136068774838884,13.825165374637574,1.0,3.877134832132977,6677426.025480823,-1.637182003952135,4.083191177727853,4.399183459227325,1.0,7.0121116106793195,1333796.0453012795,8.910286914436746,7.556515471118158,11.683070613619982,1.0,5.035291724266562,4568074.14595573,4.861654393533451,9.13606877483889,10.34907899770551,1.0,3.8771348321329855,6677426.025480831,0.22346670104785937,4.083191177727847,4.089301598115714,1.0,7.012111610679311,1333796.0453012763,0.5585113744367942,7.556515471118158,7.577127491379788,1.0,5.0352917242665685,4568074.145955731,-0.021466586309372968,0.7916132419255626,0.791904248706671,2.0,5.057951697614621,50132.12230620538,0.0011536806374455378,4.342526868321845,4.342527021571213,2.0,2.051926123204035,1508603.3792148985,0.025760172569520724,1.5194803588696164,1.5196987028622975,2.0,2.4961768288200923,184705.69792496954,4.0,HS_14_1,HS_14,healthy,gait_full,4.0,0.5
8.89301663024909,1.7243962905132073,9.058658143048703,2.0,2.789254242218001,237883.69858474043,-2.5797516784039876,1.7641475833540035,3.125273654911192,0.25,1.4302882708689175,248978.20284736052,3.0903213286791438,1.3681887603912846,3.3796488572853645,0.25,1.4649891976686564,149755.43748136255,0.14532809159599896,1.7641475833540043,1.770123427917022,0.25,1.4302882708689135,248978.20284736087,-0.5343009452491391,1.7243962905132117,1.8052756207376892,2.0,2.7892542422179973,237883.6985847418,-1.30679099632083,1.3681887603912875,1.8919945010824517,0.25,1.4649891976686662,149755.4374813632,0.9069526523046417,1.7915338431524512,2.008023063782639,0.25,0.6362078555642763,256767.5913414139,-0.03838022726686659,0.41071723368854846,0.41250659133379924,2.0,2.2416473522557134,13495.102636466321,0.22391557943106988,0.7000380425911585,0.7349771750107702,0.25,0.9322660450194876,39204.26989005741,9.559652120891506,2.016065671666613,9.769926789128872,2.0,4.078858397310657,325161.8232693155,0.18527596067611143,1.8856043299962193,1.8946849001628072,0.5,2.930077751803427,284440.47385325417,2.8853025352903217,1.8053192797491364,3.403549385859811,2.0,3.515576390487225,260734.83234468955,-0.061749304108449685,2.016065671666615,2.017011097894714,2.0,4.078858397310683,325161.8232693161,0.1773181256761086,1.8856043299962186,1.893923284347541,0.5,2.9300777518034393,284440.47385325393,0.18964483529033893,1.8053192797491362,1.8152528378675625,2.0,3.515576390487242,260734.8323446895,0.659934915338945,1.2110892852807482,1.3792212836978892,0.25,0.7445927198309885,117339.21794846037,0.09041546022520519,0.2728413959622867,0.2874323969186232,0.25,2.2614072824596305,5955.413083866469,0.21653666834468216,0.5243178891354281,0.5672718727429078,0.25,1.3665584974176785,21992.76788079,9.933236035182755,7.362163138007881,12.364086064133302,1.0,3.905338746457297,4336130.924798297,3.1074495395886435,5.310595664786759,6.152939862857559,1.0,5.0782743404287105,2256201.4258268164,6.665771614786596,5.239816971391512,8.478690530628961,4.0,5.287508478217045,2196460.601281804,3.7482771051827966,7.3621631380079045,8.261417997406978,1.0,3.9053387464573057,4336130.924798324,-0.5634285004113309,5.310595664786748,5.340400545832452,1.0,5.078274340428688,2256201.425826806,-0.4002773102133636,5.239816971391499,5.255083616723337,4.0,5.287508478217037,2196460.6012817924,0.6568208806029021,1.4403356284419118,1.5830288663682444,0.25,1.6729212448993565,165965.44658929182,0.32497758764822815,2.8125498832312004,2.8312624883852613,2.0,2.4945918342497344,632841.505214143,0.2938855805489864,2.6586991072510524,2.6748924608948594,2.0,2.2044369373594845,565498.6736920408,9.066451391863456,7.093726764686888,11.511798306652958,1.0,3.6994778233210357,4025708.1615115907,-2.6812289604944874,3.504119804335763,4.412238019614587,1.25,5.287314895603069,982308.8997870671,8.038874002089445,5.904419642531671,9.97425017415261,1.0,4.174543909799696,2788973.74278998,3.551813336863492,7.093726764686898,7.933242552194948,1.0,3.6994778233210623,4025708.1615116023,-0.8205802554944972,3.504119804335771,3.5989175537716305,1.25,5.287314895603096,982308.8997870715,-0.3129015379105078,5.904419642531659,5.912704853748449,1.0,4.174543909799715,2788973.742789969,0.6162876415804576,1.8398805419516013,1.94035328376482,0.75,2.075887382843447,270813.58958935837,-0.09590752907958498,3.453838212890458,3.455169555167518,2.0,2.078412096767634,954321.0665631847,0.2244987360075696,1.8721298172370893,1.8855422920362126,1.0,2.470912419298268,280391.9783343991,4.0,HS_14_1,HS_14,healthy,gait_full,4.0,0.5
8.744554713621461,1.7467191768072599,8.917301442821453,1.75,2.4031541658938442,244082.23101835023,-2.5722203740376353,1.7940147835912,3.136049536655646,0.25,1.051217147976001,257479.1300917827,3.4782780893715928,1.581719348629776,3.821027946094126,0.25,1.4030010069165595,200147.6725860119,0.15285939596235243,1.794014783591199,1.800515214786521,0.25,1.0512171479759966,257479.13009178246,-0.3858390286215156,1.746719176807263,1.7888263299252496,1.75,2.4031541658938416,244082.23101835113,-0.9188342356283846,1.5817193486297751,1.829232749103459,0.25,1.4030010069165713,200147.67258601176,0.893110637130686,1.814324231140801,2.0222311999028793,0.25,0.6395618930823378,263341.802023514,0.0392699554619182,0.37821468479387904,0.3802479154390123,1.75,2.1103231884557143,11443.70948446738,0.271190973029908,0.6797957351229619,0.7318926050618877,0.25,0.9644760261117628,36969.78731287022,9.57180183228384,2.031603922479257,9.785029627668248,1.75,3.703580890396182,330194.226881582,0.17148322725163737,1.806575393744593,1.8146958837535474,0.5,2.7736303536682128,261097.42953844668,2.9850534293115123,2.018301929389611,3.6033438156831834,2.0,3.593637053242532,325883.53920972836,-0.04959959271612467,2.031603922479252,2.032209294691541,1.75,3.7035808903961893,330194.2268815803,0.16352539225163626,1.8065753937445925,1.8139611923066274,0.5,2.7736303536682265,261097.42953844654,0.2893957293115267,2.0183019293896085,2.038943983124982,2.0,3.5936370532425546,325883.5392097276,0.7018030305467297,1.2099571119796007,1.398757915621781,0.25,0.6775465191301977,117119.8597596186,0.040590773956795154,0.28111127064863034,0.28402668433810785,0.25,1.9311067055331492,6321.883772537821,0.25345067862420734,0.5302774371437478,0.5877341293806345,0.25,1.7438969604432728,22495.948239833862,10.149340622135714,7.706781485185318,12.743766944060512,2.0,4.156363115091199,4751559.368554463,3.0283968100107286,5.657388257857512,6.4169485847267955,2.0,5.665989070200955,2560483.8277283073,6.651098002093261,5.716299365705515,8.770016138629064,3.75,5.403847617804571,2614095.936731487,3.964381692135757,7.706781485185294,8.666648894546036,2.0,4.156363115091194,4751559.368554433,-0.6424812299892444,5.65738825785749,5.693753070781372,2.0,5.665989070200923,2560483.8277282873,-0.41495092290669766,5.716299365705481,5.731340393554199,3.75,5.403847617804551,2614095.9367314563,0.7030751458898902,1.4609897652438921,1.6213592306813114,0.75,2.0227811945144207,170759.28840127343,0.33012466003511504,2.90816362874218,2.926840956167961,2.0,2.3062759335781235,676599.5120751526,0.3404198140105414,2.623157088513556,2.645153825543968,1.75,2.0841765860894554,550478.1275271121,8.8988221277496,6.793747027944171,11.195714981233943,0.75,3.920490136400133,3692407.5022790725,-2.908565854607963,3.883214383778977,4.851711994850816,1.0,6.215148698451394,1206349.1824806805,7.947306914589201,5.615290230667252,9.730938884265196,0.75,4.154262801238922,2522528.151540358,3.384184072749631,6.793747027944175,7.589973683613969,0.75,3.920490136400158,3692407.5022790763,-1.0479171496079778,3.8832143837789803,4.0221243519849645,1.0,6.215148698451407,1206349.182480682,-0.4044686254107465,5.615290230667253,5.629838296396154,0.75,4.154262801238958,2522528.1515403595,0.6867942056667777,1.8619111947869098,1.9845401427560687,1.0,2.165002203595325,277337.0659664509,-0.16697796632961423,3.2499114813255483,3.254198254208123,2.0,2.1174111570889624,844957.7203274864,0.35470262819154397,1.9603714916622539,1.9922023842391312,0.75,2.042274047600192,307444.8997930314,4.0,HS_14_1,HS_14,healthy,gait_full,4.0,0.5
7.845699346415215,2.0498794284168724,8.109069237920393,2.0,2.761639099374925,336160.4812151747,-3.303903228063557,1.5690319166347095,3.657545310153681,1.0,1.9763181499632039,196950.0211071842,4.891077199848361,1.5227837682505843,5.122646442974952,2.0,2.482855380828649,185512.38876724677,-0.5788234580635739,1.5690319166347082,1.6723928219838362,1.0,1.9763181499631957,196950.0211071838,0.5130163385847394,2.0498794284168844,2.113099958521041,2.0,2.7616390993749356,336160.48121517873,0.49396487484839063,1.5227837682505927,1.6008971554823441,2.0,2.4828553808286116,185512.38876724878,0.10310890892366821,0.4468256117298832,0.4585679605000917,1.0,2.238372705332731,15972.469763037856,0.10634582252204523,0.3722611340268086,0.3871534397042288,2.0,3.028520958847265,11086.27749875822,0.009131340938209536,0.3413523625484569,0.34147447460204544,1.0,2.6170090406140796,9321.778521807873,9.576820039866519,2.584309217208537,9.919381845968926,2.0,3.860473723720011,534293.5426434412,-0.1436123950730862,1.7246534921566647,1.7306224857047268,3.0,4.328624181819792,237956.4283117527,2.9382518529745227,2.284619734803956,3.721936496524882,2.0,3.9682841338307795,417558.99249313236,-0.04458138513344695,2.584309217208533,2.5846937207432137,2.0,3.860473723720003,534293.5426434396,-0.15157023007308434,1.7246534921566687,1.73130101445491,3.0,4.328624181819793,237956.42831175384,0.2425941529745361,2.284619734803952,2.2974636571038753,2.0,3.9682841338307813,417558.992493131,0.047113151192613126,0.5197302584968928,0.521861275256696,1.0,2.5574419686737113,21609.613128548153,-0.045657524053445836,0.25786592676266645,0.26187677577032265,2.0,3.879085881946839,5319.596119764391,0.02987708601538396,0.47283866808295555,0.4737816441180832,1.0,2.6085890863691445,17886.481189271566,11.354147830935373,9.018931695545797,14.500269028388924,1.0,4.251407188390179,6507290.376877383,3.3360073460827344,6.389308039814954,7.207787610686235,1.0,5.976107405075175,3265862.154446769,6.995251966472636,6.82153743076172,9.770717629413024,1.0,5.3500347690775145,3722670.173000052,5.169188900935413,9.01893169554579,10.395270214019178,1.0,4.251407188390162,6507290.376877371,-0.3348706939172404,6.389308039814931,6.398077493223125,1.0,5.9761074050751475,3265862.1544467458,-0.07079695852731394,6.821537430761706,6.821904802078356,1.0,5.350034769077512,3722670.1730000353,0.15868821346860906,0.8849929119209551,0.8991075593299113,1.0,4.459674578709008,62657.01692907231,-0.039409600561689725,3.5305211842513806,3.5307411331141516,2.0,2.19180064853121,997166.400129526,-0.017058453039512658,2.8887675671795803,2.8888179326514734,2.0,2.192111789942338,667598.2635784601,10.407604860408483,9.149843783483757,13.857773276849155,1.0,4.2732229556338615,6697600.614709721,-2.1992428037488114,4.2265306742476385,4.764475884102798,1.0,7.245906875022209,1429091.9230126708,8.75340463551276,7.529742530819653,11.546389708192368,1.0,5.095345341582097,4535769.42269796,4.89296680540852,9.14984378348375,10.375970577299546,1.0,4.273222955633861,6697600.614709707,-0.3385940987488225,4.2265306742476385,4.24007163902495,1.0,7.245906875022223,1429091.9230126704,0.40162909551280285,7.529742530819659,7.540446174517585,1.0,5.095345341582109,4535769.422697968,0.0635536460237284,0.8650150570142527,0.8673465943809777,2.0,5.955741878086606,59860.86859563501,-0.1072289491509273,4.249070410009778,4.250423202077257,2.0,2.15783312583981,1444373.2879384386,0.12170223838878833,1.696009941485668,1.700370887908594,2.0,2.6674375419679826,230120.738002136,4.0,HS_14_1,HS_14,healthy,gait_full,4.0,0.5
7.687069251051849,2.122113485291635,7.974609665364407,2.0,3.11316392529982,360270.1474119224,-3.4007685981427844,1.6092716246471057,3.762310755374731,1.0,1.977501622839135,207180.79530317473,5.070832770869805,1.5599066498840313,5.305342000896791,2.0,2.2654275247075826,194664.74779403795,-0.6756888281428044,1.6092716246471088,1.745368314818205,1.0,1.9775016228391327,207180.79530317546,0.671646433948111,2.122113485291634,2.2258649053102526,2.0,3.1131639252998538,360270.14741192193,0.6737204458698356,1.5599066498840364,1.6991786237872368,2.0,2.265427524707574,194664.74779403917,0.1353294771822897,0.36999840597725037,0.39397066873072933,3.0,2.110388263009833,10951.90826742736,0.02080062653438266,0.39401132580779236,0.394559996615264,2.0,2.91676477614753,12419.607802774939,-0.057027335601636635,0.32990904094750056,0.33480157153860746,1.0,2.4718575494802177,8707.242743889754,9.57669136794817,2.7144708907356323,9.953962516183395,2.0,3.9860518014474975,589468.7848851681,-0.13513716127459177,1.9465051949296819,1.951190540732912,3.0,4.605403589132353,303112.9929948537,2.86537790717217,2.0918230251053904,3.5476913788083975,2.0,3.8690750333764865,350058.59031558456,-0.04471005705178893,2.714470890735632,2.7148390754983374,2.0,3.986051801447484,589468.7848851681,-0.14309499627459082,1.9465051949296817,1.9517578363739345,3.0,4.605403589132364,303112.9929948536,0.16972020717218353,2.091823025105388,2.098696861646204,2.0,3.8690750333764803,350058.59031558386,0.002981514992502832,0.48105788885769263,0.4810671282304276,3.0,3.044293370873855,18513.40576936769,-0.008759780472705057,0.28965470804635995,0.289787135061845,2.0,3.553676063243373,6711.988452087968,0.0035576009940239115,0.448936207206109,0.44895030311320555,1.0,2.1612591645195045,16123.537082121487,11.141836995983743,8.592250019410345,14.070085004758468,1.0,3.689048467041908,5906159.388012199,3.0696224089549573,6.075917741155821,6.807301824574145,1.0,5.026109037058828,2953346.533627535,7.076925849434554,6.289878655413965,9.46812827216801,1.0,5.304668961371535,3165008.88830086,4.956878065983779,8.592250019410365,9.91954638867567,1.0,3.6890484670418977,5906159.388012227,-0.6012556310450282,6.075917741155812,6.105594543625977,1.0,5.026109037058786,2953346.533627527,0.01087692443460635,6.289878655413965,6.289888059998949,1.0,5.30466896137155,3165008.88830086,0.09334019509229591,0.8854517890657844,0.8903579408191213,2.0,3.591196335244395,62721.99883344592,-0.07832652504156144,3.4425892438483756,3.443480179467513,2.0,2.273610777539506,948113.710070112,-0.041153996452424325,2.9461902788106586,2.946477695551492,2.0,2.239886959163708,694403.041139022,10.607137910227834,9.359320890108306,14.145962751633775,1.0,4.05914646807035,7007752.308912245,-2.1338995014185516,3.696149834911266,4.2679094044120625,1.0,6.209691469762362,1092922.007976502,8.763915953763128,7.72535119429182,11.682776806896976,1.0,4.9581601533203585,4774485.906319437,5.092499855227866,9.35932089010831,10.655066508450975,1.0,4.059146468070351,7007752.308912252,-0.2732507964185572,3.6961498349112634,3.7062365817440655,1.0,6.209691469762373,1092922.0079765006,0.41214041376316707,7.725351194291821,7.736337039956501,1.0,4.958160153320366,4774485.906319437,-0.010781813981608981,0.7313125013593018,0.7313919757265135,4.0,5.840327389826409,42785.44298981622,0.06223297959671051,4.36302057052158,4.363464385387365,2.0,2.106012160179836,1522875.972055695,0.0005049211133741194,1.6026201347040747,1.602620214244235,2.0,2.2935252140449203,205471.335063219,4.0,HS_14_1,HS_14,healthy,gait_full,4.0,0.5
7.428474929447663,1.9016855580834662,7.668027630313788,2.0,2.7808393009187973,289312.6418303636,-3.1133960041869058,1.7275030940965725,3.5605479380286704,1.0,2.02474600109441,238741.86450745314,5.571204640317571,1.6373320930421011,5.806821637281592,2.0,2.2015291690631007,214468.56199318595,-1.0104086641869143,1.7275030940965688,2.0012977311677544,1.0,2.02474600109444,238741.8645074521,1.0867459905522885,1.9016855580834657,2.1903024471074075,2.0,2.7808393009188275,289312.6418303634,1.0051040953175958,1.6373320930421065,1.9212211286912935,2.0,2.2015291690631176,214468.56199318726,-0.0773169829757781,0.39102364605912504,0.39859428951485076,3.0,2.4316449525055797,12231.959432009808,0.017964261132609162,0.3899289425334806,0.39034253534981167,2.0,2.645937853801405,12163.577743526474,-0.0037169584798855283,0.30221708709395667,0.3022399436075539,1.0,2.7337132221621046,7306.816195707277,9.434760526305887,2.651468794486848,9.800254739386995,2.0,3.6962296889389625,562423.3424317266,0.07474631323671979,1.8560595017431893,1.8575639653464582,3.0,3.833642435301108,275596.5566954354,3.1097575816928535,2.112524265929791,3.759434929751862,2.0,3.751924309467683,357020.968564829,-0.23339459119404704,2.6514687944868527,2.6617212106710575,2.0,3.69622968893897,562423.342431729,0.045081843236718606,1.8560595017431916,1.856606917632487,3.0,3.833642435301103,275596.55669543607,0.5733832416928685,2.1125242659298022,2.188955713575876,2.0,3.751924309467691,357020.96856483264,0.05207483529857319,0.48773271143347274,0.49050482798196865,3.0,2.9311506182994194,19030.702853806983,0.002304293280906934,0.28001181182879703,0.28002129299603284,2.0,3.270366061135823,6272.623146979335,0.02434795636164836,0.3990947090357942,0.39983672887736804,1.0,2.256512329751153,12742.136562117472,10.418956563869976,7.993500029982795,13.132048530566138,1.0,3.8186196943298896,5111684.150606452,3.4032083390984944,5.567118439043687,6.524924115547226,1.0,4.826488976503328,2479424.6462708274,7.010522421291778,5.779412181874871,9.08564966237629,1.0,5.525153698803769,2672129.3256470105,4.137537118870029,7.9935000299828,9.00084752339258,1.0,3.8186196943298536,5111684.150606459,-0.16719933090147712,5.567118439043689,5.569628652845192,1.0,4.826488976503322,2479424.646270829,-0.025035518708189635,5.77941218187488,5.779466406615817,1.0,5.525153698803753,2672129.325647019,0.07565245619426218,0.8079979103296355,0.8115318337719615,2.0,3.5328097293392564,52228.87556772698,0.00023241072861181157,2.989330698727331,2.98933070776192,2.0,2.203424038805488,714887.8655639599,-0.005089639208462944,2.772225531955093,2.7722302040867697,2.0,2.2425259329626885,614818.7965315598,10.42677657882032,8.949530642784492,13.74087946787885,1.0,4.07279408127619,6407672.5023521995,-1.8440789555199943,4.092789362689065,4.489048001696181,1.0,7.561734631112878,1340105.0483575196,9.081147127072121,7.210800531408101,11.595812927401235,1.0,5.409330498578481,4159811.990662694,4.87660719132037,8.949530642784516,10.191928003306176,1.0,4.0727940812761645,6407672.502352237,0.13308482697999846,4.092789362689057,4.094952544110004,1.0,7.561734631112859,1340105.0483575144,0.807696159572171,7.2108005314080685,7.2558953541201605,1.0,5.4093304985784645,4159811.990662657,-0.08950814054366742,0.8050405916565407,0.8100012724917772,2.0,5.253362742522408,51847.516550944434,0.1120920243509223,4.340519163389878,4.341966286105623,2.0,1.9718251758335488,1507208.8427667313,0.003558393172490557,1.5156793068183723,1.5156834838710198,2.0,2.3428699623395626,183782.7052079451,4.0,HS_14_2,HS_14,healthy,gait_full,4.0,0.5
7.468008865373419,1.9412666799520752,7.716195483266875,2.0,3.0530585940947383,301481.30670794885,-3.597552397064161,1.4718036538305406,3.886976877349673,2.0,2.2329366567909625,173296.64802766888,5.345750497182882,1.5987855338565409,5.579709989004803,2.0,2.518273496766058,204489.93610023317,-1.494565057064168,1.4718036538305403,2.097601178781646,2.0,2.232936656791003,173296.64802766885,1.0472120546265358,1.9412666799520772,2.20571290290629,2.0,3.05305859409479,301481.3067079495,0.7796499521829137,1.5987855338565442,1.778754966601014,2.0,2.518273496766064,204489.93610023402,-0.05308916139685853,0.3566035432171743,0.3605336961961597,3.0,2.4471273847233275,10173.29719401643,-0.019263934330753258,0.35015878550329205,0.350688286418352,2.0,2.85405239934483,9808.89649858492,-0.04449945465485894,0.30628724294766196,0.30950295096664254,1.0,2.611372265749295,7504.952343530348,9.587077894998654,2.7312071832247846,9.96852823853504,2.0,3.989399211718619,596759.5422072058,-0.11543817526193127,1.8346277691350772,1.8382559733588124,3.0,4.17874341076814,269268.7951940546,2.897960437876766,2.1460279016568347,3.6060519206174133,2.0,3.8717613250448,368434.90902282955,-0.08107722250128944,2.7312071832247753,2.732410326745808,2.0,3.9893992117186006,596759.542207202,-0.145102645261934,1.8346277691350823,1.8403569841048721,3.0,4.178743410768147,269268.7951940562,0.3615860978767806,2.146027901656844,2.176276696761566,2.0,3.8717613250448046,368434.90902283264,0.007462969808719943,0.4861805215733439,0.4862377972511954,3.0,3.0267419783472356,18909.72660989388,0.0006801882466584319,0.27063956837276487,0.27064042311718217,2.0,3.5117251296023904,5859.662093600149,-0.0004556383618658727,0.44517330311958375,0.4451735362942384,1.0,2.123736449930637,15854.341591862254,11.246495611123386,8.579924313877642,14.145627054425205,1.0,3.856800414016453,5889208.100835312,3.3211415595366196,6.11403977705901,6.957834695790144,1.0,4.89322913809882,2990518.631458288,6.850083549822456,6.214806246075175,9.249187062428959,1.0,5.292033132576739,3089905.3653414813,4.9650761661234215,8.57992431387765,9.912975464878127,1.0,3.8568004140164507,5889208.100835324,-0.24926611046335623,6.1140397770590065,6.119118889945289,1.0,4.89322913809881,2990518.6314582857,-0.1854743901775109,6.214806246075151,6.21757327465197,1.0,5.292033132576722,3089905.3653414575,0.061945333650619855,0.7961140242012953,0.7985203590961644,2.0,3.6240609714334093,50703.803171656764,-0.03331338314840439,3.344984370442494,3.345150253725737,2.0,2.231151940350615,895113.6867903213,-0.03247893306811036,3.0460712744327374,3.046244423879595,2.0,2.2013250198356427,742284.0305612754,10.730605773032613,9.403828725920627,14.268072573500977,1.0,3.8093117955989957,7074559.622597348,-1.7832615607588373,4.197752145074116,4.560827212858912,1.0,7.050178152854922,1409689.845736824,8.944726865445165,7.83473650285484,11.890804630746509,1.0,5.021107356019517,4910648.983232807,5.180436385532662,9.403828725920647,10.736336239658343,1.0,3.809311795598991,7074559.622597378,0.19390222174115465,4.197752145074113,4.202228116496114,1.0,7.050178152854897,1409689.845736822,0.6712758979452221,7.834736502854819,7.863441193289863,1.0,5.021107356019498,4910648.983232781,-0.12608142796161242,0.7437766715820993,0.7543873432571528,2.0,5.513846520310309,44256.30114963879,-0.017910841476015234,4.4154285298599385,4.4154648566763015,2.0,2.072191155330005,1559680.734631666,-0.01768815759895588,1.561643486074539,1.5617436564680787,2.0,2.5122298386258684,195098.64938199322,4.0,HS_14_2,HS_14,healthy,gait_full,4.0,0.5
7.905602829226334,1.7756401142775828,8.102558479202917,2.0,3.26132281558888,252232.07017782374,-3.2447693112606117,1.5925907059979885,3.6145363520277174,0.75,1.6480503701874403,202908.37443977557,5.04141735870167,1.3559329562988913,5.220578815284372,2.0,2.0606582766867065,147084.59796506457,-1.1417819712606243,1.5925907059979945,1.9595946587820117,0.75,1.6480503701874558,202908.37443977717,0.6096180907736202,1.7756401142775795,1.8773737060133153,2.0,3.261322815588927,252232.07017782278,0.47531681370170376,1.355932956298896,1.4368299326520881,2.0,2.0606582766867234,147084.59796506562,0.6394867223320937,1.4923670255906711,1.6236078982036861,0.25,0.5952754083743341,178172.77742487448,-0.07932695743821715,0.3526370973332156,0.3614494274334938,2.0,2.3875937817488957,9948.361342660004,0.3730888164559147,0.8997955742306532,0.9740776870299134,0.25,0.6939341209142044,64770.591978639524,9.754598724041166,2.1748377868613256,9.994104045197119,2.0,4.391005796124364,378394.9008878476,0.17509615256201744,1.8919002863844905,1.899985620014988,3.0,3.633408897195522,286342.9633045403,2.7009652050495863,1.8280522872581622,3.2614395907081204,2.0,3.7773965714408004,267343.7505560611,0.08644360654121133,2.1748377868613074,2.176555052433005,2.0,4.391005796124341,378394.9008878414,0.14543168256201455,1.8919002863844954,1.8974817701138933,3.0,3.633408897195543,286342.96330454183,0.1645908650496002,1.8280522872581664,1.8354468986619008,2.0,3.7773965714407973,267343.75055606227,0.7083949736235263,1.3411683846437352,1.5167584101045763,0.25,0.7370134518038342,143898.72125862457,0.06355976488806846,0.2771112532943697,0.2843070354651866,2.0,2.5227965050342585,6143.28279614889,0.21860079464443785,0.5365747696512925,0.5793951940131341,1.0,1.318970330233662,23033.00520139063,9.779985083669837,7.0835190186799535,12.07577533431312,3.0,3.5526047927915916,4014099.3757761866,2.88297258077823,5.328918283893853,6.058787088018302,1.0,4.400954465262264,2271789.767595385,6.820758377045363,5.1968132140759975,8.574940957232847,4.0,4.974846700551524,2160550.028460863,3.4985656386698674,7.0835190186799535,7.900392598857485,3.0,3.5526047927915947,4014099.3757761875,-0.6874350892217526,5.328918283893847,5.373075197529946,1.0,4.400954465262243,2271789.7675953805,-0.2147995629545937,5.19681321407596,5.201250468323939,4.0,4.974846700551483,2160550.028460832,0.664016343832707,1.7777184291368917,1.8976829340461208,1.0,1.861975083850778,252822.67584848328,0.15316251417473123,2.7673427701982805,2.7715780276797224,2.0,2.241223496262311,612655.5043685469,0.3685484799650814,2.7509992025009775,2.775576443596102,2.0,2.0465151430229627,605440.0539756855,9.151796658814984,7.344517577472987,11.734450158831764,1.0,3.968204216499519,4315443.641096304,-2.7346684776644428,3.819577564857183,4.697614762482328,1.25,5.056006353683654,1167154.3266387365,8.139833731471299,6.4307432384444665,10.373589146230788,1.0,5.550050648164185,3308506.0948989238,3.601627271315024,7.344517577472988,8.180076860720186,1.0,3.968204216499543,4315443.641096304,-0.7575046951644544,3.819577564857189,3.8939679168114067,1.25,5.056006353683675,1167154.3266387405,-0.13361723602864536,6.430743238444476,6.432131230359288,1.0,5.550050648164165,3308506.0948989354,0.4599387302964075,1.815199926417078,1.8725635926427804,0.25,2.650874993458566,263602.0168391554,-0.2118220893561418,3.5154192468482197,3.521795150012293,2.0,2.1319575696909925,988655.8700567802,0.05221674114798506,1.8567214875214273,1.857455590392378,1.0,1.9660045442556575,275794.31930072175,4.0,HS_14_2,HS_14,healthy,gait_full,4.0,0.5
8.016932610054512,1.6392142334580753,8.182800973830842,1.75,3.5246643984849837,214962.66675781645,-3.1217665331138122,1.4609070145145948,3.446690527495525,0.25,1.5698765862733446,170740.0744504004,4.790937996332551,1.3169467510075488,4.96864525094037,1.75,1.8776740545124082,138747.9162405074,-1.0187791931138235,1.460907014514595,1.7810559646961126,0.25,1.5698765862733484,170740.07445040048,0.49828830994544154,1.639214233458068,1.7132759681381762,1.75,3.5246643984849855,214962.6667578145,0.22483745133258487,1.3169467510075485,1.3360017307290701,1.75,1.8776740545123998,138747.91624050736,0.6534175140421994,1.488038036982,1.6251804967948427,0.25,0.6101501441262906,177140.62157462,-0.11321258819393433,0.45451799280826816,0.4684054823676024,1.25,2.1621943094709994,16526.944857064664,0.3796203261345177,0.8931819241838921,0.9705078782283622,0.25,0.6818045774768094,63821.92343298245,9.628080062931353,1.923614714222576,9.818361333083532,1.75,4.143105164495687,296023.60331885616,0.16525056977705563,1.7881116691179104,1.795731352972176,0.5,3.6498638047380725,255787.7730555619,2.770057002061766,1.620131629404367,3.209056292941566,2.0,3.0287817738460716,209986.21534130248,-0.04007505456859659,1.9236147142225744,1.9240321147975343,1.75,4.143105164495691,296023.6033188557,0.13558609977705294,1.7881116691179115,1.7932448052868846,0.5,3.649863804738085,255787.77305556223,0.23368266206178162,1.6201316294043688,1.6368977008795438,2.0,3.028781773846057,209986.21534130292,0.7664791699064618,1.3023264375926944,1.5111401218792968,0.25,0.668932161701169,135684.54004016673,0.04533615881838125,0.24491512131359763,0.24907585981877034,0.5,2.1172072600295673,4798.674834321731,0.2707094354496953,0.482405159870426,0.5531711640271064,0.25,1.1899552112080802,18617.19815541323,9.324294635763987,6.305839439969375,11.2563795910235,2.0,3.7921034440903676,3181162.4765289957,3.1955286098048377,4.676673721067199,5.664157500405666,0.75,4.709023244641955,1749742.642476197,6.934702014929505,4.434124914661744,8.231133323831619,1.75,5.106039452197438,1572964.8485405978,3.0428751907640272,6.305839439969378,7.001621274336432,2.0,3.792103444090373,3181162.476528997,-0.3748790601951423,4.676673721067202,4.691674690672121,0.75,4.709023244641929,1749742.6424761994,-0.10085592507044548,4.434124914661741,4.435271770302898,1.75,5.106039452197451,1572964.8485405955,0.739311209806086,1.727843234741433,1.8793677949743304,0.75,1.9124411745845231,238835.38357065307,0.19512758683512937,2.6758139236730023,2.682919105986315,2.0,2.239772059425351,572801.3318636119,0.3357036688928079,2.5789725335697797,2.600729951804958,2.0,2.0737851193247567,532091.105885122,8.819701185367508,6.468602507348702,10.937547595199344,2.0,4.078327004297001,3347522.7694052723,-2.7956334641156366,4.0383924521689964,4.911637208041603,1.0,5.082314285125098,1304698.5754653013,7.567945279857622,5.992032512623581,9.652888137301568,0.75,5.1720607312065825,2872418.6336762584,3.269531797867543,6.46860250734869,7.247941540557894,2.0,4.078327004296974,3347522.76940526,-0.8184696816156523,4.038392452168989,4.120498297228078,1.0,5.0823142851250935,1304698.5754652962,-0.7055056876423224,5.992032512623577,6.033422901441079,0.75,5.172060731206552,2872418.6336762537,0.6582727161820846,1.9254498866351835,2.0348661466576075,1.0,2.109499871497795,296588.5814919139,-0.0063536162034981206,3.0346764226962555,3.034683073882247,2.0,2.263265994300043,736747.2860319482,0.24936009965605088,1.9077014821939744,1.9239296776300223,0.75,2.32016775207778,291148.501744383,4.0,HS_14_2,HS_14,healthy,gait_full,4.0,0.5
7.75182747120908,1.8086847565927329,7.960035784600637,2.0,3.2840678713613416,261708.3781757638,-3.3879961308727093,1.5986483532821851,3.746224010955604,1.0,2.14315259112988,204454.53807683257,4.799023575325224,1.3983639959149154,4.9986047194790695,2.0,2.2245361128198744,156433.76349684643,-1.2850087908727215,1.5986483532821834,2.051078777149237,1.0,2.143152591129882,204454.53807683213,0.763393448790874,1.808684756592732,1.9631887597446493,2.0,3.284067871361371,261708.37817576353,0.23292303032525624,1.3983639959149163,1.4176300656825223,2.0,2.224536112819879,156433.76349684663,-0.025281985371288642,0.39119952298606503,0.3920156190368425,1.0,2.1828386878738373,12243.007140815904,-0.026470870233760904,0.5037356385490547,0.5044306696815296,2.0,2.632757309138251,20300.14851177343,-0.03909405789689371,0.33890092129103383,0.3411483252410265,2.0,2.637196034166549,9188.315885616636,9.440917852425711,2.3841882853115184,9.737313986724839,2.0,3.783647721547501,454749.15586988383,-0.129149614803388,1.734436250647273,1.739237974103381,3.0,4.355863756718426,240661.57295544082,2.9838545398318455,1.9255104246977823,3.5511939274693165,2.0,3.6288909411205412,296608.74373140413,-0.22723726507422504,2.384188285311521,2.3949928088524826,2.0,3.7836477215474598,454749.1558698848,-0.1588140848033883,1.7344362506472748,1.7416919994911022,3.0,4.355863756718432,240661.57295544128,0.4474801998318587,1.925510424697785,1.976822937154819,2.0,3.628890941120548,296608.743731405,0.05483884099339517,0.42780550061345407,0.4313059758879153,3.0,3.322790043504057,14641.614207538352,-0.007186743680491623,0.2035038827181516,0.2036307431752197,2.0,3.7475123168645377,3313.1094153410354,0.05350731841240382,0.3924019591877651,0.39603324443546767,1.0,2.0672346315957313,12318.391935620417,10.810988067329903,8.184250808660757,13.559477286791472,1.0,4.2591999134826155,5358660.610857718,3.30542190727501,5.6775829622777385,6.56968509737263,1.0,5.72080875926493,2578870.7346596327,6.969501653020888,5.70446735995816,9.006381135189036,1.0,5.54694505913879,2603361.272379127,4.5295686223299505,8.184250808660734,9.354087513138838,1.0,4.259199913482591,5358660.61085769,-0.2649857627249687,5.677582962277749,5.683763343770878,1.0,5.720808759264918,2578870.7346596424,-0.06605628697907165,5.704467359958155,5.704849804672988,1.0,5.546945059138802,2603361.2723791217,0.13830560971286052,0.8313667257537155,0.8427924266202798,2.0,3.797303833825433,55293.67931858141,0.006992587741103162,3.2637483289653315,3.2637558197737944,2.0,2.1470404025348944,852165.5885363589,-0.08910767208124655,2.8087150460074652,2.8101281797975792,2.0,2.0941196761280643,631111.4015342593,10.193045309115046,8.299925675758011,13.144844574842995,1.0,3.6927523587985456,5511108.784413449,-2.0982950085962178,3.9592818927185256,4.480932386134452,1.0,6.9969687288109075,1254073.8873650276,8.36062897334558,7.000450223580651,10.90442204625151,1.0,5.028694736188375,3920505.8935350473,4.642875921615081,8.299925675758006,9.510260934728347,1.0,3.6927523587985336,5511108.784413444,-0.12113122609623166,3.9592818927185185,3.9611344183130557,1.0,6.99696872881093,1254073.8873650234,0.08717800584563908,7.000450223580637,7.000993025102469,1.0,5.028694736188357,3920505.8935350343,0.0608923454930275,1.0523375705683298,1.054097832352053,2.0,4.223807017719418,88596.47390771829,0.16055782602448165,3.944610671398967,3.947876918599707,2.0,2.03929841263559,1244796.2695216476,0.15372279470434067,1.6133872118352757,1.6206939849722763,2.0,2.3702959854141796,208242.19136139413,4.0,HS_14_2,HS_14,healthy,gait_full,4.0,0.5
8.107803357433324,1.9396593481600648,8.336591250008112,2.0,3.080810067098833,300982.67701610766,-3.2944321689763685,1.780529839503734,3.7448057126304337,1.0,2.1153741459603523,253622.9591512994,4.3594541010921155,1.497572028604658,4.609507787214154,2.0,2.146251407734406,179418.02734305116,-1.1914448289763802,1.7805298395037346,2.142388221088267,1.0,2.115374145960354,253622.9591512997,0.4074175625666389,1.9396593481600661,1.9819857358700828,2.0,3.080810067098833,300982.6770161081,-0.2066464439078571,1.497572028604662,1.5117621286561078,2.0,2.1462514077344093,179418.02734305218,-0.05314947719165285,0.4783840581923802,0.4813275122599545,1.0,2.0846493747862263,18308.10618380517,0.009469965334474334,0.4629668394689018,0.46306368319191266,2.0,2.6569870725812765,17147.0656554612,-0.05251470333193347,0.3865931292643025,0.3901436167110858,3.0,2.808991399425963,11956.339996870782,9.566353389758069,2.6074318663575307,9.91533247629309,2.0,3.831068687105172,543896.2553844589,-0.157735928643427,1.867618537217272,1.874267756683283,3.0,4.3306307206556065,279040.01000025077,2.952478610228632,2.1321047215363484,3.6418402611118434,2.0,3.767401367155257,363669.87191033835,-0.10180172774186508,2.6074318663575338,2.6094184274408656,2.0,3.831068687105159,543896.2553844601,-0.18740039864342292,1.8676185372172742,1.8769970458072929,3.0,4.330630720655611,279040.01000025147,0.41610427022864194,2.132104721536352,2.172329005307464,2.0,3.7674013671552578,363669.8719103395,0.011266917979396964,0.43750986618019727,0.43765491708167586,3.0,3.1297563757304494,15313.190793131907,0.007518719179575426,0.2334485041952713,0.23356955120287173,2.0,3.6823329904424695,4359.856928717394,0.005714510699149997,0.4250522527591489,0.42509066469184914,1.0,2.1907079008520722,14453.554167800121,11.19646096502392,8.571829550356446,14.100957413653454,1.0,4.132362554998495,5878101.56855819,2.9750138644475324,5.7618699808040486,6.484585813245583,1.0,4.805575576794821,2655939.246372288,6.841026367404084,6.161769657958845,9.20690214335203,1.0,5.206857768208285,3037402.6912142006,4.915041520023951,8.571829550356414,9.880986539001194,1.0,4.132362554998469,5878101.568558149,-0.5953938055524478,5.761869980804065,5.792550341549158,1.0,4.805575576794822,2655939.2463723035,-0.19453157259587767,6.161769657958828,6.164839645155313,1.0,5.2068577682082875,3037402.6912141847,0.09550858163411988,0.8576866012204706,0.8629879460797143,2.0,3.6405092896840503,58850.24751972726,-0.09393706022595598,3.3732489320632495,3.3745566418345607,2.0,2.256993557179891,910304.7224465138,-0.0338475045358038,2.8482167012973387,2.848417811893542,2.0,2.18426637959452,648987.1519420822,10.680537139844468,9.261244969272886,14.136637930444403,1.0,3.93203856255673,6861652.672369871,-2.074852223632704,4.107362141035307,4.601677466698825,1.0,7.2364875144673615,1349633.9302943842,8.664885660367993,7.640210882606127,11.552188789919596,1.0,5.041936511966452,4669825.862259521,5.130367752344503,9.261244969272882,10.587319380049827,1.0,3.932038562556729,6861652.672369864,-0.09768844113271584,4.107362141035309,4.108523675134549,1.0,7.236487514467392,1349633.930294386,0.39143469286804644,7.640210882606112,7.650231594499187,1.0,5.041936511966467,4669825.862259504,-0.11849324105571156,0.7688381392880649,0.7779156333432442,2.0,5.896961921949655,47288.96775985225,0.023829556911133726,4.328595208174424,4.328660800295303,2.0,2.0628786858708414,1498939.0670446486,-0.03828128203855798,1.5944866452026483,1.594946117674234,2.0,2.340029302110533,203391.01961306483,4.0,HS_14_2,HS_14,healthy,gait_full,4.0,0.5
8.28375274674396,2.1986061668028896,8.570555912301828,2.0,2.4729465090924325,386709.52793393034,-2.3352882404637128,2.006778752051779,3.079079753064964,0.25,1.5896461023552089,322176.2903896702,4.238747257195999,2.1263815654430163,4.742201690379955,0.25,1.456568489081047,361720.76099002536,0.05587731453627406,2.0067787520517735,2.0075565331930902,0.25,1.5896461023552169,322176.29038966843,0.24764484325598907,2.1986061668028927,2.212509219211299,2.0,2.4729465090924365,386709.52793393144,-0.08188033280397825,2.1263815654430207,2.12795745980882,0.25,1.4565684890810406,361720.7609900271,-0.07359362929620691,0.37549142787671774,0.3826353808547817,1.0,1.9870218216744893,11279.505208661834,0.015018843625177943,0.5658318500001511,0.566031137075012,2.0,2.439982392462964,25613.632387194717,0.030326211369917404,0.32029730816210766,0.32172976970113454,1.0,2.4406574906701994,8207.230983886966,9.459384214906647,2.677642075647114,9.83105878379846,2.0,3.8057801121445856,573581.9624195569,0.1274069485903018,1.9533309442543736,1.9574816240084538,3.0,4.0629525103478175,305240.21446863725,3.071725188371846,2.1017308062961115,3.7219306838000294,2.0,3.705692497192675,353382.78752998466,-0.2063486550932981,2.6776420756471158,2.6855812876795606,2.0,3.8057801121445824,573581.9624195574,0.053714408590303166,1.9533309442543803,1.9540693476619286,3.0,4.062952510347824,305240.21446863934,0.5268705833718592,2.101730806296107,2.1667637143345115,2.0,3.705692497192674,353382.7875299833,0.04068813753482479,0.47753925878956327,0.4792695152222164,3.0,2.8806716787149282,18243.571224780644,-0.031011848183598752,0.27077404944525807,0.2725441626246022,2.0,2.916810055783149,5865.520228955051,0.02865840395031498,0.3805333138829888,0.3816109368083528,1.0,2.1296145393554227,11584.456272974006,10.282428050515994,7.93370868779118,12.98738080433354,1.0,3.9198370553209565,5035499.816828337,3.235043390550109,5.936609231131527,6.7608309327994585,1.0,5.092841695462165,2819466.98956043,7.087956845974652,5.794421356900778,9.15502327204616,1.0,5.609443795509828,2686026.0706412713,3.841909985516024,7.933708687791165,8.814987571150667,1.0,3.9198370553209556,5035499.816828317,-0.2025798194498652,5.9366092311315155,5.9400646247666575,1.0,5.092841695462141,2819466.9895604188,0.16495079097468765,5.794421356900771,5.796768722723975,1.0,5.609443795509819,2686026.070641265,0.049196814032668824,0.9132591799109283,0.9145833238161225,2.0,3.649032904227539,66723.38637747277,-0.031329802957765246,2.8531822245831084,2.8533542302403303,2.0,2.163989488450802,651252.0183089433,-0.015229004945326365,2.762842555425253,2.7628845268415336,2.0,2.197827072859056,610664.0333899197,10.590351479809078,8.809876415831539,13.77568390055895,1.0,3.4454881325504516,6209156.965245442,-2.021352804858924,3.8630280955385405,4.359914360240481,1.0,6.267816622185051,1193839.4812678841,8.852670733814874,7.390521811296702,11.5321113316077,1.0,4.699252105902543,4369623.502798182,5.152237244809109,8.80987641583156,10.20585474563612,1.0,3.445488132550438,6209156.965245475,-0.0029435798589320062,3.8630280955385317,3.8630292170241782,1.0,6.267816622185026,1193839.4812678786,0.49814541381492894,7.390521811296726,7.407291103808293,1.0,4.6992521059025485,4369623.502798208,-0.0018028442037740788,0.7261307085944564,0.7261329466503433,2.0,5.182541838958453,42181.30485785169,0.0993978170181882,4.285026704035919,4.286179391991067,2.0,2.0193535172638017,1468916.5911846436,0.04227358992640704,1.5501337280620788,1.5507100410073138,2.0,2.8168847491450335,192233.79857348267,4.0,HS_14_3,HS_14,healthy,gait_full,4.0,0.5
7.704509824190886,1.9779815715058806,7.954362496659977,2.0,3.176367141560034,312995.6322161389,-3.404795306843023,1.6459435157153581,3.7817669333825568,2.0,2.0942245313096253,216730.69079978444,5.096196884515357,1.5904156685191766,5.338599505901837,2.0,2.4286885607287023,202353.7603368684,-1.0136297518430357,1.6459435157153612,1.9330223306384275,2.0,2.094224531309647,216730.69079978522,0.8268877658090641,1.977981571505875,2.143864378747302,2.0,3.17636714156001,312995.632216137,0.7755692945153817,1.590415668519183,1.76944333881207,2.0,2.4286885607287094,202353.76033687,-0.022645451939723723,0.3603123717007863,0.3610232979936336,3.0,2.468621150878075,10386.013801206664,-0.06618871617056654,0.4212253730839048,0.42639390365949487,2.0,2.8106474642575874,14194.47266713787,-0.04270120879321977,0.3610910288525665,0.36360710162235166,1.0,2.5283676275591342,10430.9432273576,9.599466379482797,2.759285032292888,9.988163427790722,2.0,3.9734399673723244,609093.7580368636,-0.053580324587375806,1.939975800914953,1.9407155791919903,3.0,4.440091726712981,301081.1598147775,2.893332463846918,2.099542370362634,3.57483578801858,2.0,3.7452981136951053,352646.50288485223,-0.0662664905171429,2.759285032292894,2.7600806396192588,2.0,3.973439967372326,609093.7580368664,-0.12727286458737602,1.9399758009149577,1.9441462111157966,3.0,4.44009172671298,301081.1598147789,0.34847785884692867,2.099542370362633,2.128265721909387,2.0,3.745298113695115,352646.502884852,-0.004290493153351113,0.4684662974934539,0.46848594452632647,3.0,3.0005202499044294,17556.869848210423,-0.022187448259301096,0.24741097381663416,0.2484038502623387,2.0,3.602456162611639,4897.006093156228,-0.0021340871990756026,0.42744630752041873,0.4274516348559374,1.0,2.0495148118769544,14616.833728108375,11.275386473451492,8.557736982113045,14.15518288051123,1.0,3.8513306206037248,5858789.023186419,3.125020265867862,6.193441672663221,6.937180364872046,1.0,4.473288095812992,3068697.605070977,6.912073893795553,6.185338906044718,9.275515236142976,1.0,5.41768019843627,3060673.701285853,4.834868408451524,8.55773698211304,9.829080057770808,1.0,3.85133062060373,5858789.023186413,-0.31260294413211115,6.193441672663213,6.20132569321765,1.0,4.47328809581299,3068697.6050709686,-0.010932161204407072,6.185338906044736,6.1853485669588,1.0,5.4176801984362815,3060673.7012858703,0.05845270310246844,0.886911569648507,0.8888356714693464,2.0,3.4320948098324084,62928.97084064855,-0.06740548955536915,3.27321635737718,3.273910325928878,2.0,2.2347430201876266,857115.670699055,-0.05521802282555861,3.025565887475864,3.0260697231726796,2.0,2.222305979463384,732323.9155841636,10.88877940381746,9.173893356282152,14.238182335447075,1.0,3.6304746100589127,6732911.492618083,-1.8307037014823784,4.219862002526579,4.5998599286270565,1.0,6.741246593997034,1424603.9844041676,8.686419068544396,8.076586218802852,11.861075886450093,1.0,4.76980818767372,5218606.2490056,5.450665168817498,9.17389335628216,10.670991992078257,1.0,3.6304746100588954,6732911.492618097,0.18770552351761066,4.219862002526572,4.224034645209079,1.0,6.741246593997024,1424603.984404163,0.3318937485444505,8.07658621880288,8.083402650498087,1.0,4.769808187673722,5218606.249005633,-0.06269124218420989,0.738992923732889,0.7416473105013479,2.0,6.025846513658795,43690.058501633546,-0.05167011582949574,4.390131695117057,4.390435753013725,2.0,2.1775632235339475,1541868.980875172,0.028484358846711494,1.576689083363621,1.5769463606276923,2.0,2.7742155905355106,198877.2450659921,4.0,HS_14_3,HS_14,healthy,gait_full,4.0,0.5
8.59003220021714,2.031285754560421,8.826934633124196,2.0,2.9895331749870806,330089.8805704921,-2.4050035715962927,1.9708711104864989,3.1094010859876553,0.25,1.5412932560407122,310749.0373737886,4.002940042956015,1.7922336894571047,4.385844341187422,0.25,1.5647782470253364,256968.8041914721,-0.013838016596305352,1.9708711104865024,1.9709196901075443,0.25,1.5412932560407098,310749.0373737897,-0.05863461021718472,2.0312857545604066,2.032131844688076,2.0,2.989533174987089,330089.88057048747,-0.3176875470439562,1.7922336894571087,1.8201722377763718,0.25,1.5647782470253482,256968.80419147306,0.7784129409067374,1.6659324504860826,1.8388196312182554,0.25,0.592454013577709,222026.47477879806,-0.04865144512459524,0.37952511530636107,0.3826307309417504,2.0,2.758986665399477,11523.146916109536,0.18348129650868575,0.7174956446362575,0.7405844896029803,0.25,1.0585197636052421,41184.02491104377,9.76609560901338,2.2754820854649145,10.027683788675338,2.0,4.353838684784699,414226.7280976636,0.1257725210081746,1.8703497582192325,1.8745738035914972,3.0,3.700173731726306,279856.98000028764,2.6015456086741824,1.8763121343882543,3.2075827003624595,2.0,3.3514954032624322,281646.28730593453,0.10036273901343531,2.2754820854649114,2.2776943167716825,2.0,4.353838684784715,414226.72809766256,0.05207998100817171,1.8703497582192345,1.8710747025419805,3.0,3.7001737317263155,279856.9800002882,0.056691003674189736,1.876312134388252,1.877168371657211,2.0,3.351495403262453,281646.2873059338,0.6901436297545378,1.4086604072320923,1.568637106724832,0.25,0.7567314041032058,158746.1180823017,0.03518392032589756,0.2380292132072623,0.24061549116706396,2.0,3.09225065799726,4532.696356320139,0.18107307818609283,0.5214942711358284,0.5520359901956354,1.0,1.4672196508403905,21756.584256968457,10.036473925425454,7.35862577849992,12.445086669193936,3.0,3.797029553185779,4331949.871417884,2.876505335014624,5.350602701959229,6.074803059900873,1.0,4.105734552646219,2290315.94960089,6.751268328759176,5.152643539330252,8.49290053458231,1.0,5.010280454497115,2123980.327376787,3.595955860425496,7.358625778499932,8.190254690675511,3.0,3.797029553185792,4331949.8714179,-0.5611178749853589,5.350602701959244,5.379944474048189,1.0,4.1057345526462194,2290315.949600903,-0.17173772624078434,5.152643539330266,5.15550475608512,1.0,5.010280454497151,2123980.3273767987,0.6755766056955157,1.6663299397006535,1.7980709713762297,1.0,1.647451361167588,222132.46019565157,0.1505361842229786,2.8419816216360587,2.8459656850491952,2.0,2.369728582170704,646149.8644306412,0.3455434320120695,2.7690766658957906,2.7905529640225835,2.0,2.013031985956236,613423.2220786333,9.062643284987246,7.198764926318154,11.573837728917441,1.0,3.5065145873355865,4145810.7792047816,-2.9076153369810886,4.181805534697696,5.0933019229058,0.75,4.650127103298711,1399004.1271835559,8.241665713206526,6.154252264517286,10.285906603871153,1.0,4.4303478338131645,3030018.968556697,3.6245290499872858,7.198764926318161,8.05974114339848,1.0,3.506514587335582,4145810.7792047895,-0.8892061119811031,4.181805534697675,4.27529940935283,0.75,4.650127103298726,1399004.127183543,-0.11285960679342245,6.154252264517289,6.155287014117355,1.0,4.4303478338131805,3030018.9685567,0.6222376271604202,1.9245730157686423,2.022661849563351,0.75,2.129945533294531,296323.4534696353,-0.26613798908391084,3.5639548435531743,3.5738779436516515,2.0,2.1080799602338045,1016141.9852977125,0.10562227016653739,1.883999740194258,1.8869581566656863,1.75,2.7099892597666426,283963.3475769886,4.0,HS_14_3,HS_14,healthy,gait_full,4.0,0.5
8.50099614331132,1.9448527853216966,8.720630010794375,1.75,2.9677531223311533,302597.60509108996,-2.294769859593136,1.7282649150214047,2.872780591167909,0.25,1.1211303862082296,238952.4316203363,4.052278637305877,1.738746933783722,4.4095581472646295,0.25,1.2070510933338618,241859.29267419613,0.09639569540685457,1.7282649150214007,1.7309511103976625,0.25,1.121130386208222,238952.43162033526,0.03040144668863931,1.944852785321697,1.9450903846696495,1.75,2.967753122331162,302597.6050910901,-0.2683489526940958,1.7387469337837211,1.7593328451871493,0.25,1.207051093333863,241859.29267419584,0.7610080216612733,1.6691372355123393,1.834435150122942,0.25,0.5571701046992595,222881.5466550025,-0.0013984435729969703,0.40373551182238604,0.403737933752714,2.0,2.6085425823649233,13040.195205639242,0.22516224063513554,0.6941584381340703,0.7297629559251185,0.25,1.0252721513184124,38548.48190937537,9.638228483346234,1.9520984235003742,9.8339278293172,1.75,4.101633863104981,304855.80124828144,0.12776688600389818,1.7301674975580774,1.7348786547668147,4.5,3.5908859434528275,239478.70105424614,2.6462812589158635,1.8687833849648132,3.239622793043949,2.0,3.183005579229455,279388.12786813104,-0.02750438665371204,1.9520984235003687,1.9522921774974724,1.75,4.101633863104941,304855.80124827987,0.05407434600389802,1.7301674975580794,1.7310123062826954,4.5,3.5908859434528386,239478.70105424672,0.10142665391587656,1.8687833849648137,1.871533784371823,2.0,3.183005579229478,279388.12786813104,0.7313818510931719,1.3912188829208487,1.571753604196284,0.25,0.6583700565176412,154839.2115152299,0.019588870453428893,0.20898886797508748,0.20990490890674704,0.25,2.594200473414183,3494.108298638493,0.2303090596540215,0.4935650765301048,0.5446547050461309,0.25,1.416828130031594,19488.526199677704,9.66631985110566,6.948057820088505,11.90433731608662,2.0,4.525721392800571,3862126.8630708647,2.9712410663135267,5.130783169364423,5.92901420180296,0.75,6.255948276564081,2106105.868968113,6.615969666135409,4.56793293537049,8.039718025233617,1.75,6.228527971925469,1669407.274075695,3.2258017861057144,6.948057820088515,7.660372356128388,2.0,4.525721392800522,3862126.863070877,-0.4663821436864518,5.130783169364438,5.151936357815667,0.75,6.255948276564096,2106105.8689681245,-0.3070363888645478,4.567932935370467,4.578240125433488,1.75,6.228527971925492,1669407.2740756783,0.739393888600672,1.654778186312112,1.8124552872814341,0.75,1.891066333991821,219063.6138385147,0.24593455529799121,2.8078209685505966,2.8185709849003326,1.75,2.3881439198714256,630713.2938670771,0.31605994820557437,2.624766781063764,2.643727396278887,1.75,1.9644351078705322,551153.4838373213,8.696826916849533,6.326731525981597,10.754642263854617,0.75,3.843201791491029,3202205.8583803507,-3.1161207818914183,4.068412743370688,5.124664962488435,1.0,5.01097231518063,1324158.5802165156,7.835443646668741,5.408063084442284,9.520573694133612,0.75,4.064329096493574,2339776.690876134,3.258712681849559,6.326731525981583,7.116652313039917,0.75,3.8432017914910226,3202205.8583803377,-1.097711556891426,4.068412743370676,4.213899964706555,1.0,5.010972315180645,1324158.5802165077,-0.5190816733311986,5.4080630844423,5.432917458317941,0.75,4.064329096493583,2339776.6908761486,0.6825178423579067,2.037031890562178,2.1483318012598085,1.0,2.07580127067244,331960.1723285471,-0.036956509844587586,3.1520870006399013,3.1523036407083223,2.0,2.002655890518307,794853.0802053856,0.24269964790793772,1.8888201479647064,1.9043488835956641,0.75,2.327527524654115,285411.959915045,4.0,HS_14_3,HS_14,healthy,gait_full,4.0,0.5
7.648202897664057,1.8292445309821985,7.863913982106186,2.0,2.963619814522401,267690.88778552815,-3.275519053059916,1.3877251773872081,3.557359446965247,1.0,2.078426029336093,154063.38807619337,5.042359362266004,1.292936969704452,5.205484986613655,2.0,2.2963401506055097,133735.15493222847,-0.8843534980599296,1.387725177387205,1.645558348246936,1.0,2.0784260293360877,154063.38807619267,0.8831946923358935,1.829244530982198,2.0312972255922017,2.0,2.963619814522435,267690.887785528,0.7217317722660309,1.2929369697044475,1.4807372348687613,2.0,2.2963401506054746,133735.15493222757,-0.018994255834171726,0.3382700695690412,0.33880292460505407,1.0,2.2301527278679845,9154.177354794589,-0.006424995936019406,0.4147846149880892,0.41483437345957147,2.0,2.7264798059776374,13763.702733438748,0.019884957080670854,0.3379867776538201,0.33857122350683166,3.75,2.642194143056541,9138.838676656283,9.459240109033392,2.2856870157083553,9.731474121330427,2.0,3.62140688358729,417949.2172061076,-0.07377516279012424,1.675326844105681,1.6769504492458358,4.75,4.282231908906403,224537.7859864425,2.8832391521227656,2.016415815211458,3.5183804154992244,2.0,3.8027443364483418,325276.1390641981,-0.2064927609665526,2.285687015708345,2.2949955106948052,2.0,3.6214068835872717,417949.217206104,-0.14746770279012167,1.6753268441056814,1.6818046134873392,4.75,4.282231908906417,224537.78598644258,0.3383845471227838,2.0164158152114595,2.044611660332198,2.0,3.8027443364483466,325276.1390641984,0.04567001791998585,0.4823303820654216,0.4844877170787588,1.0,2.975902024427021,18611.966290091226,-0.025181633613147656,0.19845169510938002,0.20004297029191787,1.75,4.245038015477804,3150.663241405324,0.04357082179523385,0.4222129004374934,0.42445512107613065,1.0,2.1654696755594065,14261.137877393681,10.56496707868327,7.89944061845184,13.191652339949993,1.0,4.562922830486248,4992174.641526076,3.2615376668727665,5.550152360723372,6.437532072127724,1.0,5.780422740067765,2464336.644446743,6.839534401475849,5.466773456764357,8.755846210193216,1.0,5.304454356897958,2390848.9632501183,4.124449013683334,7.899440618451861,8.911354652964976,1.0,4.562922830486226,4992174.641526102,-0.17608554312721691,5.550152360723368,5.55294492550949,1.0,5.7804227400677615,2464336.64444674,-0.08347165352410935,5.466773456764354,5.467410680068339,1.0,5.304454356897949,2390848.9632501155,0.13438651404037244,0.8242618442885132,0.8351450910505458,3.75,4.294307769442381,54352.669866434924,0.00831288329533531,3.285634860639777,3.2856453767076035,1.0,2.179406061744743,863634.6722225231,-0.029172692443390415,2.8097324886184847,2.8098839306246477,2.0,2.128242046181032,631570.2353309627,10.257613546349438,8.359407367729084,13.232472452489546,1.0,3.871823446240675,5590375.852480366,-2.19243302729412,4.027060487988636,4.585191244985244,1.0,7.04844717163075,1297386.85391972,8.231394251983524,6.926251450229727,10.757732590253246,4.75,5.063506643898042,3837837.46278575,4.81949931134946,8.359407367729087,9.649210597335996,1.0,3.8718234462406618,5590375.852480373,-0.17402380229412906,4.02706048798864,4.030818832158574,1.0,7.048447171630723,1297386.8539197228,-0.12313106801641496,6.926251450229724,6.927345841786753,4.75,5.063506643898038,3837837.4627857464,0.03587102497398166,1.0302819137777277,1.030906180159078,2.0,5.4643803645202365,84922.38001456283,0.20791257639144076,3.9862844133421014,3.991702777446726,2.0,1.967637381890134,1271237.0754952969,0.15655885114223123,1.655021095777118,1.6624095468139817,2.0,2.854002002750779,219131.8777212592,4.0,HS_14_3,HS_14,healthy,gait_full,4.0,0.5
7.758066374424857,1.9503879404736462,7.999475419571379,2.0,3.1891298336970038,304321.7081457262,-3.5021736632913227,1.4758188542888298,3.800429141363612,2.0,2.3357026498983857,174243.4903667531,4.976925407987703,1.4471681446618647,5.1830572209457255,2.0,2.311368360046571,167543.95491114265,-1.1110081082913397,1.4758188542888275,1.8472629231821573,2.0,2.3357026498983733,174243.49036675252,0.7733312155750913,1.9503879404736422,2.0981073107274244,2.0,3.1891298336970357,304321.708145725,0.6562978179877271,1.4471681446618603,1.589031926935234,2.0,2.3113683600465573,167543.9549111416,-0.026157465876264017,0.36131970922810003,0.36226529684437986,3.0,2.555022756254409,10444.172039540408,-0.04923498325879687,0.4299539346309112,0.4327637571251732,2.0,2.831618108200772,14788.832869584045,-0.0362266480279689,0.32885916604309035,0.3308484866489481,3.0,2.756605083733308,8651.868381180677,9.620163328979896,2.5281253615014188,9.94680653876993,2.0,3.9095537365665125,511314.2465207347,-0.10195691131132406,1.8149653389023568,1.8178268325616422,3.0,4.230667319272624,263528.10878992133,2.85515731173468,2.0862618171492953,3.5361577516348284,2.0,3.908793375707623,348199.3574828446,-0.045569541020054366,2.5281253615014148,2.5285360243697217,2.0,3.9095537365665476,511314.2465207331,-0.1756494513113224,1.8149653389023546,1.8234450666699307,3.0,4.230667319272634,263528.1087899207,0.3103027067346934,2.0862618171492966,2.1092122082668596,2.0,3.9087933757076296,348199.3574828448,0.01976783581032212,0.5077775645639971,0.508162200883899,3.0,2.623490832352156,20627.083291247323,0.0009334557909518155,0.2296181917262657,0.2296200890848921,2.0,4.040683539453459,4217.966627038183,0.0036816561228562978,0.4307887342982909,0.43080446630708286,1.0,2.117779727516445,14846.314705321238,10.741761439922852,8.099356193062329,13.453066920754932,1.0,4.30080282998491,5247994.122181437,3.1178867584640724,5.691593457952508,6.489642049390197,1.0,5.8101570557503806,2591647.65227522,6.838326840919556,5.992287136612323,9.092316487609214,1.0,5.8204652883959245,2872694.2550618057,4.301243374922904,8.099356193062343,9.170619679848004,1.0,4.300802829984926,5247994.122181455,-0.31973645153591806,5.691593457952504,5.700567295370568,1.0,5.810157055750362,2591647.652275216,-0.08467921408040636,5.99228713661234,5.992885423308792,1.0,5.820465288395918,2872694.2550618215,0.08147505013806572,0.8060749961829455,0.810182129688341,2.0,3.999888565273668,51980.55196442441,-0.13561232962645856,3.307175415232113,3.3099546720555577,2.0,2.336276821774916,874992.9659387509,0.08168296409836788,2.809566715433904,2.810753855302515,2.0,2.310121332359927,631494.3096761508,10.654840910953737,9.05262546959293,13.981261128040492,1.0,3.8993690717322567,6556002.233569219,-2.173643286780037,4.301565913886383,4.819563719847794,1.0,6.917969417686946,1480277.7602450228,8.54617725150406,7.442677256941215,11.33272210746895,1.0,5.1851315470774555,4431476.118860542,5.216726675953762,9.052625469592913,10.448170418993456,1.0,3.8993690717322465,6556002.233569193,-0.15523406178004398,4.3015659138863755,4.304366030607279,1.0,6.917969417686902,1480277.7602450184,0.19165193150410964,7.4426772569412085,7.445144405170337,1.0,5.185131547077435,4431476.118860535,-0.014549353154791923,0.8410511735329937,0.8411770088265897,4.0,5.586899843926483,56589.36735553157,0.04778866021029174,4.284462237774359,4.284728745551948,2.0,2.010857166109868,1468529.9383223287,-0.013476863784454887,1.706801120398859,1.7068543260783169,2.0,2.4666220142276045,233053.62998559565,4.0,HS_14_3,HS_14,healthy,gait_full,4.0,0.5
8.288552626386718,2.45264607463665,8.643817293754694,2.0,2.6355857474066413,481239.6673027875,-2.5249494857332344,1.8593401850268343,3.135684268092078,1.0,2.171684724611152,276573.0128125162,4.698028760069289,1.6780308368689294,4.988713433333411,2.0,2.234304722050767,225263.0048544061,-0.262146775733247,1.8593401850268387,1.8777291752760767,1.0,2.171684724611157,276573.01281251747,-0.09328688138676894,2.4526460746366627,2.454419526012108,2.0,2.6355857474066475,481239.6673027926,-0.17668605993068592,1.678030836868928,1.6873071603169547,2.0,2.234304722050763,225263.00485440585,-0.07530734978503062,0.5773199612111407,0.5822109021175041,3.0,2.4217801740043985,26664.091937690195,0.14638478869387994,0.4685933373397306,0.4909258825526908,2.0,2.85543160989528,17566.484709751527,0.09312801989505419,0.4327978314223357,0.4427039540973743,2.0,2.576916114558951,14985.121091884028,9.615522031818104,3.0294285581236666,10.081453334373702,2.0,3.4319623713911684,734195.3532697438,-0.055036550347333416,2.03748366698398,2.0382268556518977,3.25,4.026659056464158,332107.3109090731,3.036977830240486,2.37395044752987,3.854721140199312,2.0,4.102051096256508,450851.4000920004,-0.023404463181840755,3.029428558123668,3.0295189647322025,2.0,3.431962371391167,734195.3532697445,-0.1477063103473336,2.0374836669839813,2.042830596829535,3.25,4.02665905646415,332107.31090907345,0.3694608252404991,2.3739504475298654,2.402528257630832,2.0,4.1020510962564956,450851.40009199874,0.004829009914724272,0.5359358018104481,0.5359575570872794,3.25,2.8851680159930573,22978.17496714012,-0.060148595486117624,0.2904970673055912,0.2966587258991412,2.0,3.4878907791589526,6751.083810327101,0.03404240937089944,0.4259464190102581,0.4273046190991132,1.0,2.3832300762421004,14514.43898185376,11.079701553628631,8.562402939633557,14.00266155479472,2.0,3.844792533585479,5865184.438940505,3.4121158131861877,6.202941638395906,7.079478744366771,1.0,4.028824722992445,3078119.622328746,7.25544184693489,6.523403415266866,9.756855462318246,1.0,5.026259966818811,3404383.9742202354,4.587237303628667,8.562402939633554,9.713778367887942,2.0,3.8447925335854576,5865184.438940498,0.052028023186201186,6.20294163839589,6.203159830646165,1.0,4.028824722992435,3078119.6223287308,0.3249019219349195,6.523403415266847,6.531489368987151,1.0,5.026259966818759,3404383.9742202153,0.10825114113491408,0.8325791537299932,0.8395870156111057,2.0,3.448372221156472,55455.375888545816,-0.24237995717002137,3.2225941749718996,3.23169634405842,2.0,2.4423257072156845,830812.4587852631,0.07906322323981352,2.9096207019683447,2.9106946975922825,2.0,2.317362610670364,677274.3543332799,10.829948394321734,9.931470895027587,14.694281076747238,1.0,4.029211962687237,7890729.1829065615,-1.9826719252944367,4.806397941271348,5.199273904422443,1.0,6.407931873740849,1848117.1128565394,9.273054340658257,8.096569752549653,12.310320002449282,1.0,4.9084757496329114,5244355.369534584,5.333352084321762,9.931470895027598,11.272921475559011,1.0,4.029211962687226,7890729.182906578,-0.0024997752944487584,4.806397941271346,4.806398591329474,1.0,6.407931873740838,1848117.1128565387,0.9406274956583096,8.096569752549659,8.151025815410627,1.0,4.908475749632913,5244355.369534593,0.019011970360766774,0.8599656837354439,0.8601758147143921,2.0,5.444569710200656,59163.27869680824,-0.03580737437706592,4.359607649721612,4.359754698096096,2.0,2.130570437831823,1520494.3122939954,0.07011832597335509,1.8364752347056703,1.837813338542452,2.0,2.5822433741587316,269811.3034309369,4.0,HS_14_4,HS_14,healthy,gait_full,4.0,0.5
8.216802844484441,2.3322338951428088,8.541379509586294,2.0,2.827005223204102,435145.1962921803,-2.9388649371343316,1.9741654266860458,3.54037515676518,1.0,2.425289304360062,311787.35805233323,4.260433804675161,1.819057098329416,4.6325225235287855,2.0,2.00821269763495,264718.3815224879,-0.6760622271343404,1.9741654266860418,2.0867173423538525,1.0,2.425289304360068,311787.35805233195,-0.02153709948449574,2.3322338951428234,2.332333335590621,2.0,2.8270052232040923,435145.19629218563,-0.6142810153248077,1.8190570983294176,1.919976534432418,2.0,2.008212697634956,264718.3815224884,0.0497430922876624,0.6023007900981997,0.6043514019039374,3.0,2.5228911343254055,29021.38308835815,0.006115624685250709,0.4716371431689955,0.4716767915447001,2.0,2.9615456601910095,17795.48751375446,0.03721222414519493,0.47495668477066777,0.47641221860294025,1.0,2.6415522288665834,18046.742706986934,9.597623116450546,2.9631005662098024,10.044617187872255,2.0,3.677145846279264,702400.1618588506,-0.11985402503773987,2.0296250553084456,2.0331608033929727,3.0,4.699074495407161,329556.0467500006,2.6561665693668384,2.2101934352245687,3.455455956213562,2.0,3.9232637385320066,390796.6905069115,-0.04130337854939858,2.9631005662098113,2.9633884211409915,2.0,3.6771458462792954,702400.1618588546,-0.21252378503774086,2.0296250553084483,2.040721496025999,3.0,4.699074495407156,329556.0467500016,-0.011350435633143263,2.2101934352245673,2.2102225800807567,2.0,3.923263738532,390796.6905069111,-0.013741191222726297,0.5223137718577675,0.5224944943332012,3.0,2.8301734467019246,21824.9373950593,-0.030271068497798384,0.27646352703504323,0.27811583803993345,2.0,3.698685963405765,6114.575743377217,0.0027681109945543424,0.4576344151091785,0.45764278682264636,1.0,2.0829001297488716,16754.347853849165,11.381233820390174,8.979480292202883,14.497018644964664,1.0,3.849159695644018,6450485.36139119,3.027733069644933,6.290331995464092,6.981077578295546,1.0,4.5501748038017125,3165468.059877611,6.861519086071403,6.642835828364909,9.550272876265403,1.0,5.2479172501762195,3530187.089686355,4.888769570390212,8.979480292202872,10.22404686170956,1.0,3.849159695643998,6450485.361391176,-0.3323547203550506,6.290331995464077,6.299105990003769,1.0,4.550174803801691,3165468.0598775954,-0.06902083892857167,6.642835828364898,6.64319439116565,1.0,5.247917250176186,3530187.0896863434,0.16954750131723167,0.9179470901412007,0.9334737358392116,1.0,3.388208185503762,67410.15257139485,-0.04293479423828468,3.3830626345456056,3.383335068510794,2.0,2.3387832231250605,915609.1034626586,-0.11444320579782952,3.0406082302059785,3.042761189602236,2.0,2.1736490535744473,739624.3601550733,10.618977798671954,9.529725695731235,14.268088916339428,1.0,3.7744420834017007,7265253.76926078,-1.8984364814301842,4.548335354919178,4.928632221502512,1.0,6.695614689451198,1654988.3606244514,9.022160509352517,7.96457677773063,12.034694159175217,1.0,4.9930339332907705,5074758.676269478,5.122381488671992,9.52972569573127,10.81917113051505,1.0,3.774442083401693,7265253.769260832,0.08173566856980428,4.548335354919185,4.549069709327873,1.0,6.695614689451221,1654988.3606244565,0.6897336643525636,7.9645767777306435,7.9943865165569425,1.0,4.993033933290785,5074758.676269494,-0.03435910792497272,0.8156341506762839,0.8163575295462294,2.0,5.370764785450592,53220.7312092792,-0.06079955017561609,4.394175010674364,4.394595613903127,2.0,2.1354410089295692,1544701.9220189182,0.06970261021819962,1.7485324123442154,1.7499211556208787,2.0,2.5173759053702947,244589.24921153087,4.0,HS_14_4,HS_14,healthy,gait_full,4.0,0.5
8.770489036441074,1.9952853077425774,8.994589562488466,2.0,3.0609205643714636,318493.0774368447,-1.8031845421305703,2.3322768100202578,2.948048441178826,0.25,1.3292434479938722,435162.6827776887,3.5324208659996206,1.8579405727976752,3.9912329356474876,0.25,1.533500972438372,276156.9402087841,0.4596181678694198,2.3322768100202507,2.3771335635159163,0.25,1.329243447993869,435162.6827776861,-0.5752232914411292,1.9952853077425792,2.0765464825786504,2.0,3.060920564371442,318493.07743684534,-1.342293954000352,1.857940572797682,2.2920942892895306,0.25,1.5335009724383801,276156.94020878605,0.7692792523043792,1.7310477626657994,1.8942853334849674,0.25,0.6600527851705237,239722.18764658598,0.1822069516566459,0.43140169095464154,0.4683020309485443,0.25,2.4321084409058873,14888.627974258412,0.26067813524050815,0.7273304903012493,0.772633633952292,0.25,1.1392310360553934,42320.80064970914,9.663992138379632,2.2518877376179094,9.92288982270272,2.0,4.077982773183411,405679.9563332191,0.18960741012396298,1.9565133466152063,1.9656793852145245,3.0,3.7801352533291728,306235.56722679804,2.438410828128888,1.8553090110891546,3.063987417298711,2.0,3.4367985082355124,275374.5740991859,0.0250656433797002,2.2518877376179147,2.2520272354729567,2.0,4.077982773183446,405679.9563332211,0.0969376501239628,1.956513346615208,1.9589133169936326,3.0,3.780135253329165,306235.56722679856,-0.22910617687109525,1.8553090110891537,1.86940128568189,2.0,3.436798508235509,275374.5740991856,0.6481604281958105,1.481430664424181,1.617018476757531,0.25,0.7816403430578396,175571.06385882146,0.045519340663062575,0.27781383755567784,0.2815182742058009,0.25,2.5414528488998425,6174.443542572937,0.14868363402920579,0.5210484095871123,0.5418470892801677,1.0,1.4466977441359892,21719.389803946666,9.639470257974594,7.25227492862917,12.062954799500826,2.0,3.4902372895366662,4207640.950004197,2.3872375555570287,5.270117100783806,5.785588768883925,1.0,4.009309363386144,2221931.117925835,6.599245934058001,5.518583584839522,8.602604935776215,7.0,5.307444757984521,2436381.689121853,3.1470060079746407,7.252274928629177,7.905639661321013,2.0,3.490237289536665,4207640.950004205,-0.9728502344429466,5.270117100783782,5.359157754221213,1.0,4.00930936338615,2221931.117925814,-0.33129399094196343,5.5185835848395275,5.52851883340326,7.0,5.307444757984512,2436381.6891218578,0.6745971781975306,1.6680250279103714,1.7992745334071358,1.0,2.1563141936691497,222584.74176966527,0.3443321490452799,2.5261839689625027,2.5495431108159914,2.0,2.3160605784727206,510529.43344379135,0.2483663759488676,2.642282057474494,2.6539292243678276,2.0,1.9783811425148905,558532.7062267534,8.76666775685211,7.305039692505093,11.411313178951199,1.0,3.4118066956015047,4269101.765835073,-2.9181080968921562,3.890847394435325,4.863542773733126,0.75,4.564158257203259,1211105.7130790842,8.182605845331548,6.139311499623192,10.229671749839268,1.0,4.371349747179452,3015292.187034862,3.2700714468521443,7.305039692505117,8.003559968950876,1.0,3.4118066956015185,4269101.765835102,-0.9379359468921669,3.890847394435328,4.002301498794998,0.75,4.564158257203287,1211105.713079087,-0.14982099966839896,6.139311499623196,6.141139309716665,1.0,4.37134974717947,3015292.1870348672,0.5663476415603852,1.8524051350890316,1.937047866111012,0.75,2.2231399509191245,274516.00152332505,-0.2163324682076993,3.4934806173014334,3.5001723615075933,2.0,2.1725106686386275,976352.96940432,0.1186814296077966,1.9529557684426413,1.9565585897762272,2.0,2.067591805600978,305123.01341670344,4.0,HS_14_4,HS_14,healthy,gait_full,4.0,0.5
8.323567553366525,2.0031289185012073,8.56120915990211,2.0,2.7576868535473538,321002.8509230903,-2.151541373662544,2.370638456739437,3.2014148395910276,0.25,0.8968805564026875,449594.8177098028,4.189133962593283,1.9414786347931159,4.617161752192644,0.25,1.3847631332592927,301549.7800085414,0.11126133633744302,2.3706384567394347,2.373247938487575,0.25,0.8968805564026884,449594.81770980207,-0.12830180836657498,2.0031289185012056,2.0072336232152805,2.0,2.757686853547355,321002.8509230896,-0.6855808574066908,1.9414786347931228,2.058970714070665,0.25,1.3847631332593062,301549.7800085435,0.7234580604466464,1.7416464898066897,1.8859279044229629,0.25,0.6189988332517425,242666.60563458718,0.21306034908627733,0.4009609604618089,0.4540533054248395,0.25,2.5117887559081704,12861.658952091415,0.3169508953329949,0.7035449745660496,0.7716433122171996,0.25,1.0628240463052496,39598.09359382186,9.615316835166416,2.0841230631296597,9.838591707297526,2.0,4.122943362483924,347485.5385583209,0.11059668457424915,1.8238658284282725,1.827215966093544,3.0,3.696175650747781,266119.2712854242,2.6919656633113793,1.8326002963471137,3.2565477086354817,2.0,3.60863959968684,268677.5727996507,-0.02360965983351485,2.084123063129664,2.0842567879957663,2.0,4.122943362483911,347485.5385583225,0.017926924574247743,1.8238658284282723,1.8239539288954199,3.0,3.696175650747768,266119.2712854242,0.024448658311394665,1.8326002963471106,1.8327633734513424,2.0,3.608639599686842,268677.5727996498,0.7239470539429336,1.4467217059837547,1.6177462815525796,0.25,0.7235139600445062,167440.36579066134,0.02945951055166601,0.2574327991449444,0.25911292680517695,0.25,2.3434399010778293,5301.753591097195,0.19028670248113363,0.49588421465752874,0.5311404555178014,0.75,1.415350118890444,19672.22491681823,9.683471248328356,7.170665516744595,12.04940078884556,3.0,3.9364730423648444,4113506.1388232517,2.3681716333265626,5.569937571652061,6.052473993086948,0.75,4.720387606954652,2481936.492073961,6.694349956077556,5.57002888281777,8.708590189569133,1.0,5.399939113748705,2482017.7687496794,3.191006998328398,7.170665516744602,7.848628518181438,3.0,3.936473042364844,4113506.13882326,-0.9919161566734135,5.569937571652056,5.6575703454726,0.75,4.720387606954693,2481936.4920739555,-0.23618996892238825,5.570028882817776,5.575034300956704,1.0,5.3999391137487045,2482017.7687496855,0.661844587289227,1.68771068164164,1.8128446162457876,2.25,2.2641100178135063,227869.494881953,0.3485210010970398,2.5295092486839557,2.5534063380870964,2.0,2.2211516193327334,511874.2826362425,0.3033960950139327,2.560446359175919,2.5783589254963943,2.0,2.134225846520653,524472.9609121149,8.611378174826406,6.4922084325668274,10.78446124763627,0.75,3.28830401517313,3371930.696024894,-3.1703150895116337,3.798958336567835,4.948028113275369,0.75,3.8798309678806087,1154567.1167093897,7.8850659014918145,5.522375030170642,9.626572092116753,0.75,4.423635250871273,2439741.5672098906,3.1147818648264463,6.492208432566863,7.200738600820334,0.75,3.288304015173156,3371930.6960249287,-1.190142939511648,3.7989583365678343,3.9810205550144646,0.75,3.8798309678806087,1154567.1167093893,-0.4473609435081407,5.522375030170652,5.54046548474303,0.75,4.423635250871291,2439741.5672099004,0.7322784023493902,1.9858353716991044,2.116547609206723,0.75,1.7863095696116438,315483.38639906986,-0.1691030684236239,3.271135068275218,3.275503088481249,2.0,2.334612543221781,856035.7938785203,0.24623558376684418,1.9789123386610459,1.9941730132608677,0.75,2.4169230671196096,313288.6521060983,4.0,HS_14_4,HS_14,healthy,gait_full,4.0,0.5
7.868874841107793,2.0582613599704236,8.133611196201015,2.0,2.9727064467807063,338916.58291936,-3.485813324257385,1.6613801871220042,3.8614865865016115,1.0,2.2329583661055,220816.52021623138,4.675575661085451,1.4796260522474973,4.904110624468433,2.0,2.1260384070142946,175143.4726588245,-1.2230106142573967,1.661380187122001,2.0629927505320493,1.0,2.2329583661055104,220816.5202162306,0.32639090389215447,2.058261359970423,2.0839795699792343,2.0,2.972706446780663,338916.5829193599,-0.199139158914521,1.479626052247499,1.4929667307420824,2.0,2.126038407014269,175143.47265882484,-0.037086008577914616,0.47751868196716335,0.47895664068879773,1.0,2.2182947482601447,18241.930031476422,0.060795871835139924,0.4275748997980184,0.43187548317713076,2.0,2.936561531820746,14625.68835349918,0.05878729368555171,0.3738523699566927,0.3784462186640357,2.0,2.46095236525998,11181.247665758016,9.555454069247066,2.6252543349976913,9.909523842895505,2.0,3.725408398649882,551356.9182169891,-0.14776438387677793,1.7461814737836745,1.7524223385154072,3.0,4.26576058346635,243932.30380720083,2.9810988136547034,2.0828167542941998,3.6366297266483025,2.0,3.851759297088034,347050.70091203536,-0.08347242575287561,2.625254334997697,2.6265810418270497,2.0,3.725408398649872,551356.9182169915,-0.24043414387677814,1.7461814737836727,1.7626566077733572,3.0,4.265760583466349,243932.3038072004,0.3135818086547135,2.0828167542941967,2.1062903842271545,2.0,3.851759297088058,347050.70091203426,0.045778597344553,0.5014260841183062,0.503511467405712,3.0,2.6132768821912395,20114.320253754227,-0.04104230758472533,0.2570385087246187,0.2602945753934474,2.0,3.63573651949458,5285.5343430354515,0.040042403470452896,0.43154993351579896,0.4334036677200379,1.0,2.3835935824617978,14899.022538360869,11.375401911795274,8.766802162100603,14.361636007234255,1.0,4.213636819677512,6148569.611336533,2.819296643623632,6.4329502364922435,7.023623161156433,1.0,5.499197413903517,3310628.25211887,6.804845251083068,6.515109347822928,9.420858172442545,1.0,5.162115158319295,3395733.0552653396,4.882937661795315,8.766802162100607,10.034933998706268,1.0,4.213636819677523,6148569.611336537,-0.5407911463763471,6.4329502364922515,6.455641239194194,1.0,5.499197413903551,3310628.2521188776,-0.125694673916875,6.5151093478229205,6.516321735852264,1.0,5.1621151583193035,3395733.055265331,0.0838579307896869,0.936083777865836,0.9398324274783796,2.0,4.22732750561247,70100.24135799657,-0.04701613539781771,3.345618049744652,3.3459483934700716,2.0,2.1984234190331193,895452.888757875,-0.03617722056853701,2.958962192392018,2.95918334127736,2.0,2.2142056220636896,700436.8332080138,10.507604681669866,8.889731247335735,13.763614270826828,1.0,3.783764869743517,6322187.103433452,-2.306965049157583,4.003217899082561,4.6203724184928685,1.0,6.1310245598418565,1282064.9422652794,8.45755723283987,7.433682068983057,11.26010228414832,4.0,5.198181566609488,4420786.4273894,5.011008371669889,8.889731247335746,10.204779593445577,1.0,3.7837648697435116,6322187.103433465,-0.32679289915759524,4.0032178990825615,4.016534220752367,1.0,6.131024559841815,1282064.9422652794,0.12513038783990596,7.433682068983062,7.434735147715839,4.0,5.198181566609458,4420786.427389406,0.11405533383446982,1.109480859829989,1.1153279327198722,2.0,3.9901204978179994,98478.24462439162,0.02354134091504104,4.229056316268594,4.2291218380301325,2.0,2.178424280661955,1430798.9040883053,0.15084583437495885,1.7039288107170796,1.710592838094442,2.0,2.979324981607168,232272.39031538946,4.0,HS_14_4,HS_14,healthy,gait_full,4.0,0.5
8.114742772533281,2.0762452389812633,8.376147357632476,2.0,3.0803738693873632,344863.62012090284,-3.4440599066985413,1.5804291685378469,3.7893673611427006,1.0,2.1283211985523516,199820.50893015167,4.334157948211836,1.445315934371539,4.568792320755684,2.0,2.2437184888697477,167115.27745954783,-1.1812571966985523,1.5804291685378433,1.9731003323494072,1.0,2.1283211985523574,199820.50893015074,0.0805229724666678,2.0762452389812633,2.0778061125829885,2.0,3.080373869387343,344863.6201209028,-0.5405568717881353,1.4453159343715365,1.5430942556388583,2.0,2.2437184888697166,167115.27745954727,-0.02487131639676643,0.43070391723719387,0.4314214258735553,3.0,2.286226514350432,14840.471787505236,0.0639570655437203,0.41358979311347877,0.41850570270978854,2.0,2.825953592487816,13684.52181540547,0.013978623581862436,0.3283130614440219,0.3286105114447641,3.0,2.846883290601758,8623.197026897094,9.597340814521404,2.7015811311896996,9.970330552117044,2.0,3.9322354292549107,583883.304537601,-0.11219359753428897,1.9035804735894775,1.9068838514075328,3.0,4.331349071071145,289890.0625113658,2.846753805383712,2.0173774617649043,3.4891000346369623,2.0,3.8220111210859113,325585.44717340934,-0.041585680478533636,2.7015811311896987,2.701901178285593,2.0,3.9322354292548756,583883.3045376005,-0.20486335753428567,1.903580473589476,1.9145724365224088,3.0,4.3313490710711475,289890.0625113653,0.17923680038372214,2.017377461764899,2.0253240861276454,2.0,3.8220111210859318,325585.44717340765,-0.033065532677672115,0.4725216793598016,0.47367717584475755,3.0,3.0384465637825833,17862.177290625084,-0.019025005515228163,0.27351770116784857,0.274178561683803,2.0,3.569605600151666,5984.956795743883,-0.0009415156568362282,0.43006746165580634,0.43006849225071175,1.0,2.086095145588691,14796.666593224134,11.328701429358949,8.384585959201578,14.09399722515936,1.0,3.660728605545416,5624114.270253672,2.683330854259305,5.956576845384957,6.533075247415735,1.0,4.64767097513592,2838466.0308584934,6.769978252881681,6.149077875320448,9.145696488581192,1.0,4.90371146165072,3024893.0855493313,4.836237179358982,8.384585959201583,9.679383852407883,1.0,3.660728605545433,5624114.27025368,-0.6767569357406699,5.956576845384948,5.994898469953365,1.0,4.647670975135956,2838466.0308584846,-0.16056167211827307,6.1490778753204385,6.151173771509689,1.0,4.903711461650745,3024893.08554932,0.08810920066896635,0.8692235347341004,0.8736777349676298,2.0,3.8450356584237073,60443.96686010964,-0.08399374356604453,3.3350102636967067,3.3360678062534364,2.0,2.280814093161891,889783.478973417,-0.06790699768084689,2.9245828960992406,2.925371169012618,2.0,2.2305767354538206,684254.8181441727,10.711893776333845,9.267813679631242,14.164640435811274,1.0,3.8513827060244026,6871398.081515274,-2.164550386337256,3.9211995819721426,4.478960207085041,1.0,6.436459646326009,1230064.62259158,8.663394979807991,7.77951261578824,11.643677645631156,4.0,5.084550955204725,4841666.947344077,5.21529746633385,9.267813679631224,10.634458052139182,1.0,3.8513827060244052,6871398.08151525,-0.18437823633726588,3.9211995819721506,3.9255320016137194,1.0,6.436459646325989,1230064.622591585,0.3309681348080241,7.779512615788219,7.786549713799197,4.0,5.0845509552046835,4841666.947344051,-0.050595177255330144,0.7493088639449914,0.751015076778111,4.0,6.061196876809169,44917.11830038961,0.08876950122752106,4.359033640523909,4.35993741968475,2.0,2.0961193027356426,1520094.0788297625,0.00317490550318676,1.6453707412875926,1.645373804431758,2.0,2.485694215598691,216579.59966012381,4.0,HS_14_4,HS_14,healthy,gait_full,4.0,0.5
8.194291756560538,2.0772381859909,8.453480695723789,1.75,2.621920255449507,345194.7686715353,-0.7103086677453309,1.6358456215815336,1.7834038525027418,1.0,1.6067441928854427,214079.32882628447,5.379572032320175,1.5710160728800104,5.604273971904722,1.75,2.565207886947655,197448.09283440193,-0.6006677227453323,1.6358456215815351,1.742639552746219,1.0,1.60674419288544,214079.32882628482,0.983581128439406,2.077238185990899,2.2983364239294684,1.75,2.6219202554494783,345194.768671535,8.423368334820156,1.5710160728800082,8.56861865211063,1.75,2.5652078869476274,197448.0928344014,0.20549356241624975,0.5245621557558567,0.5633764810903565,0.75,1.7789955638802213,22013.975566201538,0.08574532255222855,0.28731761623567975,0.2998394119173446,1.0,1.8797834758743288,6604.17918559728,-0.005750053188668535,0.3303080346483923,0.3303580797633926,1.0,1.5231628197807179,8728.320820698267,9.900591733204125,2.754992003076722,10.276755207973311,1.75,3.8711608778417648,607199.9624089052,0.47519316265688616,1.284608312354828,1.3696813709790219,10.25,7.8781236084986235,132017.6780153835,-0.34148476454389814,1.8843346332688087,1.9150271158790146,1.75,4.118767750531545,284057.6833813637,0.0738453982041803,2.7549920030767368,2.7559815093452102,1.75,3.8711608778417714,607199.9624089116,0.08687856765688746,1.2846083123548315,1.287542776644427,10.25,7.878123608498616,132017.67801538424,0.7508779104560943,1.884334633268806,2.0284315730502707,1.75,4.118767750531532,284057.6833813628,0.05383343635159454,0.3936581962484174,0.39732205368312834,1.0,2.6326559370399436,12397.44414159297,0.0014419603163966666,0.25457052424403115,0.25457460804926113,1.75,3.0672752285099727,5184.508477137627,-0.00813926434998341,0.1812096794064837,0.18139238003499353,1.0,3.3174476345310446,2626.959233916519,8.5200898789989,7.660195135670924,11.457334814989741,1.0,3.7117699212878312,4694297.247424258,-0.0688153511777112,3.965959781094535,3.9665567609473484,1.0,4.93799545898428,1258306.9686971703,10.91010132707027,6.132172740928366,12.515344721242215,3.75,4.053785484457854,3008285.0609771563,4.056157853998927,7.660195135670916,8.667814375787794,1.0,3.711769921287838,4694297.24742425,-0.1099652861777125,3.9659597810945333,3.967484007456558,1.0,4.937995458984304,1258306.9686971696,1.6756737170703448,6.13217274092838,6.356998106863444,3.75,4.05378548445785,3008285.0609771693,0.41004957594327207,1.563956139598551,1.6168176957589435,1.0,3.3118346359842255,195678.38490401622,-0.14916488470763936,4.313925244275459,4.316503350633116,1.0,2.0480556300402544,1488802.2767224058,0.06992816909674908,1.2185878927186715,1.2205926433965413,1.75,2.5744315190414317,118796.788014793,9.604046485280069,8.26549238855425,12.671072303347838,1.0,3.406853421901603,5465470.812489616,-1.8488290836355952,4.453388396212682,4.821912192068473,1.0,5.120571642397131,1586616.9425254427,9.525625140139708,5.869107205418654,11.188563522595686,3.75,4.641756214905022,2755715.0210684375,4.232272365280092,8.265492388554255,9.28603757256893,1.0,3.4068534219015993,5465470.812489621,-0.7353008886355965,4.4533883962126835,4.513683152853119,1.0,5.120571642397113,1586616.9425254443,0.8402805351397528,5.869107205418648,5.928953597932087,3.75,4.641756214905031,2755715.02106843,-0.17237569655260157,1.3081666255383142,1.3194746306520237,1.75,3.692228487391156,136904.6892833567,0.034339800853052035,4.136597348201965,4.136739881002208,1.75,1.9975650904190958,1368915.56420832,0.05875426093529852,1.4697634300504188,1.4709373214014339,2.0,2.808751137984832,172816.6307510924,4.0,HS_15_1,HS_15,healthy,gait_full,4.0,0.5
8.479663124160073,2.450884087664794,8.826750223633196,2.0,2.505015999794217,480548.1145197653,-0.6777370733836604,1.7535976580394088,1.8800085869271843,1.0,1.6245611424183617,246008.4082429852,5.141209441960436,1.6884293230955914,5.4113610215168775,2.0,2.6812784854584977,228066.47745492167,-0.5680961283836616,1.7535976580394093,1.8433225321049507,1.0,1.624561142418358,246008.4082429854,0.6982097608398661,2.4508840876648,2.548397473178111,2.0,2.5050159997941854,480548.1145197675,8.185005744460423,1.6884293230955798,8.357338847739697,2.0,2.6812784854584186,228066.47745491852,-0.02056538075473232,0.34237718641138654,0.3429942749676216,1.0,1.9913993814351127,9377.943010805475,-0.01360933014259626,0.2671347650940597,0.2674812079170958,0.75,2.042662654856695,5708.900736520228,-0.020719931644700953,0.35005853442552476,0.3506712036816074,1.0,1.445949470608926,9803.287858597118,10.024666070568871,3.2071161966853805,10.525185229983197,2.0,4.079948360060611,822850.2295498954,0.4592856355380843,1.4195840534124855,1.4920329016863687,10.5,8.53130251962779,161217.5245305502,-0.4003476319706554,2.1209206453058433,2.158374992930808,2.0,4.600514433334634,359864.56601584103,0.19791973556891446,3.207116196685402,3.2132174717515634,2.0,4.079948360060646,822850.2295499068,0.07097104053808378,1.4195840534124846,1.4213570182392876,10.5,8.53130251962778,161217.52453055003,0.692015043029337,2.1209206453058362,2.230961497530475,2.0,4.600514433334611,359864.5660158386,0.023525294120816227,0.4498570433568268,0.45047175152412927,1.0,2.820944998770001,16189.828191828201,-0.007376565870437552,0.25628684044503736,0.2563929763260705,2.0,4.059829526946882,5254.684177225306,0.005868149512187199,0.19670776129946677,0.19679527060919266,1.0,4.170949390411117,3095.5243283100776,9.312319288927638,8.37981299651398,12.527591803514287,1.0,3.998514373535273,5617733.306095085,-0.2320548928220708,4.520377399871901,4.526329783671899,1.0,4.7869396443875685,1634709.649232656,10.889022739412235,7.066513893700364,12.981002843744278,3.75,4.427593583887069,3994877.483091698,4.848387263927654,8.379812996513962,9.681328675216031,1.0,3.998514373535287,5617733.306095063,-0.27320482782207434,4.520377399871893,4.52862591910812,1.0,4.786939644387562,1634709.649232651,1.6545951294123091,7.066513893700368,7.257637608212143,3.75,4.427593583887055,3994877.4830917045,0.2947330337826967,1.6930280284024293,1.718491043374672,2.0,3.0793784412994483,229307.71915320653,-0.34960705846057166,4.467187391853492,4.480846827248199,2.0,2.0707981836734697,1596461.850998467,0.05059308145417138,1.3830609305013852,1.3839859816379594,2.0,2.7373836836095267,153028.89015928004,10.91193653098542,9.601547462782834,14.534788355401863,1.0,4.071019694453731,7375177.138029102,-1.6436654990344983,4.918592332016279,5.185960547602118,1.0,4.717221422556112,1935404.0976138106,9.889224147191541,6.610873811456616,11.895394351781666,3.75,4.579108476186851,3496292.290891977,5.5401624109854595,9.601547462782882,11.085265590871904,1.0,4.071019694453738,7375177.138029178,-0.530137304034509,4.918592332016279,4.947079551583774,1.0,4.717221422556098,1935404.0976138103,1.2038795421915787,6.61087381145662,6.719596602706921,3.75,4.579108476186839,3496292.290891981,-0.22536187343314323,1.50747232546465,1.5242246507779278,2.0,3.3006833434577625,181797.83730451216,-0.026276695972878992,4.716780919952933,4.716854111755344,2.0,2.0830811468494876,1779842.2902224266,0.0021748367673473656,1.7372174689930013,1.7372188303404423,2.0,2.692571272807946,241433.96824705377,4.0,HS_15_1,HS_15,healthy,gait_full,4.0,0.5
8.777112824906153,2.2681356477211887,9.065437047246851,2.0,2.419749905428679,411555.4599417039,-0.04966691257881358,2.1219741829803396,2.122555355094465,1.0,1.287400252065426,360222.7348248444,4.61990603204797,1.5429124242847478,4.87074024086334,0.25,1.7724943414594725,190446.3765432778,0.05997403242118686,2.1219741829803396,2.1228215463858326,1.0,1.2874002520654246,360222.7348248444,0.4007600600937974,2.268135647721195,2.30326896871165,2.0,2.419749905428671,411555.4599417062,7.663702334547952,1.5429124242847354,7.817474798268807,0.25,1.7724943414594245,190446.3765432747,0.722190978925818,1.2956655406207678,1.4833438587171681,0.25,0.576114906753631,134299.9727069167,0.14931261655973357,0.32407201519374196,0.3568149779586712,0.25,1.206819200652867,8401.813702415071,0.3394587116405389,0.6398378098156013,0.7243097678329903,0.25,0.9120642061044132,32751.448104728184,10.035725463712534,2.766490176353725,10.41005540229589,2.0,4.049092046619732,612277.8746419948,0.6697376410487286,1.7387238568919126,1.8632523066838276,1.0,5.81827465212878,241852.8543873799,-0.5975320226513067,1.9823461935398892,2.0704446259525633,2.0,4.29573591006857,314375.8729307916,0.208979128712581,2.7664901763537415,2.774372032028009,2.0,4.049092046619761,612277.8746420023,0.28142304604872975,1.738723856891913,1.7613516347885887,1.0,5.818274652128744,241852.85438737992,0.4948306523486891,1.9823461935398878,2.043172485510196,2.0,4.295735910068546,314375.8729307911,0.8097138855140336,1.3013275466704881,1.5326741206524186,0.25,0.6993008841357654,135476.3176647928,0.017224391134328138,0.3095735353753101,0.3100523398633152,2.0,2.5819945112112497,7666.863149509719,-0.029662833677307245,0.2658687209858554,0.26751833675548714,0.75,2.4106000734020014,5654.90969090906,8.133248515839883,7.858677349331503,11.309665826243837,1.0,3.4968162956969815,4940723.7137183845,-0.5197946330531475,4.49968762055769,4.5296109262442155,1.0,4.269481733840945,1619775.1105129353,10.683102964630782,6.003625171729155,12.254476902565973,3.75,4.392482004991966,2883485.3642888656,3.6693164908399085,7.858677349331503,8.673101705321212,1.0,3.496816295696993,4940723.7137183845,-0.5609445680531547,4.499687620557686,4.534517338265279,1.0,4.269481733840941,1619775.1105129325,1.4486753546308415,6.003625171729151,6.175935191186408,3.75,4.3924820049919555,2883485.3642888633,0.683872484588555,1.950178684537834,2.066610383406374,1.0,2.4266566348677214,304256.5590761157,-0.3215907427827519,3.683777216645703,3.69778787759946,2.0,2.057245186123934,1085618.1276782237,0.5984077947398619,2.1385545748325567,2.2206997902334034,2.0,2.1023908541870266,365875.81900336756,10.55868059271355,9.063283764827034,13.91505833479411,1.0,3.989242008696281,6571449.016524945,-2.9369246312256405,5.441386124467331,6.1833816997695905,1.0,4.198159284916653,2368694.7334678913,8.837626387377645,6.727176857436614,11.106689364257218,1.0,3.578654779558012,3620392.6825343943,5.186906472713581,9.063283764827077,10.442562490043146,1.0,3.989242008696293,6571449.016525008,-1.8233964362256538,5.441386124467337,5.738767944357576,1.0,4.198159284916647,2368694.733467897,0.1522817823776908,6.727176857436631,6.728900223102964,1.0,3.5786547795579975,3620392.682534412,0.41778445191481106,2.1285669272834578,2.1691798017192356,1.25,2.3946738100624474,362463.77402099257,0.06596613707930618,4.241597605377967,4.242110533353565,2.0,2.116734320253814,1439292.019680822,0.36628731945298576,2.192030683588098,2.2224232086134625,1.0,2.187627044574342,384399.88334279804,4.0,HS_15_1,HS_15,healthy,gait_full,4.0,0.5
8.445528447021736,2.2765027268330287,8.74696606914258,2.0,2.4325692018325276,414599.76816438837,0.32521915080434793,1.9382848772775434,1.965379292028061,1.0,1.3900298570060017,300556.56456783327,5.063699978858088,1.6605518533987136,5.329023356461604,0.25,2.0402134330551864,220595.72232329368,0.43486009580434754,1.9382848772775398,1.9864671073052718,1.0,1.3900298570059957,300556.5645678321,0.7323444379782166,2.2765027268330265,2.3913998078773515,2.0,2.4325692018325387,414599.7681643872,8.107496281358062,1.6605518533987058,8.275803792385407,0.25,2.0402134330551975,220595.7223232916,0.5825919678509582,1.361241546765805,1.4806728030344225,0.25,0.5792837764067025,148238.49889642283,0.1938913168306005,0.30167520041985973,0.35861088841621486,0.25,1.1138238106812128,7280.666579166275,0.25921929799909027,0.6979576282656904,0.7445397875932548,0.25,0.7535320017887112,38971.611943015945,9.9530476297477,2.7355990787051847,10.322144129948922,2.0,4.0282575962918425,598685.6709181404,0.6720258411306247,1.6489944239422438,1.780674406324732,1.0,5.606599002584076,217534.70261790752,-0.4722960075896385,1.85014090655829,1.909472412187577,3.75,3.927984695933424,273843.1966269342,0.12630129474775958,2.735599078705196,2.73851316163857,2.0,4.028257596291834,598685.6709181452,0.2837112461306274,1.6489944239422436,1.673222842712113,1.0,5.606599002584039,217534.70261790743,0.6200666674103583,1.8501409065582943,1.951282666902398,3.75,3.927984695933408,273843.19662693545,0.7802835079633524,1.3006680347698958,1.5167661947286992,0.25,0.6060634810152331,135339.00134975373,0.01356890159052532,0.31534435509541336,0.3156361471392583,2.0,2.396387445325331,7955.382892922153,-0.041030236791631654,0.2607797276994267,0.26398777757722897,0.75,2.1413664546265894,5440.488114222231,8.037243276215584,7.560098858862282,11.034145831773449,1.0,3.1181520795794664,4572410.452706423,-0.2797008257728734,4.165444567154266,4.174824666255221,1.0,4.18663502304546,1388086.513154047,10.509198484219446,5.674656172086832,11.94340719611131,3.75,4.432034559569161,2576166.697042229,3.573311251215618,7.560098858862282,8.362036118902793,1.0,3.118152079579459,4572410.452706422,-0.320850760772878,4.165444567154274,4.177783342003698,1.0,4.186635023045471,1388086.5131540531,1.274770874219489,5.674656172086839,5.8160780129879255,3.75,4.432034559569143,2576166.6970422366,0.674809946034717,1.8723642431766592,1.990255341003732,1.0,2.7053051762783067,280462.45721096784,-0.23611924594019065,3.7782751833861172,3.785646002955739,2.0,2.617090262877026,1142056.8079323315,0.5792182896429982,2.129156443363438,2.2065359701063127,1.0,1.9864962180048775,362666.2286211894,10.39061450653297,8.779098262697186,13.602846618611345,1.0,3.6823697240423856,6165807.449038944,-2.984097809848416,5.505040372004002,6.261813574048342,1.0,4.546521349810862,2424439.208917295,8.837644579061271,6.964633437830121,11.252114495913755,3.75,3.9896660722194364,3880490.7269095466,5.0188403865329985,8.779098262697216,10.112434184289556,1.0,3.682369724042396,6165807.449038987,-1.8705696148484288,5.5050403720040055,5.8141637559831585,1.0,4.546521349810846,2424439.2089172984,0.15229997406132165,6.964633437830137,6.966298457964654,3.75,3.989666072219426,3880490.7269095643,0.4035041031404694,2.173900064619987,2.211030766906236,0.25,2.4388034051964826,378067.60889649106,0.07088181690490228,4.201221633427098,4.201819539811722,1.0,2.0720668237023148,1412021.068803818,0.3404434660736439,2.2190841539259156,2.2450470453416633,1.0,2.2467175706810236,393946.88187238725,4.0,HS_15_1,HS_15,healthy,gait_full,4.0,0.5
8.288262467301534,2.399140340960046,8.628509089205457,2.0,2.5192001329422125,460471.86388468975,-0.11578098546907013,1.6565329684539591,1.6605742115819682,1.0,1.576978182935571,219528.42436539542,5.16565096534302,1.440972504669201,5.362867857309362,2.0,2.5907985162271685,166112.29165868709,-0.006140040469071449,1.656532968453956,1.6565443476320931,1.0,1.5769781829355674,219528.42436539455,0.8896104176984102,2.3991403409600496,2.5587655365233144,2.0,2.519200132942233,460471.8638846915,8.209447267842995,1.4409725046692015,8.334952081608355,2.0,2.5907985162272174,166112.29165868717,-0.08255024537666111,0.2953677088529995,0.30668652798063567,1.0,1.5074432796463562,6979.383676867208,-0.021313552375746222,0.1911791216006622,0.19236352058244946,0.75,2.467376960911427,2923.959398686328,-0.05870651837902979,0.38546098878660934,0.389905923495063,1.0,1.1309093914244859,11886.439905200485,9.802730461649388,3.115813735546056,10.286001153916242,2.0,3.7542356063794236,776666.609615905,0.48130590284077857,1.359110031608696,1.4418167186327004,10.5,8.532491963133745,147774.41015447146,-0.3346601960567756,1.9794779638276634,2.0075682942565294,2.0,4.298851371080791,313468.79027864477,-0.02401587335055642,3.1158137355460642,3.1159062881913355,2.0,3.7542356063794418,776666.6096159093,0.09299130784077797,1.3591100316086948,1.362287583938621,10.5,8.532491963133754,147774.41015447123,0.757702478943219,1.979477963827661,2.119539114023613,2.0,4.2988513710807785,313468.7902786441,-0.02959460900478449,0.39311181877928303,0.3942242292732677,1.0,2.566978121090756,12362.958486678821,-0.024859858530238966,0.2589029253089155,0.26009370868911336,2.0,3.208405100381427,5362.45912638734,-0.0007893559216126503,0.19634258945462096,0.19634417617163188,3.0,4.354254043658122,3084.0347524690155,9.614472561644348,9.060118786760361,13.210746953477688,1.0,3.96710616603467,6566861.302477642,0.05846593341029368,4.563697193048022,4.564071683837136,1.0,5.304943736275832,1666187.1782718666,10.602073332079147,6.996813454727907,12.702730315134826,3.75,4.447933979985507,3916432.740080212,5.150540536644371,9.060118786760379,10.421795442716443,1.0,3.9671061660347062,6566861.302477666,0.01731599841029615,4.563697193048017,4.563730043904361,1.0,5.304943736275798,1666187.1782718622,1.3676457220791973,6.996813454727905,7.129225297420679,3.75,4.447933979985516,3916432.740080208,0.39749603287784263,1.6504386361974765,1.6976309339803541,2.0,3.055975532621553,217916.05882355518,0.07127028598279397,4.454725620523845,4.455295703745782,2.0,2.197141728169105,1587578.376029268,-0.10520198468513295,1.4855349993852394,1.4892554152932245,2.0,2.7513921579065865,176546.00854540293,10.621429609960412,9.394659055605784,14.180070018530216,1.0,3.6966503735270333,7060778.185731082,-1.7335220430924798,4.942727622717762,5.237905595394471,1.0,4.890925371007321,1954444.7945269058,9.72272620670414,6.76756804459558,11.846154740199992,3.75,4.806014596450823,3664002.116762339,5.249655489960451,9.394659055605812,10.76190046108717,1.0,3.696650373527041,7060778.185731126,-0.6199938480924856,4.942727622717765,4.981460501103038,1.0,4.89092537100729,1954444.7945269078,1.0373816017042026,6.767568044595588,6.84661506335691,3.75,4.806014596450824,3664002.116762349,-0.3482573483320952,1.5656857335846617,1.6039498112527841,2.0,3.518990385025588,196112.38824978154,0.0238730605145735,4.633463012975729,4.633524513330263,1.0,2.0342144603036565,1717520.3540432872,0.03569962207153745,1.8334767134446208,1.8338242341510647,2.0,2.737300710501159,268932.7625992093,4.0,HS_15_1,HS_15,healthy,gait_full,4.0,0.5
8.944809775561614,2.216702769589119,9.215388927749425,1.75,2.3537394439179034,393101.7349835787,-0.4277058829543041,1.8291624667467956,1.8785014378671483,1.0,1.9090374909638879,267669.88331323775,3.843391113396467,1.5661076033329637,4.150222677851425,0.25,2.0749230598807356,196218.4945060416,-0.3180649379543044,1.8291624667467936,1.856609984490844,1.0,1.9090374909638763,267669.8833132372,0.23306310943833478,2.216702769589122,2.2289211699127334,1.75,2.353739443917917,393101.73498357966,6.887187415896449,1.5661076033329633,7.063005275865205,0.25,2.0749230598807724,196218.49450604152,0.10239759907156873,0.23593037546136908,0.257193332652626,1.0,2.261441726750202,4453.08370281592,-0.08436677071838958,0.18611426136879675,0.2043435105069454,0.75,3.079381422679899,2771.0856578532753,-0.01040047944578959,0.37259964051289385,0.37274476801564904,1.0,1.1275580163679142,11106.439436784172,9.945832085216898,2.8053391822874576,10.33390070568743,1.75,3.8210488958851427,629596.2512189909,0.4767146282059549,1.709770554710406,1.774985122895477,8.25,8.008785627441446,233865.24058999034,-0.3819616215796887,1.902542856573412,1.9405061199229192,1.75,4.241490999241937,289574.5202097099,0.1190857502169451,2.805339182287458,2.8078656206417705,1.75,3.8210488958852027,629596.2512189908,0.0884000332059562,1.7097705547104123,1.712054296926813,8.25,8.008785627441469,233865.240589992,0.710401053420305,1.902542856573409,2.0308468622225524,1.75,4.241490999241933,289574.520209709,-0.04952327605982086,0.4404444002761614,0.44321983778518387,1.0,2.6488636355195596,15519.325583748505,-0.02163167810090009,0.23804399466311485,0.23902483739694086,1.75,3.628551053377206,4533.209973627294,0.027515136434822698,0.2024336036888671,0.2042949990466928,2.75,4.498870333191469,3278.3517129307393,9.419527079779632,8.969827576635685,13.00712486144712,1.0,4.717168523548292,6436635.89985912,0.1478885823029102,4.497276194794755,4.499707124363002,1.0,5.677657309387899,1618043.1672939933,10.357136537270357,6.5060754270704475,12.231079049470269,3.75,4.612306254259176,3386352.0769319176,4.955595054779639,8.969827576635693,10.247718238785184,1.0,4.7171685235483185,6436635.899859131,0.10673864730290987,4.4972761947947335,4.498542687481742,1.0,5.677657309387875,1618043.1672939782,1.1227089272704127,6.506075427070435,6.602233924824416,3.75,4.612306254259174,3386352.0769319045,0.4554840155241516,1.5943827102219563,1.6581682408768768,1.75,2.836733731083643,203364.70209043776,0.18197641733131306,4.231542342466348,4.235453460085511,1.75,2.102566443615369,1432485.8030688737,-0.10286157651098303,1.4867344257929038,1.490288481053276,1.75,2.41739844656897,176831.07729771952,9.607022807871612,8.12617538609881,12.582909585489496,1.0,3.786960723050003,5282791.961364225,-1.7259220204836367,4.362526497872174,4.69152899015099,1.0,5.169174830368882,1522533.6727318717,9.414807346287365,5.425894312904488,10.866412768826507,3.75,4.731768634420526,2355234.405992899,4.235248687871645,8.126175386098808,9.163626894071834,1.0,3.7869607230499915,5282791.961364221,-0.6123938254836382,4.362526497872183,4.4052994951679985,1.0,5.169174830368853,1522533.6727318792,0.7294627412874293,5.425894312904498,5.4747095800358165,3.75,4.731768634420537,2355234.4059929075,-0.23687152759183,1.4588553632003307,1.47796044985042,1.75,3.3038146605648837,170261.09885753956,-0.30499732180381817,4.076976381834678,4.088368841524121,1.75,2.045354569628356,1329741.0209452158,-0.10004398203167732,1.6778194402354962,1.6807994741708212,1.75,2.378612175545785,225206.33473858464,4.0,HS_15_1,HS_15,healthy,gait_full,4.0,0.5
9.538930050240303,1.065144143653958,9.598214341748042,1.5,2.5789979161156573,90762.68050325736,-1.3117978212839227,0.6841243171396336,1.4794727456857786,0.75,1.5288211280388158,37442.09988356406,-1.1024565896894742,1.2213573261649633,1.6453340847154947,0.25,0.5646007570256225,119337.10754814459,-0.24026294628392855,0.6841243171396322,0.7250878323753626,0.75,1.5288211280388138,37442.0998835639,0.044327139759636126,1.0651441436539586,1.0660661058675465,1.5,2.578997916115705,90762.68050325746,-2.8182795546894663,1.22135732616497,3.0715490174433984,0.25,0.5646007570256217,119337.10754814591,0.07022996707155588,0.22803987215152155,0.23860937023879453,0.75,1.9024888138113885,4160.265189296781,-0.019693317208383066,0.2575912500206367,0.25834294809393227,0.25,1.6750026342667443,5308.307112827247,-0.0012584292600093868,0.13708002710126796,0.13708580332874298,0.75,3.060695516932226,1503.2747363209562,9.769949602056256,1.1146260410029707,9.833326316054052,1.5,3.019744159062745,99391.4072290255,0.22944020674651833,1.1569214449974532,1.1794532794336876,0.75,3.893215694706502,107077.72690681183,1.7940934913085527,1.5749643421535011,2.387317351047138,1.5,1.8278027620944062,198441.05955549466,-0.14399460794368615,1.1146260410029658,1.1238886325605402,1.5,3.0197441590627125,99391.40722902463,0.009652231746518752,1.1569214449974525,1.156961708732265,0.75,3.8932156947065155,107077.72690681173,0.6195476013085575,1.5749643421534951,1.69243963240707,1.5,1.8278027620943977,198441.05955549312,0.03127008746043532,0.3750104000443077,0.37631186336757305,0.75,2.2974535180739126,11250.633114532427,0.051412500538075424,0.1573209007157445,0.16550864331989054,0.75,2.654051279722379,1979.9892698491412,-0.0002762313000014593,0.1736373210915537,0.173637540812989,2.0,2.8104705187323282,2411.994373448726,8.198455087036086,4.350266800099192,9.281136085964539,0.75,4.5382539731898115,1514004.498058172,2.0649735198487305,2.0330517835361794,2.8978293932210875,1.5,4.849291258499365,330664.06781097903,7.78314739068085,3.111829594635195,8.38217553688239,4.25,4.933815644850894,774679.5629011083,2.703683612036117,4.350266800099182,5.1219846061890735,0.75,4.538253973189843,1514004.4980581645,-0.23659640015126093,2.0330517835361803,2.0467724375475114,1.5,4.849291258499394,330664.06781097956,-0.44888217931911145,3.1118295946351986,3.1440385870656455,4.25,4.93381564485091,774679.5629011099,0.14611646104139767,0.7124232143686408,0.7272529522515592,0.75,3.201312252071843,40603.74717654993,0.021301380191152398,3.0018022814580547,3.0018778599011706,1.5,1.9565478350591725,720867.7221152188,-0.055228220970652345,1.1413150078095464,1.1426504729981466,1.5,1.9356903482690857,104208.50745569354,6.890018871789087,2.715170956572674,7.40570816175101,0.75,2.808895304224086,589773.5267918276,-2.9058585909407655,2.079018565033827,3.5730004679959904,0.75,3.2755385692756276,345786.5469724076,7.948161551083586,2.3645877584490083,8.29243916525954,1.5,3.942188404942162,447302.3811658916,1.067876476789119,2.715170956572672,2.9176212045252377,0.75,2.8088953042241007,589773.5267918266,-0.6519197159407737,2.079018565033829,2.178833979399904,0.75,3.275538569275632,345786.5469724084,-0.10780221891637588,2.364587758449008,2.3670438495748654,1.5,3.942188404942178,447302.3811658915,-0.01296562425468884,0.6418465164117378,0.6419774591387123,2.0,3.5990355505589533,32957.38771948395,-0.009047038541287477,1.63353337830506,1.6335584308322462,0.75,1.791879570532081,213474.5185787716,0.04132661149146993,0.7546049160091978,0.7557357131184256,2.0,2.440271908461886,45554.53339526967,4.0,ACL_1_1,ACL_1,ortho,gait_full,4.0,0.5
9.667603990219876,1.0955154948904189,9.729476918686855,1.5,2.9518517128539665,96013.12964994267,-1.4596655933103038,0.682077928427594,1.6111653995608266,0.75,1.5573516803986018,37218.470367122434,0.09039936430225844,0.9193534261499657,0.9237871872027308,0.25,1.0030660356696164,67617.22056605604,-0.38813071831030915,0.6820779284275926,0.7847775193926956,0.75,1.557351680398607,37218.47036712229,-0.08434680021993186,1.0955154948904262,1.0987577450249697,1.5,2.9518517128539923,96013.12964994392,-1.6254236006977312,0.9193534261499657,1.8674079907398002,0.25,1.0030660356696148,67617.22056605601,0.10593036592294061,0.1752266139967532,0.20475743863736734,0.75,1.9921738561719298,2456.364626265712,0.05249008018839783,0.21970041424786801,0.22588377661724457,1.5,2.246409102687999,3861.4690685773594,0.0016932501833671954,0.12716568023368885,0.12717695280781136,2.0,2.970985258827085,1293.6900024492193,9.819238987448681,1.1716809897298366,9.88889734168206,1.5,3.403910568166723,109827.7238473429,0.3406746275458948,1.191070682369709,1.2388335530870074,0.75,3.894911275810964,113491.99805845985,1.9546679070827966,1.6215542830890557,2.5397174882226374,1.5,2.257209198365126,210356.81094813353,-0.09470522255126415,1.171680989729822,1.1755021994333907,1.5,3.403910568166697,109827.72384734017,0.12088665254589508,1.1910706823697106,1.1971896061879257,0.75,3.8949112758109754,113491.99805846014,0.7801220170828022,1.6215542830890517,1.7994523207192203,1.5,2.257209198365134,210356.81094813257,0.04919364769759839,0.4454297200551997,0.44813798152159456,0.75,2.2394972698092404,15872.66396136256,0.0521619920662387,0.1562171229332048,0.16469566756246617,0.75,2.608322564919867,1952.306795476832,0.032967720738122305,0.16713635022367887,0.17035677320482173,2.0,2.971765182763816,2234.7681566517613,8.712507534411964,4.403027714956307,9.761887143163385,0.75,4.247119891302626,1550932.318608657,1.8403947989651337,2.0237651878143144,2.7354485101107318,3.5,5.101187915729611,327650.86754795216,7.465798513476903,3.414071608256349,8.209386846174082,3.5,4.6452168291772225,932470.9633660531,3.2177360594119806,4.403027714956302,5.453483144442043,0.75,4.247119891302673,1550932.3186086537,-0.4611751210348551,2.0237651878143157,2.075646412005336,3.5,5.101187915729644,327650.8675479525,-0.7662310565230596,3.4140716082563607,3.4989991395086997,3.5,4.645216829177223,932470.9633660595,0.20728097127906828,0.7445094926308771,0.772825844334854,2.75,3.1112951166903766,44343.5511989741,0.011988913110236315,3.0942495474933573,3.094272773399335,0.75,1.8528621803965728,765950.5404119686,-0.10826563201421559,1.115360410771004,1.1206026472352724,0.75,1.9283080862497886,99522.32655306769,7.31852618228963,2.7101659746486826,7.804218416408031,1.5,3.877257010987178,587603.5474577042,-2.8293624075134676,2.070262908128362,3.5058922033945237,0.75,3.8074163288565126,342882.33348188887,7.814638839089983,2.5203808463789503,8.211023066354612,3.5,4.527922154496639,508191.2199493848,1.4963837872896604,2.7101659746486764,3.095830106612241,1.5,3.877257010987195,587603.5474577016,-0.5754235325134814,2.0702629081283637,2.14874399371875,0.75,3.8074163288565113,342882.33348188957,-0.24132493090997642,2.5203808463789574,2.531907844506315,3.5,4.527922154496627,508191.2199493876,0.0003525626434873308,0.6298092395289708,0.6298093382099682,2.0,3.95366444830566,31732.774316454317,-0.14700606028357535,1.7985038170945868,1.80450180433933,2.75,1.9658312754115805,258770.01675182386,-0.019384391118260114,0.7431708208282136,0.7434235828580544,1.25,2.0692822019779706,44184.23069388073,4.0,ACL_1_1,ACL_1,ortho,gait_full,4.0,0.5
9.707920703223936,0.9973235346792434,9.759015248113357,1.25,2.707496181835613,79572.57937740338,-1.2331412297756699,0.7343892240505903,1.4352577555875736,0.75,1.1407364879052586,43146.210137854534,1.0276002344075155,0.7379000491771895,1.265092377785148,1.25,1.3832226318825327,43559.860088802125,-0.16160635477567645,0.7343892240505896,0.7519602026074975,0.75,1.140736487905268,43146.21013785446,-0.12466351322398836,0.9973235346792573,1.0050846851656208,1.25,2.7074961818356496,79572.5793774056,-0.6882227305924757,0.7379000491771883,1.0090327098166145,1.25,1.3832226318825365,43559.860088801965,0.02961182120035656,0.17227524316216034,0.17480165720433932,2.0,1.8868050372968186,2374.3009025583124,0.016519702452682247,0.2263397616830052,0.22694181696603366,1.25,2.3423694117329,4098.380337338683,0.009261383529807593,0.10155778767049256,0.10197920112165539,0.75,2.7321162830428256,825.1188315894755,9.81776279469461,1.086552403960664,9.877705321553302,1.25,2.6664270133259294,94447.73020569886,0.0907921736155625,1.0298078320484605,1.0338023939506953,0.75,3.292644968629948,84840.55610747938,1.9215867943723008,1.469376151084828,2.4190002235805763,1.25,1.640917645527704,172725.68013081755,-0.09618141530533864,1.0865524039606687,1.0908010777418795,1.25,2.6664270133259538,94447.73020569964,-0.12899580138443653,1.0298078320484636,1.0378555235306932,0.75,3.2926449686299337,84840.5561074799,0.7470409043723094,1.469376151084829,1.64837386116811,1.25,1.6409176455277006,172725.68013081775,-0.005294070975365943,0.411872293762683,0.4119063164808547,2.0,1.9571609838096922,13571.103231264893,0.03984174124532811,0.17836966343020802,0.18276515307263957,0.75,1.792617351417515,2545.260856416653,0.004222294329358245,0.1504212661553497,0.1504805139583936,2.0,2.6226544229690947,1810.125148197389,7.940243621323228,3.9213386806720694,8.855753260705674,0.75,3.7525096789427645,1230167.1756018675,2.122275415526854,1.9030504357837117,2.850553262173197,1.25,4.612079868647354,289728.33503887773,7.4830968204434365,3.3671536174806858,8.205757826541307,4.0,4.638147914744254,907019.2229306024,2.4454721463232447,3.921338680672073,4.621388434981181,0.75,3.7525096789428125,1230167.17560187,-0.1792945044731353,1.9030504357837126,1.9114778263089651,1.25,4.612079868647366,289728.335038878,-0.7489327495565103,3.3671536174806915,3.449438178467848,4.0,4.638147914744254,907019.2229306058,0.04176650364355105,0.6180047482957679,0.6194144894517096,2.75,3.401827125262704,30554.399631337084,-0.13068588961315875,2.498700080995923,2.50211528441697,1.25,2.238968363212423,499488.64011977665,-0.00016817821917069153,0.8712782746697414,0.8712782909010156,1.25,2.7173089039895766,60731.72991576677,7.2343726722803705,2.4059532064534928,7.623959521999108,1.25,3.3025884606179057,463089.2410148892,-2.7498441279293773,1.8071487894954976,3.290505960377936,0.75,3.0424414179412977,261263.11986001613,7.858971656716688,2.4186783170288857,8.22273922135087,1.25,4.059555539696117,468000.6816274422,1.4122302772804034,2.405953206453495,2.7898037901815496,1.25,3.3025884606178963,463089.24101489014,-0.4959052529293949,1.8071487894954996,1.8739553802740387,0.75,3.0424414179412698,261263.11986001677,-0.19699211328327565,2.418678317028903,2.426687185024386,1.25,4.0595555396961185,468000.6816274489,-0.06322194692751365,0.5997379698833842,0.6030610641495175,2.0,3.652256761931875,28774.906946075553,0.039633648142858045,1.694290168600542,1.6947536698533994,1.25,1.6649013326313122,229649.5358751023,0.033330604822722536,0.7100977453869151,0.7108795518380231,0.75,1.8361308547734678,40339.13136906012,4.0,ACL_1_1,ACL_1,ortho,gait_full,4.0,0.5
9.639805450355993,0.90640475830073,9.682325067182125,1.25,2.560430645619186,65725.71921590406,-1.1508133025243437,0.7849356982788388,1.393016621472793,0.75,1.2247313857769224,49290.29819610671,1.263164272341292,0.6299076988485034,1.4115125532520503,1.25,1.5702779247902718,31742.746650181547,-0.07927842752434927,0.784935698278838,0.7889290966260659,0.75,1.224731385776924,49290.2981961066,-0.0565482603560501,0.9064047583007396,0.9081669954471577,1.25,2.5604306456192316,65725.71921590544,-0.45265869265869974,0.6299076988485033,0.7756826677888968,1.25,1.5702779247902783,31742.746650181525,0.12514693501627508,0.20794868491686969,0.24270230922392008,0.25,1.3772204213223684,3459.4253257473233,-0.024668755694145342,0.25830031015685145,0.25947562069416674,1.25,1.9086829126277784,5337.526257861971,0.004630397131955838,0.1020605305821795,0.10216551512284182,0.75,2.097084872422231,833.3083774886597,9.773839286611222,0.9971696041951278,9.824575391335529,1.25,2.459406721001286,79547.81904173488,0.09226467405672506,0.9873383981981593,0.9916399964882925,0.75,3.0081743875664193,77987.25019983425,1.9209928102176541,1.3531623917321554,2.3497365459357797,1.25,1.4872196589476132,146483.9700103541,-0.14010492338872324,0.9971696041951421,1.0069640555096575,1.25,2.459406721001291,79547.81904173717,-0.12752330094327433,0.9873383981981607,0.995539705305609,0.75,3.0081743875664086,77987.25019983444,0.746446920217661,1.3531623917321547,1.5453903918106637,1.25,1.4872196589476112,146483.97001035395,0.03174091051226826,0.3804374097108294,0.3817592279272805,0.25,1.6572445775974656,11578.610362475776,0.0368035836258627,0.2006163002042878,0.20396422155702407,0.75,1.5366839615566263,3219.7575919200954,-0.0033891626095705306,0.14456358014745782,0.14460330261873194,2.0,2.4358117222690927,1671.8940294648985,7.434616681313603,3.6574415119410855,8.285553910954679,0.75,3.6551697872160727,1070150.7538618064,2.283028173369206,1.7763876434391561,2.892709923265873,1.25,5.424862095188396,252448.77425514723,7.730499795387368,2.727240823898593,8.197467267273668,0.75,4.647948229523259,595027.6476975816,1.9398452063136238,3.657441511941083,4.140033555145154,0.75,3.6551697872160647,1070150.753861805,-0.018541746630785186,1.776387643439159,1.7764844092002183,1.25,5.424862095188412,252448.77425514805,-0.5015297746125764,2.7272408238985815,2.7729721647290217,0.75,4.647948229523244,595027.6476975768,0.08921794334093638,0.5887629389056036,0.595484373970258,1.25,3.6145591437538003,27731.643606170135,-0.0863798783881487,2.5188233887855347,2.5203040981761298,1.25,1.8928307118498868,507559.9063521775,0.051344685430897735,0.992270363292774,0.9935978817364555,1.25,2.066444564915126,78768.50687185953,7.072757526873434,2.0939240323383026,7.376206131009945,1.25,2.8899685306344867,350761.4284945019,-2.628474893919586,1.4821626420855871,3.0175629845223955,0.75,2.9455553478122223,175745.04236548048,7.811781398893488,2.1260971525645,8.095938347482717,1.25,3.862066928617932,361623.2549358862,1.2506151318734653,2.09392403233831,2.4389661869888255,1.25,2.889968530634461,350761.42849450425,-0.37453601891959737,1.482162642085588,1.5287522124472206,0.75,2.9455553478122622,175745.04236548068,-0.2441823711064688,2.1260971525645083,2.140073394185837,1.25,3.8620669286179488,361623.2549358891,-0.02831284347793338,0.5321849597489529,0.5329375652820887,2.0,3.326483440325117,22657.668694526743,0.06907190958832256,1.384867078930474,1.3865885312520083,1.25,1.723550582313331,153429.2763886247,0.07584121267189266,0.6719143321026668,0.6761810106950034,1.25,1.7572855043768065,36117.54801532183,4.0,ACL_1_1,ACL_1,ortho,gait_full,4.0,0.5
9.656864258569525,0.644683422438814,9.678359572965089,1.25,2.9081269917517507,33249.35388292048,-0.7272274960492338,0.9602664930957994,1.20456281229853,0.5,0.8405337355865368,73768.95121362824,0.8623143687153072,0.5751343314436443,1.0365160730533833,1.0,1.9850164156383283,26463.002834406747,0.3443073789507609,0.9602664930957997,1.0201271043171278,0.5,0.8405337355865351,73768.95121362827,-0.07360706856958227,0.6446834224388214,0.6488718792726642,1.25,2.90812699175175,33249.35388292122,-0.8535085962846836,0.5751343314436449,1.0292018379001173,1.0,1.985016415638316,26463.0028344068,0.7119467971600487,0.6486908636841262,0.963155272328252,0.25,0.5485887554350571,33663.990239642975,-0.04291655443883959,0.23866777074977938,0.24249564004239568,1.0,1.9982018323154853,4557.029712799999,0.04519018085317341,0.15293057269281193,0.15946759078161918,0.75,1.4225183792050098,1871.0360439210822,9.71400889531497,0.6886304915367023,9.73838696972617,1.0,3.0227680559077297,37936.97422918325,0.09805800742061824,1.0040033081339932,1.0087804595467262,0.5,2.4033747424600684,80642.12050972367,2.0177530617789428,1.0067258391742588,2.254955505897935,1.0,1.4851917588045158,81079.75338792408,-0.1999353146849749,0.6886304915367091,0.7170676982909421,1.0,3.0227680559078043,37936.97422918399,-0.1217299675793803,1.0040033081339925,1.0113559352428192,0.5,2.4033747424600724,80642.12050972352,0.8432071717789493,1.0067258391742597,1.3132003844808195,1.0,1.4851917588045207,81079.75338792421,0.5839657802562045,0.8575959905453688,1.0375388742161569,0.25,0.7007045837250947,58837.80882600724,0.050086384636309725,0.20174998661088933,0.20787424810069763,1.0,1.4607874115862547,3256.262121529807,0.1088656076744341,0.20164207738383583,0.22915332837642272,0.25,1.1901324629714878,3252.769056451241,7.2015639298497724,3.1153543707474225,7.8465250838220335,0.5,3.4938695857759012,776434.634206471,1.9461674951179677,1.8261585183621452,2.668786775529355,1.25,4.07727495491038,266788.3947861899,7.576508128937965,2.0001928447003374,7.836086194258807,3.25,4.444138550235126,320062.49654905446,1.7067924548497921,3.1153543707474096,3.552263129227221,0.5,3.4938695857758884,776434.6342064647,-0.35540242488202084,1.8261585183621516,1.8604208711468138,1.25,4.077274954910392,266788.39478619175,-0.6555214410619875,2.000192844700332,2.1048704890520913,3.25,4.444138550235107,320062.4965490527,0.4121777267851877,0.9167062273640709,1.005107350359091,0.5,2.446455697955922,67228.65126994585,0.2573491209946697,2.0591876226220007,2.0752065524271015,1.25,2.106038810501426,339223.84294355323,0.4156243618397341,1.7403789217148158,1.7893189769585276,1.25,2.1121434196813604,242318.0652168315,6.473222679495486,1.5860513617035465,6.664695850546849,1.0,3.011542856516322,201245.34953886937,-3.056072614518206,1.4114139519228714,3.366254471796611,0.5,2.4170137029936867,159367.35577844462,7.657674112488942,1.5399678904818186,7.810984183622339,1.0,3.568949608952536,189720.2686444367,0.6510802844955215,1.5860513617035428,1.7144866458565464,1.0,3.0115428565162508,201245.34953886838,-0.8021337395182152,1.4114139519228732,1.623424737940142,0.5,2.417013702993727,159367.35577844505,-0.398289657511006,1.5399678904818195,1.5906400457033825,1.0,3.5689496089525115,189720.26864443684,0.3947082736919922,0.7655445509192706,0.8613089345659317,0.25,1.2561900087856936,46884.71188781484,-0.16080214175305593,0.9669194579459549,0.98019924859534,1.0,1.5853900057345953,74794.72266548719,0.4695030794667639,0.9696797306578302,1.0773634120747821,0.5,0.9194749096228291,75222.34007240648,4.0,ACL_1_1,ACL_1,ortho,gait_full,4.0,0.5
9.719583724799639,0.4537140606418474,9.730167739161239,1.0,4.026059873097334,16468.610669100806,-0.5380212125014757,0.7811053311320826,0.9484684303784277,0.25,0.9066148821134055,48810.074420426725,0.681426602801713,0.6402413420573088,0.935014005823029,0.5,0.9254945246664908,32792.72188714808,0.533513662498519,0.7811053311320821,0.9459187948209631,0.25,0.9066148821134073,48810.07442042667,-0.13632653479968296,0.453714060641865,0.4737524384260403,1.0,4.026059873097386,16468.610669102087,-1.0343963621982786,0.6402413420573091,1.2165051624256988,0.5,0.9254945246664922,32792.72188714812,0.6998229546441138,0.6629495784946221,0.9639783770775227,0.25,0.5052850212652206,35160.17983201241,-0.05865145321999294,0.17001954761698737,0.17985171541217518,1.25,2.170684409197376,2312.57292707767,0.07393451566194469,0.14483333146278585,0.162613057620769,0.75,1.2309341990704492,1678.1417730853284,9.785491128166056,0.49199708963303296,9.797851690836312,2.0,3.6845747858201383,19364.91430486847,0.18479863995702617,0.8275585016730606,0.8479408063192427,0.5,1.8394496298892455,54788.45829907288,1.6135477127611848,0.8136088914887907,1.8070682470970676,0.25,1.4295835743024004,52956.85103439177,-0.12845308183387985,0.4919970896330306,0.5084892628561529,2.0,3.684574785820439,19364.91430486828,-0.0349893350429728,0.8275585016730597,0.828297849362238,0.5,1.839449629889248,54788.458299072765,0.43900182276119176,0.8136088914887946,0.9244901452677978,0.25,1.4295835743024166,52956.85103439227,0.705073479610966,0.8125206488060658,1.0757873471959714,0.25,0.5721064315479646,52815.227343749684,0.05161538387468717,0.17381452488637036,0.18131640001391486,1.25,1.4708183081180697,2416.921157606913,0.14090074117096152,0.18812012729303665,0.2350365953533079,0.25,1.1240203156703492,2831.1371617101154,6.704099999919017,3.1399936450169457,7.403007287559628,0.5,2.54353008472275,788765.340433841,2.256902571143887,1.9917072270662146,3.010067589603874,1.0,4.208575765772183,317351.95503860427,7.631213082113294,2.169929497501498,7.933725929772478,0.5,4.130327131346777,376689.9137614886,1.2093285249190553,3.1399936450169457,3.3648232601326478,0.5,2.543530084722735,788765.3404338411,-0.0446673488560992,1.9917072270662182,1.9922080339165475,1.0,4.208575765772166,317351.95503860543,-0.6008164878866594,2.1699294975014918,2.2515715569893704,0.5,4.130327131346772,376689.9137614865,0.47582988475854804,0.9710098751911188,1.0813298557554052,1.5,2.453018898987899,75429.38679181239,0.36555709219465526,1.7043126770061452,1.7430759273932,0.5,1.964396881988656,232380.02060183487,0.462547749111959,1.7716923117743215,1.831077297060061,1.25,1.8421491750788708,251112.23433871465,5.806196205362305,1.2312131086364246,5.935301179724732,0.5,2.4945403130713966,121270.95504375859,-3.064145419964112,1.1619265438165698,3.2770505714609532,0.75,2.0707696422292563,108005.90576750196,7.867968870097754,1.1628201553950979,7.953432268814541,0.5,2.1941117219889255,108172.09935391815,-0.01594618963765683,1.2312131086364286,1.231316368705516,0.5,2.4945403130713495,121270.95504375939,-0.810206544964121,1.1619265438165742,1.41651259744777,0.75,2.070769642229275,108005.90576750274,-0.18799489990219434,1.1628201553951034,1.1779188410847024,0.5,2.1941117219888944,108172.09935391921,0.47582139083731584,0.6874148966360052,0.8360294469068942,0.25,0.7687356273441588,37803.141127496514,-0.23472576244390722,0.41485758582030036,0.47665815850305276,1.5,1.93894928388962,13768.6603622862,0.584918345759035,0.9471614300879372,1.1132134772143718,0.75,0.935939835587702,71769.18223797414,4.0,ACL_1_1,ACL_1,ortho,gait_full,4.0,0.5
9.701173105880626,0.8518223782599825,9.73849890868023,1.25,3.042534557184754,58048.207927214746,-0.8688685809939735,0.6184183445679697,1.0664773133717702,0.75,1.335092398799088,30595.594985006595,0.2946224066851262,0.7977913336202744,0.8504548045137683,0.25,0.8667139763442336,50917.704751275094,0.20266629400602085,0.6184183445679685,0.650780205310765,0.75,1.3350923987990972,30595.59498500648,-0.11791591588067142,0.8518223782599822,0.8599450722705897,1.25,3.0425345571847586,58048.20792721471,-1.4212005583148655,0.7977913336202737,1.629810430373453,0.25,0.866713976344231,50917.704751275,0.1084684637504128,0.21318823326436334,0.23919579935850718,0.25,0.9807195505000597,3635.9523156757577,-0.039360561695055016,0.1763137277408543,0.1806537694232432,1.25,2.1459579050428834,2486.930085076165,0.02701046618584969,0.1253648753965602,0.1282416362449107,0.75,2.4329199178102687,1257.315234061122,9.801303997699547,0.88547058467248,9.841220361908443,1.25,2.984802481734279,62724.65287170388,0.23521968663171158,0.9728849356147139,1.0009162796783588,0.5,4.2247892528944435,75721.04885266232,1.7381420467738156,1.3929213497910964,2.227412773032183,1.25,1.7076168404074863,155218.4005477976,-0.11264021230038797,0.8854705846724854,0.8926062814854654,1.25,2.9848024817343775,62724.65287170465,0.015431711631712659,0.9728849356147137,0.9730073153218994,0.5,4.224789252894445,75721.04885266231,0.563596156773823,1.3929213497911004,1.502621214622662,1.25,1.7076168404075016,155218.40054779843,0.16537843567249794,0.4596328935574379,0.4884797066669869,0.5,1.3134273508900096,16901.049755267188,0.04430498667109721,0.16523540737680087,0.17107212424852694,0.5,2.1898139548838906,2184.2300357082277,0.03826866418237838,0.16194702239255865,0.16640711739622058,2.0,2.094496074888388,2098.1498826718675,7.20576740915405,3.968211306169265,8.22616465463926,0.5,3.8327601125406336,1259736.0915222613,2.623075152665219,1.8934630364979066,3.235077360298133,1.25,6.358990579587114,286816.1999051886,7.696283814719386,2.7348168602830203,8.167741904345402,4.0,4.508197858323398,598338.0129035462,1.7109959341540855,3.9682113061692617,4.3213664571639105,0.5,3.8327601125406314,1259736.091522259,0.3215052326652365,1.8934630364979073,1.92056447046565,1.25,6.3589905795871084,286816.1999051888,-0.535745755280567,2.734816860283018,2.7867986603968022,4.0,4.508197858323382,598338.012903545,0.2155955953603042,0.7247188360207794,0.7561076986925059,0.75,3.6296295165276393,42017.90721339126,-0.022637643110365122,2.370029352588588,2.370137463316647,1.25,1.764236176229216,449363.39319901826,0.0495906726826157,1.1386625168596625,1.1397418839887807,2.0,4.155941593039736,103731.29922544505,6.13116993761449,2.0727527015162375,6.472059066908345,0.25,2.5954256534882023,343704.4130016963,-3.0238115282843,1.6383559297133061,3.439134529356447,0.5,3.9539936341872246,214737.26876538203,8.093137070718992,1.75376312274497,8.280975349326079,1.25,4.41043364469371,246055.17691361764,0.30902754261452287,2.0727527015162415,2.095662612096052,0.25,2.5954256534881766,343704.41300169774,-0.7698726532843108,1.6383559297132981,1.8102248630216498,0.5,3.953993634187179,214737.26876537997,0.03717330071904584,1.7537631227449801,1.754157046842321,1.25,4.410433644693685,246055.1769136204,0.016620534821048086,0.7136360382692587,0.7138295575936742,2.0,3.357390052222613,40742.11183323097,-0.048545753078172174,1.3400496962064294,1.340928737273115,1.25,1.749642534345584,143659.10536443113,0.13314082873140617,0.7080932302182618,0.7205015634654917,0.5,1.8862744998200276,40111.944108642456,4.0,ACL_1_1,ACL_1,ortho,gait_full,4.0,0.5
9.761901814619835,1.1586486221135475,9.830421845872314,1.25,2.9317960130495906,107397.68841961982,-0.9527151593641144,0.6526591847617453,1.1548290723462307,0.5,1.2886702631175742,34077.12153294095,0.025182141431267846,0.6659620339509195,0.6664379722908276,1.25,1.4319627071966392,35480.434831498715,0.11881971563587918,0.6526591847617454,0.6633868677307815,0.5,1.2886702631175668,34077.12153294097,-0.17864462461988473,1.1586486221135497,1.1723397679133838,1.25,2.9317960130496012,107397.68841962024,-1.6906408235687242,0.6659620339509188,1.8170778257909537,1.25,1.4319627071966328,35480.43483149864,-0.020647874496916564,0.1360309665615432,0.13758909326290406,0.25,1.6488365177792397,1480.3542453903374,0.024229253917848873,0.2048530278141642,0.20628092434843878,1.25,2.2802618958606646,3357.1940960376837,0.011289372927848134,0.13384524795312444,0.13432051347704638,1.25,2.5426550426993475,1433.164055903001,9.820591977482536,1.2032785197795326,9.894033858055934,1.25,2.880742153767374,115830.5886761325,0.13539744515026922,1.1691725305946403,1.1769863527035032,0.75,3.877347659504895,109357.20721291914,1.932523972532517,1.6062059587887176,2.5128761383047205,1.25,1.9795578387967483,206392.4656117449,-0.09335223251740665,1.2032785197795457,1.206894293415475,1.25,2.8807421537674673,115830.58867613504,-0.08439052984972766,1.1691725305946403,1.1722142158434155,0.75,3.8773476595048937,109357.20721291917,0.7579780825325243,1.6062059587887194,1.7760710446511065,1.25,1.979557838796765,206392.46561174534,0.024115899285581124,0.4401695797081038,0.4408297125861199,0.75,1.975302510522044,15499.963928200317,0.020221776322154796,0.16895013692044128,0.17015601371405922,0.75,2.6486826530607224,2283.5395982050477,0.005652110494426742,0.1709880564254862,0.1710814478346687,2.0,2.6273537840069996,2338.9543750930566,7.965555263850806,3.8519722249453596,8.848037109054854,0.75,4.349468565137228,1187018.8995919821,2.598218049006164,1.8324411436904728,3.179398933017221,1.25,5.644774871170769,268628.84785527096,7.50836752572055,2.656160951425898,7.9643439090219275,4.0,4.451859324343449,564416.473933964,2.470783788850826,3.851972224945371,4.576293538771157,0.75,4.349468565137233,1187018.8995919893,0.2966481290061775,1.832441143690478,1.856297567076069,1.25,5.644774871170803,268628.84785527247,-0.723662044279399,2.6561609514259015,2.7529761630298197,4.0,4.451859324343486,564416.4739339658,0.13226075763388923,0.6350039687481518,0.6486315967756999,2.75,4.469036997767031,32259.913557075768,-0.3495763584925372,2.724562342577192,2.746897083803217,1.25,1.7302624451369115,593860.7041227411,0.02838927360999788,0.9628818075817732,0.963300226423749,1.25,1.7198665947013734,74171.37635776594,7.282914166318555,2.6174756178378167,7.738993304296041,1.25,3.058370353941074,548094.435005985,-2.8647092037773505,2.2280950413028413,3.6291825987796447,0.75,3.519786138941446,397152.62053358194,7.822381788390632,2.5759840471644293,8.235614770895435,2.0,4.365203447417308,530855.5364845799,1.4607717713185866,2.6174756178378225,2.9975044249936866,1.25,3.058370353941063,548094.4350059873,-0.6107703287773625,2.228095041302832,2.3102917364681623,0.75,3.5197861389414173,397152.6205335787,-0.2335819816093197,2.575984047164437,2.586552600156859,2.0,4.365203447417284,530855.536484583,-0.08531080916588372,0.86328036372238,0.8674854007700548,2.0,3.740539308974468,59620.23905190327,0.06749790329145842,1.733586282945101,1.7348998147916652,1.25,1.6955677631746926,240425.80453467928,0.025637375753133185,0.7424941769612833,0.7429366580381673,1.25,2.09962324868904,44103.80900166063,4.0,ACL_1_1,ACL_1,ortho,gait_full,4.0,0.5
9.739920431489333,1.0601250074918118,9.79744431182198,2.75,2.93051086409366,89910.36582343488,-0.9784528825282091,0.6256653447690165,1.1613901872207693,0.75,1.8727292607832264,31316.947650020607,0.3483427433948617,0.6768982121253011,0.7612712108403205,1.5,1.832182203725269,36655.78629771616,0.09308199247178439,0.6256653447690159,0.6325514848353838,0.75,1.8727292607832051,31316.947650020546,-0.15666324148939112,1.060125007491817,1.0716381864899591,2.75,2.9305108640936695,89910.36582343574,-1.367480221605129,0.676898212125302,1.525841848311824,1.5,1.832182203725269,36655.78629771625,-0.052770581216392366,0.14435758635728155,0.15370051067194235,0.5,1.8177578936747039,1667.1304391483354,0.013423158517361413,0.20254329406692978,0.2029876034541642,1.5,2.7338511613808203,3281.97770679523,0.010583977139018364,0.14731545038255275,0.14769516746831504,1.5,2.840433848573795,1736.1638316284855,9.794027819065123,1.1471337428286414,9.86097848819059,2.75,3.205993405408407,105275.11768000314,0.18461467651210245,1.0749937084744436,1.0907309714330593,0.75,3.444280462064756,92449.40116222316,1.739962712886446,1.4998006052407014,2.297144335412021,1.25,1.8331576344152176,179952.29756802955,-0.11991639093482002,1.1471337428286563,1.1533844826210011,2.75,3.2059934054085217,105275.11768000587,-0.035173298487894515,1.0749937084744432,1.0755689816028327,0.75,3.4442804620647487,92449.40116222308,0.5654168228864529,1.4998006052407011,1.6028406156207124,1.25,1.833157634415223,179952.29756802952,-0.10270657935695478,0.45588091538149594,0.46730723346881453,0.75,1.8876466816194593,16626.207313326715,0.04535761350695914,0.1698123212370498,0.17576557554584368,0.75,2.593647536459938,2306.929446264386,-0.005339190050742333,0.16065809901555886,0.1607467938395384,2.0,2.601813142571966,2064.89052043146,8.542430950684684,4.163346053840112,9.502977265638473,0.75,4.091437108910297,1386681.1429085643,2.73991957302125,2.1333408448490214,3.472506648939075,0.75,3.819236064598688,364091.5906847919,7.167175779051531,3.1924769183890334,7.846038332959486,3.5,4.741291800509521,815356.0761858582,3.047659475684706,4.163346053840109,5.159620009628305,0.75,4.091437108910262,1386681.1429085622,0.4383496530212582,2.1333408448490263,2.177910369736325,0.75,3.8192360645987096,364091.59068479383,-1.0648537909484177,3.192476918389028,3.365385931887147,3.5,4.74129180050957,815356.0761858555,0.06931386557271103,0.6024337198494458,0.6064081123898923,2.75,3.8161773502944523,29034.130963562395,0.05453818810618863,3.0922935238985976,3.092774426288977,2.0,1.8850845036908022,764983.664295927,-0.09568515804745897,1.188321819406464,1.1921679394900937,0.75,1.8542588703609653,112968.9348950511,7.326683600500222,2.390581952472699,7.706826496900464,1.25,3.1367992698220113,457190.5850963813,-2.4810274747002428,1.8995571171652819,3.124710318028015,0.75,3.3248093177748173,288665.5555170591,7.777522794296903,2.395457958097405,8.138063629931883,2.75,4.334919755187845,459058.23550517083,1.5045412055002476,2.3905819524727026,2.8246285261138917,1.25,3.1367992698220073,457190.5850963827,-0.22708859970025513,1.89955711716528,1.9130829761113586,0.75,3.324809317774816,288665.5555170586,-0.2784409757030438,2.3954579580974102,2.4115862426964285,2.75,4.33491975518783,459058.2355051728,-0.09392226756420913,0.7002412969934709,0.7065120426146331,2.0,3.8091061747784454,39227.03271095034,-0.03492218297082697,1.5496972293491373,1.550090662353606,0.75,1.9437037910707105,192126.84698452146,0.014654253045645146,0.641834162250614,0.6420014322135685,2.0,2.3439377598638793,32956.45109718029,4.0,ACL_1_1,ACL_1,ortho,gait_full,4.0,0.5
9.681028067153028,0.914113498018044,9.72408905369873,1.25,2.5498942933675437,66848.31261142409,-0.9256564582283804,0.7456252778589016,1.1886113467580872,0.75,1.4739203426663,44476.765228678356,0.16065630609203507,0.7764878322480739,0.7929336682954323,0.25,1.3355109672786845,48234.87847533288,0.14587841677161245,0.745625277858902,0.7597615201245435,0.75,1.4739203426662995,44476.76522867839,-0.09777087715308301,0.914113498018044,0.9193272712576669,1.25,2.549894293367558,66848.3126114241,-1.5551666589079547,0.776487832248073,1.7382395377531379,0.25,1.3355109672786714,48234.87847533276,-0.04863217627997392,0.1787500575465132,0.18524759551100317,2.0,1.7220431425727059,2556.1372424429555,-0.046427251437070695,0.2054524490326286,0.21063285235097073,1.25,2.1653934471693845,3376.857283165854,-0.010691216920015628,0.1564906141818651,0.15685539342416058,1.25,2.8128018223822604,1959.153534536068,9.705917500321842,1.073257929229077,9.765076400402963,1.25,3.057709938490094,92150.64980869059,0.02239537503085831,1.1042192771802442,1.1044463612685016,0.75,3.19469088601261,97544.29991905196,2.0074435163154254,1.46374554985905,2.484427601265332,1.25,1.732702901115159,171404.4573522176,-0.20802670967809597,1.0732579292290876,1.0932326809021966,1.25,3.057709938490121,92150.64980869241,-0.19739259996914185,1.1042192771802453,1.1217236962010926,0.75,3.194690886012597,97544.2999190522,0.8328976263154358,1.4637455498590524,1.6841227659093227,1.25,1.7327029011151642,171404.4573522182,-0.1489993604733958,0.3829301333754068,0.41089694142009353,2.0,2.2975597750169046,11730.849340158873,0.055526252173977324,0.18687000789752398,0.1949450295137293,0.75,2.173587356452139,2793.646719192574,-0.007241887454571117,0.16335878124159786,0.16351922315937323,2.0,2.854207365689955,2134.900622461859,8.30109203383841,4.366067281493818,9.379268226294966,0.75,4.010563623768138,1525003.7854236658,2.4212096124687705,2.1040593670083405,3.2076972749009083,4.0,4.131444914739206,354165.2692621795,7.47709760160989,3.2300077434092214,8.144933306447873,4.0,4.507645180642051,834637.3393393263,2.8063205588384377,4.3660672814938,5.190180978105672,0.75,4.010563623768131,1525003.785423654,0.11963969246878403,2.1040593670083396,2.1074580602967075,4.0,4.131444914739189,354165.26926217915,-0.7549319683900602,3.230007743409202,3.3170577775161973,4.0,4.507645180642054,834637.3393393161,0.018641997753502993,0.5726164357610171,0.5729198081615722,2.75,4.7544375794978055,26232.1661469333,0.24063891655250624,2.949774812886828,2.9595740461933175,1.25,2.0239126168464066,696098.143220617,-0.1311613081447753,1.2274456886909109,1.2344335573209897,1.25,1.9650532744845919,120530.03297233331,6.938247920188706,2.172759784551566,7.270499933523655,1.25,3.153804249354938,377671.1546751869,-2.788232853484933,1.862750662342955,3.353219717720843,1.25,3.6706399227079163,277587.44516965817,7.892742439914212,2.102950881232892,8.168095593937498,1.25,4.72394500399915,353792.69797323545,1.116105525188738,2.17275978455155,2.442657697001634,1.25,3.153804249354908,377671.15467518114,-0.534293978484942,1.8627506623429566,1.937862246266331,1.25,3.670639922707959,277587.4451696587,-0.16322133008573536,2.1029508812328954,2.1092756129707584,1.25,4.72394500399915,353792.6979732366,-0.146606233549572,0.7542885201246484,0.7684039037559763,2.0,4.06143238069019,45516.09398950809,0.024633286907215758,1.6706913113849742,1.6708729026353553,1.25,1.6689127515351456,223297.17840677986,-0.021112471328871438,0.6242638723432206,0.6246207799605815,1.25,2.191224251412792,31176.63337969043,4.0,ACL_1_1,ACL_1,ortho,gait_full,4.0,0.5
9.703240647673482,1.115890668640436,9.767194635667998,1.5,2.757891451894196,99616.96934776477,-1.1065367512331457,0.6969176349548565,1.3077147134374054,0.75,1.4919223815862641,38855.72329001257,0.16103950027870476,0.6228622269304361,0.64334366740239,0.25,1.3865238543601062,31036.615444046984,-0.2990138362331509,0.6969176349548569,0.7583557635898449,0.75,1.4919223815862697,38855.723290012604,-0.20053122767352932,1.1158906686404266,1.1337657419551144,1.5,2.7578914518941686,99616.9693477631,-1.3421361597212873,0.6228622269304369,1.479623879561339,0.25,1.3865238543601066,31036.615444047067,0.1021898825849638,0.23034866766522388,0.25199857300761136,0.75,1.425565250220566,4244.868508234601,-0.17622236724609594,0.2625226216323571,0.316184201987613,1.5,2.0079054211656335,5513.514762023255,0.01637590475904397,0.13414832521659356,0.135144157902198,2.25,3.118375773575266,1439.6626213182105,9.775115941264659,1.240681643823738,9.853536553262876,1.5,3.1950326125724526,123143.27575904517,0.17961482524884587,1.1575916429468203,1.1714435100633287,0.75,3.7901211029029045,107201.82128981578,1.7382477004811643,1.5422740948000253,2.323814633683008,1.5,1.9643613133351137,190288.8882981213,0.06331639126472412,1.2406816438237496,1.2422962234201587,1.5,3.19503261257239,123143.27575904745,-0.14690473475115218,1.1575916429468218,1.1668759201014598,0.75,3.790121102902906,107201.82128981601,-0.3565436195188236,1.5422740948000275,1.5829506423482786,1.5,1.9643613133351123,190288.8882981219,-0.036159805383269863,0.3826042905012303,0.3843092174737756,2.25,2.551520531384365,11710.93929573077,0.07263209299894671,0.19804652241191945,0.21094512550154496,0.75,2.9353764464698924,3137.7943937340315,0.0031045778938756595,0.18438997290022038,0.184416106970197,2.25,3.0602528907203257,2719.9740087392915,8.227759402395654,4.557928187306633,9.4058882698209,0.75,4.427535115258478,1662001.2465680407,1.9479026714216097,2.33333717125308,3.0395373286213756,1.5,5.30441245735593,435562.98015913955,7.936492968547335,3.107488546559744,8.523168759727879,3.75,5.530173051341801,772550.3327158488,2.709597832395664,4.557928187306625,5.302511647697488,0.75,4.4275351152585,1662001.2465680342,-0.5208413835783752,2.333337171253083,2.3907609879699763,1.5,5.304412457355942,435562.98015914066,-0.208670386452623,3.1074885465597437,3.1144868593690163,3.75,5.5301730513417455,772550.3327158489,0.07328040042186293,0.6208578158261928,0.6251675331928709,0.75,3.8993045463599696,30837.159175485012,0.08429276885221729,3.1373899419257048,3.1385220914591865,1.5,1.8646719944356944,787457.6895357677,-0.04790599986356306,1.264948967171694,1.265855787351649,1.5,1.9793367970766904,128008.14167625734,6.978397709389951,2.7574901236666496,7.503451630585622,1.5,2.3730369843009,608301.1251306025,-2.9253695969753415,2.115982410353115,3.6104250220481595,0.75,3.9823708443836585,358191.12821759155,7.927238483667744,2.5361267640955445,8.323043249947979,1.5,4.282990081510938,514555.2818780832,1.1994098793899877,2.7574901236666522,3.0070476951484215,1.5,2.373036984300903,608301.1251306038,-0.5027416969753606,2.1159824103531166,2.174886382044232,0.75,3.982370844383641,358191.1282175921,-0.12324477633221395,2.536126764095539,2.5391195793926067,1.5,4.28299008151095,514555.281878081,-0.017680338302404744,0.6228171663092142,0.6230680677196729,2.25,4.0751085250319266,31032.09850164309,-0.017940197908584032,1.6912116679936842,1.6913068191960259,1.5,1.8464290245928634,228815.86426794418,0.03813189753574284,0.876820339512735,0.8776491037954202,2.25,2.116778616155149,61505.11845289565,4.0,ACL_1_2,ACL_1,ortho,gait_full,4.0,0.5
9.702968641509978,1.213907820248589,9.778607909829839,1.5,3.0001622774035543,117886.61274398516,-1.044718251101358,0.7982107729977457,1.3147534606586662,0.75,1.2902827449609997,50971.304786735884,0.6216855336410265,0.56399208371085,0.839392621618176,1.5,1.8840257286836415,25447.056920697458,-0.23719533610136367,0.798210772997746,0.8327076711535075,0.75,1.2902827449609984,50971.30478673595,-0.20025922151003517,1.2139078202485905,1.2303153871509898,1.5,3.000162277403457,117886.61274398548,-0.8814901263589661,0.5639920837108514,1.0464759497269176,1.5,1.8840257286836513,25447.056920697585,0.13552504286076658,0.178290107740887,0.22395177998995613,0.75,1.671820238892005,2542.9931055116726,-0.14734054292513027,0.25094459920031154,0.2910024526653979,1.5,2.116355407345306,5037.855465842476,0.00896343390645069,0.13509584088294854,0.13539287045951226,2.25,3.061021657158935,1460.0721713703467,9.741174114715498,1.3325779162724725,9.831898953718978,1.5,3.2505366852006623,142061.7821442804,0.22873552993418023,1.1494670255798873,1.1720044306869082,0.75,3.6547332208296734,105701.95731254852,2.107513742719569,1.5706666669714555,2.628423092747259,1.5,2.1511349839381335,197359.72442543902,0.029374564715559402,1.3325779162724802,1.3329016347763003,1.5,3.250536685200635,142061.78214428207,-0.09778403006581823,1.1494670255798884,1.1536187235960538,0.75,3.654733220829675,105701.95731254866,0.012722422719581204,1.5706666669714566,1.5707181920303466,1.5,2.151134983938128,197359.7244254392,0.015249301371543114,0.3720596849991581,0.3723720590941174,2.25,2.704984272448316,11074.31730166834,0.07792875629754023,0.1901683739057388,0.20551618304171157,0.75,2.979507136997714,2893.1210676913506,0.028405481457477025,0.18323808297223398,0.18542671444042355,2.25,3.2175835194615585,2686.1041062761497,8.659295932517772,4.64494130636614,9.826438102715816,0.75,4.15610771487428,1726038.4006386583,1.8185868659748927,2.338154940281237,2.962132122957708,4.25,5.497374056171023,437357.5495747964,7.7328791646688355,3.6776195040452273,8.562844468510638,3.75,4.986338319224024,1081991.0766878834,3.1411343625177905,4.6449413063661344,5.607334912681457,0.75,4.156107714874309,1726038.4006386544,-0.6501571890250903,2.338154940281237,2.4268648283747827,4.25,5.497374056171032,437357.5495747963,-0.4122841903311252,3.6776195040452233,3.7006571673326922,3.75,4.986338319223966,1081991.076687881,0.17045132551541753,0.6292007337002893,0.6518797570556591,0.75,3.616709953041783,31671.485231935636,-0.017792084748396598,3.2095855034583844,3.2096348175906093,1.5,1.9232039016664162,824115.3712112623,-0.06701095894601529,1.2640116701602326,1.2657867004041894,1.5,2.1006766698508996,127818.05968217655,7.483895326614717,2.867097593918168,8.014295843851595,1.5,2.8205899211748005,657622.4315463473,-2.9907600010719375,2.201191558659334,3.7134740691063035,0.75,4.1851632416106685,387622.3224207304,7.821560581707239,2.6804015693321146,8.268093039280252,1.5,4.957614132540414,574772.9875349737,1.7049074966147515,2.8670975939181638,3.3357095474673004,1.5,2.820589921174824,657622.4315463452,-0.568132101071954,2.2011915586593305,2.273327596758005,0.75,4.185163241610656,387622.3224207292,-0.22892267829271895,2.6804015693321164,2.6901595055897305,1.5,4.957614132540396,574772.9875349745,0.010871854545781864,0.553974464527655,0.5540811353673456,2.25,4.6332373607454205,24551.08394674043,-0.05381068244498712,1.8084011478872153,1.809201564565152,1.5,1.8435218463786731,261625.6956095761,0.04947649552468323,0.7404949032281986,0.7421459595769171,1.5,2.0085534685134334,43866.88070942659,4.0,ACL_1_2,ACL_1,ortho,gait_full,4.0,0.5
9.70191060576191,1.101817723903017,9.764275277710183,1.5,2.691695671664936,97120.18373785846,-0.9344689344859544,0.6941868563906523,1.1640994721693034,0.75,1.3054041759711026,38551.68528258426,1.1486623148845645,0.7122779134213737,1.3515786842000257,1.5,1.4248066129660115,40587.18620173194,-0.12694601948595918,0.694186856390651,0.705698720027792,0.75,1.305404175971096,38551.68528258412,-0.1992011857619672,1.1018177239030176,1.1196800476545967,1.5,2.691695671664877,97120.18373785856,-0.354513345115427,0.7122779134213767,0.7956252496074014,1.5,1.4248066129660164,40587.186201732264,0.12027728718093447,0.1581732260752731,0.19870932353230042,0.75,1.8723480320028758,2001.5112813635048,-0.15494544133059956,0.27496806214358865,0.3156192722064587,1.5,2.2431756947036114,6048.625498780686,0.0360214589951357,0.12665196879853743,0.13167485222579117,1.5,2.904872791070034,1283.2596627231344,9.7738948637914,1.2135739294214127,9.848948293631114,1.5,2.849020771055209,117820.93707004865,0.16570934947981147,1.0317077764819684,1.0449308707079092,0.75,3.691554037405445,85153.67724733894,2.1355364563400103,1.5583245145313376,2.64365112088312,1.5,1.870627826560413,194270.2549172294,0.062095313791464796,1.2135739294214056,1.2151615160817806,1.5,2.8490207710551982,117820.93707004728,-0.16081021052018568,1.0317077764819673,1.0441651497061717,0.75,3.691554037405437,85153.6772473388,0.040745136340022296,1.558324514531336,1.5588571001617468,1.5,1.870627826560406,194270.25491722894,-0.019111666529006126,0.36063899354185175,0.3611450393683896,0.75,2.4976641477458648,10404.88455462696,0.05642199785718912,0.18269000345922554,0.1912042865788539,0.75,2.792676630810881,2670.054538891268,0.012450085279613726,0.17402605068815313,0.17447083120563533,1.5,2.8077089167784295,2422.8097227164294,8.349302886649413,4.121637877900344,9.311216756662636,0.75,4.320228676244401,1359052.9468290734,2.359142037014865,2.161001770853697,3.199293641484548,1.5,4.62615480452713,373597.6357626226,7.428221836196326,3.646256986676384,8.274881851762613,3.5,5.578611399831705,1063633.303340879,2.831141316649439,4.1216378779003575,5.000325984511658,0.75,4.320228676244432,1359052.9468290824,-0.10960201798511726,2.161001770853688,2.163779391707756,1.5,4.626154804527129,373597.63576261955,-0.7169415188036301,3.6462569866763763,3.7160725442691156,3.5,5.578611399831676,1063633.3033408746,0.13514351627035495,0.6368035174837178,0.6509857831547102,2.75,3.328161530908493,32441.503070203245,-0.2360202390572697,2.9281802350937096,2.937676810412967,1.5,2.0607644373053557,685940.3642645057,0.06013910933671725,1.0122820640438577,1.0140669059074487,1.5,2.3775055193441497,81977.22054225799,7.546522027167332,2.8390053230704986,8.062874545157227,1.5,2.990250468931674,644796.2144487009,-2.908255191891361,2.219265869906952,3.6582904836134755,0.75,3.6365102279583765,394011.2865507271,7.722705851173596,2.644032799552691,8.16278721447897,1.5,4.281974565977413,559272.7872934978,1.7675341971673657,2.8390053230704875,3.344267986058929,1.5,2.990250468931667,644796.2144486958,-0.4856272918913709,2.2192658699069496,2.2717779090315133,0.75,3.6365102279583823,394011.2865507262,-0.32777740882635503,2.6440327995526895,2.6642724100300543,1.5,4.2819745659774195,559272.7872934974,-0.037276387457840426,0.6402895339464751,0.6413736947702965,3.5,4.365012033970761,32797.65562753646,0.02875995983411963,1.7922454683422906,1.7924762073966662,0.75,1.7032127499309109,256971.59890198702,0.07815648785550636,0.6978825774863929,0.7022453478329059,1.5,1.7871419291190067,38963.209850070896,4.0,ACL_1_2,ACL_1,ortho,gait_full,4.0,0.5
9.709859217212983,0.8805797491825893,9.749707006508782,1.25,2.6701758676860083,62033.70267249949,-1.0147148439304297,0.7432804862577491,1.2578203749917205,0.5,1.6475706869955262,44197.546621819034,1.2700322691982286,0.7030650087651701,1.451648156873686,1.25,1.3478822996312698,39544.0375198216,-0.20719192893043406,0.7432804862577496,0.7716180251040476,0.5,1.6475706869955182,44197.5466218191,-0.20714979721304577,0.8805797491825833,0.9046168985575427,1.25,2.670175867686041,62033.70267249864,-0.23314339080176247,0.703065008765171,0.7407133367400058,1.25,1.347882299631276,39544.03751982169,0.5866659807192875,0.8828821377374643,1.0600272836437743,0.25,1.3093494236888532,62360.187760675784,-0.16357904570698756,0.24739983056346096,0.29658857084728996,1.25,1.9328742998815527,4896.550818842509,0.07167760100871154,0.18870661037869696,0.20186099991573753,0.5,2.0041907295670596,2848.884283177254,9.830320723993905,1.0222799349484697,9.883332525114305,1.25,2.8015942556271516,83604.53042080786,0.30485060643464207,1.0554916333369282,1.098633915500439,0.75,3.4917807099324856,89125.14808377156,1.6989398299563454,1.5011888302109073,2.267148969468501,1.25,1.7469905874015481,180285.85002625693,0.11852117399396678,1.0222799349484781,1.0291275596752683,1.25,2.801594255627209,83604.53042080924,-0.02166895356535414,1.0554916333369275,1.055714038740071,0.75,3.4917807099324913,89125.14808377143,-0.3958514900436427,1.501188830210909,1.552503238682538,1.25,1.746990587401548,180285.8500262573,0.3291021444455774,0.797437544394272,0.8626788850367466,0.25,0.8393053879168217,50872.804903659344,0.09195212006092596,0.22255751423713938,0.2408049823552525,0.75,1.827807620872272,3962.6047740560584,0.04766531953082381,0.19355534366655117,0.1993380388883473,1.75,2.312501237084127,2997.128967080099,7.915535901248484,3.6748430808083272,8.72698002017413,0.75,3.9711501306005097,1080357.8458621223,2.3427266256751147,2.5336791331967126,3.450782229095825,0.75,5.156085404847243,513563.0916606807,7.296434935375553,2.772230230631461,7.8053329985206785,0.75,4.789305631664363,614820.8873340763,2.397374331248506,3.674843080808327,4.387695904765285,0.75,3.971150130600547,1080357.8458621218,-0.12601742932486817,2.5336791331966966,2.5368110577041425,0.75,5.1560854048472144,513563.0916606743,-0.8487284196243947,2.7722302306314512,2.899241345922245,0.75,4.789305631664373,614820.8873340719,0.5834764671767888,1.507132004214209,1.616134791988541,0.5,1.2735747054006394,181715.76593162655,0.030778261389448662,2.5516712576660723,2.551856874625478,1.25,1.7229865622415876,520882.1712005125,0.29504384846748327,1.3026663046164284,1.3356610249990544,0.5,1.7444694015161533,135755.2042905055,7.310452959061812,2.3349224776302764,7.674280776932696,1.25,3.447443666139055,436150.78478233726,-2.826630476130351,1.7058535038814235,3.3014808836783263,0.5,3.74990475631965,232794.89604798105,7.502946676315096,2.3418413934892577,7.8599255683427085,1.25,3.9208909799624116,438737.9090643114,1.5314651290618517,2.334922477630267,2.792355353115985,1.25,3.447443666139021,436150.7847823337,-0.4040025761303588,1.705853503881428,1.753041430835139,0.5,3.7499047563196872,232794.89604798227,-0.547536583684849,2.341841393489256,2.4049984246840945,1.25,3.9208909799624094,438737.9090643107,0.15704125395355045,0.8150695603763627,0.8300604458082681,0.25,3.1898361768014865,53148.29546050942,-0.17345048431926977,1.4930291000774683,1.503070512048162,1.25,1.7946357255833016,178331.617115504,0.33503561464591014,0.964867472699922,1.0213804888265183,1.25,1.4871341998926764,74477.74347469833,4.0,ACL_1_2,ACL_1,ortho,gait_full,4.0,0.5
9.612389174342065,0.6806398587487407,9.636456623485941,1.25,2.759431203906341,37061.64954900659,-0.9143910522219966,0.7527392279628375,1.1843679080833536,0.75,1.9495931615734814,45329.5279255059,1.6358993665965604,0.9324142214796639,1.8829665472462742,0.25,0.7134766977771058,69551.81142215076,-0.1068681372220005,0.7527392279628395,0.7602875403867881,0.75,1.9495931615734867,45329.52792550613,-0.10967975434211462,0.6806398587487431,0.68942023891822,1.25,2.75943120390639,37061.64954900687,0.1327237065965685,0.9324142214796635,0.9418130720638033,0.25,0.7134766977771057,69551.81142215068,0.8445046900798959,1.0064981855015211,1.3138594936235746,0.25,0.5456028492525972,81043.09144249768,-0.20757399705353138,0.23144442995825068,0.3108914415217618,1.0,1.7623107829936886,4285.329431622048,0.12441511611783064,0.2509560977155184,0.2801037024018321,0.25,0.69106725983038,5038.319470532972,9.805159257911873,0.7690838702850865,9.835275190483873,1.0,3.0922640098071454,47319.20001351281,0.2754480576929151,1.001620869922914,1.0388050825597335,0.5,3.0161406150805847,80259.56385288225,1.6674000684119616,1.2358611211642903,2.075469994710998,1.0,1.492329469841102,122188.32615139765,0.0933597079119318,0.7690838702850944,0.7747296525847589,1.0,3.092264009807168,47319.200013513815,-0.051071502307082906,1.0016208699229152,1.0029220634790321,0.5,3.0161406150806047,80259.56385288243,-0.4273912515880244,1.2358611211642931,1.307675798024664,1.0,1.4923294698411091,122188.32615139823,0.7340487485504609,0.853729017627416,1.1259133185052794,0.25,0.4948771783160796,58308.25935698684,0.08809388796027949,0.23386386954139965,0.24990566734837183,0.5,1.1039322756825842,4375.384840499579,0.14007437760470542,0.24412685272566173,0.2814582588645828,0.25,1.0840419682853937,4767.834324435605,6.877949405220356,2.81719853440486,7.432549737675755,0.25,3.8555207684219557,634932.7053580522,2.3055969298037433,2.2942408485937755,3.252586397634463,0.25,5.208946970851694,421085.2489772644,7.564784552030768,1.9033310323282078,7.800553463522117,0.75,3.6620624580702046,289814.46674741997,1.3597878352203916,2.8171985344048505,3.128199248619914,0.25,3.8555207684219814,634932.7053580482,-0.16314712519623847,2.294240848593761,2.300034359703354,0.25,5.208946970851641,421085.248977259,-0.5803788029691799,1.9033310323282053,1.9898513948432153,0.75,3.6620624580702015,289814.4667474193,0.7249181776315132,1.5601994591113415,1.7203862114280957,0.5,1.3773250351627397,194737.79478077195,0.12911965952077545,1.9219463090242201,1.9262786665606262,1.25,1.4754487754741243,295510.3502680204,0.4228158967411474,1.2937449089960127,1.3610838225804178,0.25,1.7303969485016113,133902.12012177124,6.72095553179503,1.7596954575184767,6.947501087698898,1.25,3.3123393142845248,247722.2490008177,-3.162523981448546,1.6542677960128533,3.5690558799439365,0.5,2.480863125437401,218928.19005543858,7.590718695073811,1.6829847174678623,7.775052917310172,1.25,3.884137192095908,226595.00968388518,0.9419677017950644,1.759695457518473,1.9959537205146374,1.25,3.312339314284503,247722.24900081675,-0.7398960814485582,1.6542677960128658,1.812194292085756,0.5,2.480863125437412,218928.19005544184,-0.45976456492613976,1.6829847174678516,1.7446549843427688,1.25,3.8841371920958525,226595.00968388232,0.48638866933129515,0.9061464026231258,1.028433391445795,0.25,1.703907765650518,65688.10431751456,-0.2218006080260414,1.2214481727877688,1.2414230336703522,1.25,1.5526446378756045,119354.85501401346,0.5818142834805005,1.0654059228844126,1.21391830078433,0.25,1.4679313827051677,90807.18264549061,4.0,ACL_1_2,ACL_1,ortho,gait_full,4.0,0.5
9.595128465423304,0.8501139691783207,9.632714260714302,1.25,2.8908359355984294,57815.51247572167,-0.7209585365061274,0.6494461976779218,0.9703409581375854,0.75,1.8014671356680565,33742.964957848475,1.9379287429087144,0.7327641726738829,2.071837625236638,0.25,1.0214650411064912,42955.57611510537,0.0865643784938694,0.6494461976779219,0.6551898620265276,0.75,1.8014671356680552,33742.96495784849,-0.09241904542334047,0.8501139691783292,0.8551228219086978,1.25,2.890835935598487,57815.51247572281,0.4347530829087247,0.7327641726738855,0.8520290933137695,0.25,1.0214650411065036,42955.57611510565,0.37606480217627836,0.7169243835976465,0.8095710637323624,0.25,2.0793182341674736,41120.06423080297,-0.20250551792822008,0.27282626252984943,0.33976853049890154,1.25,2.416930121521867,5954.89175862028,0.09323793034584323,0.2238376754212248,0.24248013649194838,0.25,1.645589771700572,4008.349305558105,9.84263284454985,0.8547328648238907,9.879675580848874,1.25,2.939201238990837,58445.47172730004,0.26030088002458185,0.9453643535370054,0.9805459240035685,4.5,3.7915779509056096,71497.37770759716,1.8227141181784288,1.303318183252539,2.2407420742699653,1.25,1.856840480997244,135891.44360661163,0.13083329454991124,0.8547328648238859,0.8646881641220902,1.25,2.9392012389908047,58445.471727299395,-0.06621867997541653,0.9453643535370054,0.9476806817257208,4.5,3.7915779509055922,71497.37770759717,-0.2720772018215561,1.3033181832525382,1.3314143947500887,1.25,1.8568404809972472,135891.44360661152,0.32783486730263106,0.7427408120395655,0.8118741368515978,0.25,1.2103402879031646,44133.816917173484,0.08036797298776324,0.2054756018636582,0.2206337101247097,0.5,1.8927529855737684,3377.6485167809014,0.09983497731500408,0.24196156378238742,0.26174877467431573,0.25,1.4355596645382205,4683.644950934882,7.315764147206227,3.8479394985848487,8.266017387007933,0.5,4.073846249783254,1184531.0775082777,2.5924325307017644,1.807638743925255,3.160421531185425,1.25,5.479116482627232,261405.12050898047,7.687809840439468,2.646599200606712,8.130615442351827,3.25,4.242369771470493,560358.9941239178,1.797602577206263,3.8479394985848514,4.247118247747293,0.5,4.073846249783268,1184531.0775082798,0.12368847570177849,1.8076387439252597,1.8118655213787582,1.25,5.479116482627211,261405.12050898184,-0.4573535145604839,2.646599200606728,2.6858256767580797,3.25,4.242369771470508,560358.9941239244,0.2568628338821077,0.8400225886244406,0.8784170221650154,0.75,2.840206595166626,56451.042308409626,0.052342629131094595,2.516353615844189,2.5168979460432,1.25,1.7230134575163103,506562.9692536256,0.10756622216681883,1.1170448443749155,1.1222119570276465,2.0,1.8624624791468232,99823.16304189402,6.872553585737972,2.1913731041950757,7.213467187880555,1.25,3.4220442348880837,384169.74823219597,-2.9849544505447043,2.097629850362184,3.6482878259475524,1.25,3.461989961962995,352006.10725880717,7.756104821790545,1.9186011422541795,7.989880621740326,1.25,4.88561081580808,294490.702590898,1.0935657557379954,2.1913731041950757,2.4490818981635494,1.25,3.422044234888109,384169.74823219597,-0.5623265505447201,2.097629850362183,2.1716956827737164,1.25,3.4619899619629257,352006.1072588066,-0.29437843820941667,1.9186011422541809,1.9410535819347345,1.25,4.885610815808126,294490.7025908985,0.22495334569538492,0.9845587016710994,1.009930613842272,0.25,3.001943328068136,77548.78391134409,-0.2710508827574708,1.417967907441868,1.4436417725941135,1.25,1.6648941000933402,160851.704752395,0.2699347903468786,0.8764571235923327,0.917083355282037,1.75,2.4898325174642424,61455.889959384265,4.0,ACL_1_2,ACL_1,ortho,gait_full,4.0,0.5
9.656288214737318,0.953884859354139,9.703288020613419,1.25,2.9240987060831216,72791.79602395669,-0.6867625768534162,0.5394574790994773,0.8733024726420436,0.5,1.3232630437844741,23281.149767288916,1.12964564565992,0.7549500693156563,1.3586938183115915,1.25,1.2115726350321987,45596.0108076741,0.12076033814658083,0.539457479099476,0.5528086748827645,0.5,1.3232630437844746,23281.1497672888,-0.15357879473736072,0.9538848593541475,0.966169121374753,1.25,2.924098706083159,72791.79602395798,-0.37353001434006855,0.7549500693156601,0.8423029613937089,1.25,1.211572635032204,45596.01080767455,0.018345627054227296,0.20929214281910907,0.2100946526635724,0.75,1.2475851416073616,3504.2660472151497,-0.19595507711785198,0.26182017331269397,0.3270293494500951,1.25,2.0607060569615117,5483.987718943663,0.015354057369185499,0.12754973376133955,0.12847054783211925,1.25,2.5035651331987223,1301.5236538534941,9.728534086056458,1.0541899440585683,9.785483733659596,1.25,2.9569806650503794,88905.44283621814,0.14287538677950182,1.098211715506051,1.1074666352636253,0.75,3.8485334240068507,96485.55197964482,1.894970853985821,1.5382016731289083,2.4406923043825755,1.25,1.8071499716850359,189285.2925834137,0.016734536056510853,1.0541899440585611,1.0543227602832157,1.25,2.9569806650503856,88905.442836217,-0.18364417322049642,1.0982117155060485,1.113460441341576,0.75,3.8485334240068436,96485.55197964438,-0.19982046601416673,1.5382016731289083,1.5511262378848125,1.25,1.8071499716850359,189285.29258341368,-0.09485711217953266,0.41581469115383846,0.4264970446678411,0.75,2.3563922021588355,13832.215594433059,0.07041584442706633,0.19164367493302334,0.2041707356312631,0.75,2.1247235661187713,2938.187643826701,0.0028794570295390056,0.1810025141814392,0.18102541648284382,2.0,2.521557461439112,2620.952843215181,7.925755944988094,4.141167713897874,8.942420104990832,0.75,4.179365891362285,1371947.3631058729,2.3080771091494863,1.8480143077258109,2.9567510587364567,1.25,5.346614962469372,273213.75409776694,7.625178345929194,3.1236790370251377,8.240189047198964,3.25,4.589180271244058,780590.0824020394,2.4075943749881294,4.141167713897874,4.790175436151022,0.75,4.1793658913622895,1371947.3631058733,-0.16066694585049957,1.8480143077258173,1.8549853770443203,1.25,5.34661496246937,273213.7540977689,-0.5199850090707554,3.1236790370251533,3.1666630916484793,3.25,4.5891802712440875,780590.0824020474,0.026608045223911324,0.5574702773800173,0.5581049168684963,2.0,3.494399211942357,24861.85269226077,0.0669332087650297,2.7082024525879733,2.7090294532616466,1.25,1.8995701791742954,586751.3476818189,-0.03313634409188695,0.9699483369146451,0.9705141903049443,1.25,1.9116468035511627,75264.6894919912,7.292792984704863,2.5324506273799887,7.719982881967924,1.25,3.341791997821367,513068.6914397874,-2.9687946187122622,2.226410627238343,3.710882074274891,0.75,3.9310307263616373,396553.24864595145,7.816004784437938,2.368135082076784,8.16688401762383,1.25,4.408955406929342,448648.08255553135,1.51380515470489,2.5324506273799927,2.950408823625705,1.25,3.341791997821355,513068.6914397891,-0.5461667187122818,2.226410627238341,2.2924228156491475,0.75,3.9310307263615685,396553.24864595063,-0.23447847556202978,2.368135082076787,2.3797150927085204,1.25,4.408955406929396,448648.0825555321,-0.1457271320156478,0.8415802874893379,0.8541040787258557,2.0,3.9898785823220915,56660.59354217911,0.08663503836951378,1.8896452380793576,1.8916301847002968,1.25,1.6880018760892965,285660.7651739523,0.06469783488042716,0.8963813785061172,0.898713183151745,2.0,2.442667409105481,64280.4697723319,4.0,ACL_1_2,ACL_1,ortho,gait_full,4.0,0.5
9.727246845864693,0.9492056706192993,9.773449882488805,1.25,2.702775815228566,72079.33744310454,-0.7578732235080163,0.5900681379624085,0.9604958252636269,0.75,1.4605130836453981,27854.643553605627,0.5598814068497959,0.6131942771006191,0.8303459587455445,1.25,1.5316824960974291,30080.651530931413,0.049649691491980376,0.5900681379624082,0.5921532734889443,0.75,1.460513083645402,27854.643553605598,-0.22453742586474987,0.9492056706193189,0.9754016919966045,1.25,2.702775815228591,72079.33744310754,-0.9432942531501938,0.6131942771006181,1.1250827833964625,1.25,1.5316824960974338,30080.651530931336,-0.006621274717488568,0.1705118067817114,0.17064031625277812,0.75,1.4878422035717433,2325.949015757505,-0.19836757722336046,0.21101790310416907,0.28961742199658214,1.25,2.0789444640308345,3562.304202110893,0.020114270320620537,0.10211930255727328,0.104081390389036,1.25,2.5863519349456467,834.2696661756892,9.766121006202054,1.0671613342796993,9.824253295857282,1.25,2.6999371642762156,91106.67040940924,0.12043140792189844,1.0669410493716402,1.073716408949918,4.0,3.443450030217623,91069.07678893981,1.8853926246292376,1.471328544846329,2.3915503414910466,1.25,1.636374200160356,173184.84400418418,0.05432145620211265,1.0671613342796933,1.0685429958525456,1.25,2.699937164276212,91106.67040940825,-0.2060881520780995,1.0669410493716385,1.0866625645807528,4.0,3.443450030217617,91069.0767889395,-0.2093986953707501,1.47132854484633,1.486154601817251,1.25,1.636374200160347,173184.8440041845,-0.10492732460923268,0.4291952843170827,0.44183519046096,2.0,1.9735504129294097,14736.702123350356,0.05420013711705504,0.15337582440913664,0.16267082829041563,0.75,2.4160942000330645,1881.9321272459013,0.003603039322575786,0.17665655037640596,0.17669328986481544,2.0,2.324920233520557,2496.6086544604377,7.703151570190885,3.689024987822311,8.540927904748505,0.75,3.820519940756344,1088713.124071863,2.3699316176173055,1.708578413369459,2.9216118953095527,3.25,3.970560511072264,233539.6470090288,7.690706406647084,2.691223673003515,8.147984406672427,4.0,4.942621311118694,579415.793872542,2.1849900001909095,3.68902498782231,4.2875501934918105,0.75,3.8205199407563466,1088713.1240718623,-0.09881243738267788,1.7085784133694613,1.7114333444261307,3.25,3.9705605110722404,233539.64700902946,-0.4544569483528661,2.691223673003516,2.729325186935543,4.0,4.942621311118707,579415.7938725426,0.04043221590296829,0.5700151501110183,0.5714473164158801,3.25,3.711760177159735,25993.43934312758,-0.20313996903022902,2.8396395734978777,2.8468963371350227,1.25,1.9232270184671758,645087.4688361228,0.09179377335016108,0.9144635238713589,0.9190591021893446,1.25,1.7667712446416526,66899.6712558901,7.187304385495067,2.5043342248620037,7.611112549395902,1.25,3.4956680347656954,501735.6972429822,-2.6129598590509384,2.071815256267636,3.3346630536104898,0.75,3.458283870331534,343396.0543237674,7.916468889805345,2.3725673733922443,8.264354519533951,1.25,4.1384420305106655,450334.14955683,1.4083165554950992,2.5043342248620033,2.873159485705023,1.25,3.4956680347656843,501735.6972429821,-0.1903319590509587,2.0718152562676453,2.0805395239551556,0.75,3.458283870331521,343396.0543237704,-0.13401437019461568,2.372567373392245,2.3763492573071066,1.25,4.138442030510687,450334.14955683035,-0.08295248378781675,0.7046492633814633,0.7095151153785286,2.0,3.3956467038056783,39722.62374696126,0.1938149758932471,1.7943252217946617,1.804762379497357,1.25,1.7404465109541585,257568.76024115484,0.03122521506413305,0.9123570516765832,0.9128912332801694,2.0,2.210818380394112,66591.73446525451,4.0,ACL_1_2,ACL_1,ortho,gait_full,4.0,0.5
9.775561910791588,0.9528369524398668,9.821889274964068,1.25,2.689884204536096,72631.9392528035,-0.8706727594026457,0.6239695347582654,1.071171804274302,0.5,1.1321607969334602,31147.03851829508,0.5440374558799123,0.6339032035078532,0.8353502408078938,1.25,1.435798699410059,32146.665142600585,-0.06314984440265094,0.6239695347582677,0.6271569844580607,0.5,1.1321607969334655,31147.038518295307,-0.27285249079164187,0.9528369524398851,0.9911340674531023,1.25,2.6898842045361198,72631.9392528063,-0.959138204120078,0.6339032035078511,1.1496866381845987,1.25,1.4357986994100567,32146.665142600374,0.037356192190373026,0.16642350826404353,0.1705645602048569,0.75,1.417211270453182,2215.751423235704,-0.15406596030483097,0.20622882643279028,0.2574230933239978,1.25,2.0257702013105603,3402.427371766993,0.005883741264519619,0.11982411603229669,0.11996848417059004,1.25,2.180336132080285,1148.6262632855442,9.84540700984479,1.0188450926623052,9.897983860986185,1.25,2.482433203724899,83043.66623933619,0.24086621286000004,1.0056470871550227,1.0340902264313787,0.5,3.3514850296981056,80906.09993102364,1.8334912909263792,1.3453483928767098,2.274126780133163,1.25,1.9536116879189978,144798.462824842,0.13360745984483968,1.0188450926623134,1.0275681369954346,1.25,2.482433203724936,83043.66623933752,-0.08565334713999856,1.0056470871550227,1.0092881450704088,0.5,3.3514850296980976,80906.09993102361,-0.26130002907360717,1.3453483928767103,1.3704889650813739,1.25,1.953611687918993,144798.46282484216,-0.15081341456574773,0.3941007272405959,0.4219716450480372,2.0,2.0604983462938087,12425.273149440072,0.09622875506387407,0.1789060116260915,0.20314362972315486,0.75,2.0877596290393385,2560.601318870551,-0.002988056347829393,0.1553882018420783,0.15541692878336089,1.25,2.3439628687642884,1931.640458451154,8.144473890551973,4.159518127566391,9.145165171140224,0.75,4.131666894427681,1384133.759422438,2.410991457729361,1.975434534900799,3.1169249928291003,3.75,5.771837262461643,312192.0041144075,7.445837493798368,3.0470408509472726,8.045182032210025,3.25,4.742316210207618,742756.8023979473,2.626312320551999,4.159518127566395,4.91925883224665,0.75,4.1316668944276955,1384133.7594224417,-0.05775259727062203,1.9754345349007985,1.976278564416018,3.75,5.771837262461601,312192.00411440746,-0.69932586120158,3.047040850947268,3.126262082341592,3.25,4.742316210207602,742756.8023979452,0.08574255939606744,0.631714796755065,0.6375071536312994,3.75,3.6437145889944933,31925.201955607154,0.002440110805448441,3.0656933854506057,3.0656943565424677,1.25,1.7744752930528493,751878.6353709609,-0.10613494485456343,1.195536150892113,1.2002380241473816,1.25,1.748552449327519,114344.66581766137,7.01877688411145,2.3250365714443495,7.393850418252382,1.25,3.6766021435431493,432465.91189819295,-2.376853639528048,1.9455720442844824,3.0715930399776314,1.25,4.5652023461885225,302821.0212182132,7.8084261078822825,2.265069047655766,8.130317095470867,1.25,4.528054887218209,410446.1746580393,1.2397890541114822,2.325036571444343,2.634933008113927,1.25,3.676602143543152,432465.9118981905,0.04577426047193331,1.9455720442844844,1.9461104445593678,1.25,4.565202346188469,302821.02121821383,-0.2420571521176727,2.2650690476557656,2.2779660786630505,1.25,4.528054887218187,410446.17465803894,-0.0742475517937271,0.724813371950896,0.7286062881324799,0.75,3.846930251376392,42028.35928027026,-0.11778284187993336,1.516373031772951,1.5209404884247126,1.25,1.8170823803710328,183951.89032243763,-0.033402816499988476,0.6561902968770088,0.6570399180153887,1.25,2.873299331684694,34447.631513827706,4.0,ACL_1_2,ACL_1,ortho,gait_full,4.0,0.5
9.718913797784554,1.1030995586908254,9.781314535641457,1.25,2.4786619257316387,97346.29227530127,-1.043282538581137,0.6093140818355619,1.208181321504109,0.75,1.296948906354765,29701.253144155704,0.12494032721326974,0.7257154525885848,0.7363918817382586,0.5,1.7054497844987841,42133.592929738734,-0.3037263585811413,0.6093140818355625,0.6808181484214962,0.75,1.296948906354767,29701.25314415576,-0.06768712778459719,1.103099558690815,1.105174277501788,1.25,2.4786619257316387,97346.29227529945,-1.3983681777867196,0.7257154525885843,1.5754670668637936,0.5,1.7054497844987626,42133.592929738676,0.03249154094745901,0.24979004628086054,0.2518943577258825,0.25,0.9473750774860673,4991.605383122213,-0.031207793732490545,0.29107390477481093,0.292742112499219,1.25,1.7499553750145909,6777.962786215747,0.0011550412472568828,0.11423342140143725,0.1142392607003442,1.0,2.2563002989192684,1043.9452775534467,9.766529241949371,1.133493601616311,9.832085291470841,1.25,2.738250928486758,102784.66940567673,0.16609990874433536,0.9758864845722773,0.9899210122306296,0.75,3.35755005189795,76188.42634144139,1.866745854718186,1.578161601781929,2.444449657376162,1.25,1.6407806019667681,199247.590996274,-0.10953218805056884,1.1334936016163162,1.1387734827981697,1.25,2.738250928486734,102784.66940567766,0.05804457874433507,0.9758864845722753,0.9776111721397425,0.75,3.35755005189796,76188.42634144107,0.38773573471818723,1.5781616017819224,1.6250947791794592,1.25,1.6407806019667728,199247.59099627225,0.05247213882677362,0.3703230749869861,0.37402206515240927,0.75,1.882161459551922,10971.13535848911,-0.036878064850334506,0.20353907795190507,0.2068529620784222,0.75,2.2965773219175594,3314.255759781415,-0.023419264415273512,0.15062068572254803,0.15243048551153762,2.0,3.027839817588521,1814.9352566874395,7.9924088113953005,4.382930122125941,9.115298956364962,0.75,4.447575657965224,1536813.8889745802,2.470526086206374,2.0187503331345686,3.190431326663703,4.25,5.643908319950011,326028.237448271,7.65499939047708,2.937457847574151,8.199248396925135,4.25,4.674314701739541,690292.7338883787,2.3186413563953185,4.382930122125938,4.95844473550181,0.75,4.447575657965247,1536813.8889745777,-0.0009374937936057481,2.018750333134574,2.0187505508174026,4.25,5.643908319949967,326028.23744827264,-0.39871473952287445,2.937457847574152,2.964394044284221,4.25,4.674314701739562,690292.733888379,0.1503490759824685,0.7894070366398155,0.8035971093435049,0.75,3.4479229642271294,49853.129134484974,-0.029875752116198112,3.10719704071147,3.107340665323103,1.5,1.9552695862536489,772376.0189309035,-0.03788928473601807,1.1656283310471907,1.1662439727765654,1.5,1.9886626752409329,108695.44955372436,6.812844309590358,2.7283613207815565,7.338855706678978,0.75,2.4036221243500706,595516.4944837546,-3.1222137076129326,2.118213057343046,3.772935858493313,0.75,3.9301034914221704,358946.29362404224,7.789884185989957,2.353149028557065,8.137542994155881,1.5,4.033845327901056,442984.9774187288,0.7042484995903774,2.7283613207815307,2.8177866217852685,0.75,2.4036221243500875,595516.4944837434,-0.71933739261295,2.118213057343045,2.237023209694027,0.75,3.930103491422151,358946.2936240417,-0.009474539010003405,2.3531490285570635,2.353168102258847,1.5,4.03384532790105,442984.9774187282,-0.025583317919045775,0.7081642681443125,0.708626232108378,2.0,3.9501075903806866,40119.7731007949,0.0024850967829584468,1.5063609164389444,1.5063629663134968,0.75,1.7418950446959325,181529.8980847935,0.042204654802515444,0.727229503228665,0.728453144171408,1.25,1.9631153133199712,42309.03646638422,4.0,ACL_1_3,ACL_1,ortho,gait_full,4.0,0.5
9.7646940384177,1.1565046285899991,9.832942215830432,1.5,2.81204462255609,107000.8910463223,-0.9965190838320044,0.6849307335865238,1.209206514311245,0.75,1.3040081496084732,37530.47024538304,0.4520154079644994,0.746735056919953,0.8728866903960435,0.25,1.0650678753394742,44609.0755444837,-0.2569629038320087,0.6849307335865243,0.7315463373957609,0.75,1.3040081496084734,37530.47024538311,-0.11346736841775072,1.1565046285899903,1.1620575715710992,1.5,2.8120446225560665,107000.89104632068,-1.0712930970354901,0.7467350569199521,1.305864520150975,0.25,1.0650678753394747,44609.075544483596,0.08586132692382285,0.18510870545364339,0.20405244496413977,0.25,1.6030531896431173,2741.220483009356,0.040552946954116285,0.2691650441103739,0.2722027966013628,1.5,1.9283166743800806,5795.985749686903,-0.013558556357801258,0.10721650367717324,0.10807040812019254,0.75,2.5960991337336297,919.6339830381169,9.808588576165233,1.2157085644025416,9.8836408863354,1.5,3.198805231401003,118236.60568342822,0.2760266497451779,1.1604320274006321,1.192808954353835,5.5,3.888550739432695,107728.23908539397,2.0835946682239075,1.6203169633640062,2.639468469828016,1.5,2.1262551596667714,210035.53629289274,-0.06747285383470382,1.2157085644025345,1.2175795249454018,1.5,3.1988052314009603,118236.6056834268,0.1679713197451786,1.1604320274006312,1.1725258438405852,5.5,3.888550739432698,107728.23908539377,0.6045845482239063,1.6203169633640029,1.7294361907038511,1.5,2.1262551596667696,210035.53629289186,0.07423673686900097,0.4367215725934038,0.4429862583302251,0.75,2.133881342969315,15258.072853864936,-0.03556384004641655,0.18217662027001458,0.18561548343781073,0.75,2.8908146710061056,2655.0718623240728,-0.0014797166531039907,0.16429875918512377,0.16430542240335455,2.0,3.3216806015209643,2159.5326344537007,8.740804170972565,4.5482597241644145,9.85334075700965,0.75,4.069147391454074,1654933.322876451,2.2503991542198802,2.1425726281036184,3.107235720059294,3.5,4.617093816557408,367249.44424363924,7.440896839314924,3.5385315665384653,8.239426643930752,3.5,4.779923546898601,1001696.5457690284,3.0670367159725824,4.548259724164417,5.485743407741568,0.75,4.0691473914540905,1654933.322876453,-0.22106442578009985,2.14257262810362,2.1539468301340072,3.5,4.617093816557394,367249.4442436398,-0.6128172906850231,3.5385315665384707,3.59120462785842,3.5,4.779923546898621,1001696.5457690313,0.2069005565060344,0.8268707323940144,0.852363213877934,2.75,3.268872067971786,54697.21686293932,0.03732778139946686,3.2141674537978684,3.2143841998612546,1.5,1.8761792856174875,826469.8053693852,-0.07630645992660068,1.1660096216498985,1.1685037927224153,0.75,2.058113285514478,108766.27540572746,7.405019672550527,2.677745629436595,7.8743023822321625,1.5,3.434818663901218,573631.5992258745,-3.235123318495691,2.372208975789182,4.0116578007962405,0.75,4.2569276310486375,450195.16791349434,7.538914111833381,2.547005777304069,7.957541354917409,1.5,4.637269567799957,518983.3751829615,1.2964238625505526,2.677745629436576,2.975069156735214,1.5,3.434818663901214,573631.5992258661,-0.832247003495704,2.3722089757891793,2.513963106261173,0.75,4.256927631048649,450195.1679134935,-0.2604446131665753,2.547005777304059,2.5602870593251335,1.5,4.637269567799901,518983.37518295716,-0.042958321903034,0.8039770514663523,0.8051239138823628,3.5,4.271935269401736,51710.334398242165,-0.08153512499928134,1.8689010419881191,1.870678775565951,1.5,1.9020573574718205,279423.7766835783,-0.016403863558561885,0.8011711598688813,0.8013390756385818,1.25,1.892951877587054,51350.02418072524,4.0,ACL_1_3,ACL_1,ortho,gait_full,4.0,0.5
9.673466557420616,1.0711367054895664,9.732589022422664,1.5,2.691681708555179,91786.70783795473,-0.8784827595556473,0.8360745080300511,1.2127458686032278,0.75,1.0905807071096407,55921.72834933644,1.2935948264160775,0.6501702607210695,1.4477945098861735,1.5,1.3814615080050208,33817.73711275853,-0.13892657955565194,0.8360745080300528,0.8475383044351021,0.75,1.0905807071096376,55921.72834933668,-0.022239887420690708,1.0711367054895753,1.0713675627157777,1.5,2.6916817085551865,91786.70783795626,-0.22971367858391253,0.65017026072107,0.6895576423002339,1.5,1.3814615080050239,33817.73711275857,0.038601499077889116,0.17947051034833086,0.18357488884853126,0.75,1.5467027682573455,2576.7733475329055,0.04597419507997873,0.24854739572576512,0.25276359416520416,1.5,2.148492246445789,4942.087954761045,0.0018052105046238642,0.13272250427933815,0.13273478039739597,0.75,2.0196848081724763,1409.2231778342673,9.794545572659011,1.1963786122664115,9.867342335136788,1.5,2.938715444345643,114505.7458743383,0.15665056050947457,1.0609197289983636,1.0724225237684513,0.75,3.8595063274066868,90044.09376776499,1.9199353707070883,1.5782903970223467,2.4853877775963094,1.5,2.0380664049279718,199280.77695003717,-0.08151585734092336,1.196378612266405,1.1991524585666808,1.5,2.938715444345598,114505.7458743371,0.0485952305094762,1.060919728998365,1.0620320935857979,0.75,3.8595063274066845,90044.09376776517,0.440925250707094,1.578290397022346,1.6387237882096142,1.5,2.038066404927973,199280.77695003702,0.04011485197203827,0.3804633518151906,0.38257229829561373,0.75,2.481684779133539,11580.202641712096,-0.05335370905294681,0.16320932917237801,0.17170877496099068,0.75,2.6794296449844377,2130.9831428505354,-0.016649470382845654,0.16352595476866527,0.164371356224352,1.5,3.0265337494040256,2139.262228237349,8.45927228280446,4.622171488865287,9.63969692610213,0.75,3.61044376239444,1709165.0574426174,2.138399259747861,2.011122162657681,2.9355346612198447,1.5,4.890367030207452,323571.8989039956,7.691447035611656,3.6426948552305167,8.510439666077318,4.25,4.7592242543419525,1061541.806545519,2.785504827804477,4.622171488865287,5.396619906775092,0.75,3.6104437623944583,1709165.0574426176,-0.33306432025212473,2.0111221626576765,2.0385151936048698,1.5,4.890367030207495,323571.898903994,-0.36226709438829957,3.6426948552305096,3.6606643189453143,4.25,4.759224254341972,1061541.8065455144,0.14472735635588957,0.6224187224281218,0.6390235314186951,0.75,3.3161192221001086,30992.407755631553,-0.25826661267363504,3.051979984744246,3.06288809304248,1.5,2.14437773897408,745170.3696904631,0.011005341604257727,1.0863996256685093,1.0864553668681027,1.5,2.619350192673156,94422.5917345826,7.527422444892661,2.7357739745672194,8.0091540067471,1.5,3.1419263129745767,598756.8506020193,-2.950205825131243,2.2652827826771764,3.7195726227796615,0.75,4.308303259412024,410520.48966048646,7.731892646305526,2.668766549796646,8.179515804209132,1.5,4.29113309624415,569785.2819655251,1.4188266348926966,2.7357739745672225,3.0818060061918677,1.5,3.1419263129746002,598756.8506020207,-0.5473295101312589,2.2652827826771738,2.330466836956528,0.75,4.3083032594120505,410520.4896604855,-0.06746607869443041,2.668766549796645,2.6696191805364093,1.5,4.291133096244122,569785.2819655244,-0.07313220210923302,0.6665580054851353,0.6705578973225707,2.25,4.660395241610449,35543.967228302325,0.04170889322494212,1.9127145594394022,1.9131692600670533,0.75,1.7876007905467703,292678.1880847827,0.058392872676866506,0.8389274819573458,0.8409572210063657,1.5,1.9146051592684379,56303.946310874904,4.0,ACL_1_3,ACL_1,ortho,gait_full,4.0,0.5
9.678326869775336,0.9319091235755399,9.723089303961915,1.25,2.96539280074661,69476.56030264357,-0.9534155979422704,0.9403614524443722,1.3391344083559744,0.5,1.481409402806056,70743.18728447745,1.2868441727329036,0.6484689419630298,1.4409996160954668,1.25,1.451888121523568,33641.33630059899,-0.21385941794227406,0.9403614524443719,0.9643731186039443,0.5,1.4814094028060505,70743.18728447742,-0.027100199775400916,0.9319091235755511,0.9323030813159519,1.25,2.965392800746628,69476.56030264524,-0.2364643322670861,0.6484689419630294,0.6902371687508357,1.25,1.4518881215235753,33641.33630059894,0.2878619590198091,0.5372473532784722,0.609507363413639,0.25,2.560307869070116,23092.07703621489,-0.012534917688904863,0.21334139074207437,0.21370931932236853,1.25,2.2703447988606054,3641.165545353958,0.016514682402227577,0.13325473246829672,0.1342741913401223,1.5,2.0006093545413153,1420.5570560562,9.818734480373607,1.0529532918310585,9.875032021763547,1.25,3.0177748173119894,88696.97047307027,0.1835145935258462,1.102139131258124,1.1173129689963188,0.75,3.5137767739905246,97177.21579301162,1.6671320064480317,1.471485559710853,2.2236454032423882,1.25,1.8942550290198827,173221.99626783532,-0.057326949626330975,1.0529532918310616,1.0545126902656643,1.25,3.0177748173120236,88696.97047307076,0.07545926352584674,1.1021391312581263,1.1047193150761332,0.75,3.513776773990526,97177.21579301204,0.18812188644804145,1.471485559710854,1.483462030723515,1.25,1.8942550290198816,173221.99626783552,0.3218867114747688,0.6471287767335502,0.7227632452613387,0.25,1.447508818127316,33502.533223869155,-0.05119233972692145,0.1785827275739211,0.18577525732577485,0.75,2.254365880924395,2551.355053919831,-0.013015820039179019,0.14267882886948524,0.14327128037000353,2.0,2.8904448467344976,1628.5807586570706,7.834143487097962,4.220299732399653,8.898580449022866,0.75,4.081430707158677,1424874.3938818416,2.0159148688335544,2.2457474406920688,3.017829406338136,0.75,4.639648185297771,403471.4874279434,7.567915318621877,3.092616089229242,8.175427606259579,0.75,4.5786888643855095,765141.9648384704,2.1603760320979895,4.220299732399652,4.741113205920739,0.75,4.081430707158665,1424874.3938818416,-0.4555487111664296,2.2457474406920674,2.291485587041814,0.75,4.639648185297792,403471.487427943,-0.4857988113780783,3.0926160892292263,3.130539052702558,0.75,4.578688864385511,765141.9648384628,0.5055824744308424,1.17494225313899,1.2791023949093911,0.25,1.3515551093874518,110439.22376256764,-0.006620606948998855,2.794393880421123,2.7944017233338863,1.25,1.8424569211872825,624691.0437014943,0.2109827519056961,1.210716044466033,1.2289617821271652,0.5,1.7613076043002913,117266.69720905239,7.439961674132853,2.3061478284160426,7.78918144088798,1.25,3.0225230858533156,425465.6215982694,-2.948554241768778,1.843259982741908,3.4772948509768846,0.5,4.4085436215243075,271809.5695802084,7.45681602253274,2.4517910171546693,7.849546763075008,3.0,4.1823211726413145,480902.5507785009,1.3313658641328896,2.3061478284160417,2.662865537477689,1.25,3.02252308585337,425465.6215982692,-0.5456779267687925,1.8432599827419023,1.922334976985116,0.5,4.408543621524288,271809.5695802067,-0.342542702467218,2.4517910171546724,2.4756039050732426,3.0,4.182321172641321,480902.55077850213,0.06095556152871615,0.6198495091778843,0.622839461265377,0.75,3.451547774306695,30737.09594777656,-0.015934561453366913,1.5058462933232664,1.5059305991194054,0.75,1.921853388204535,181406.91933477484,0.2650134658887495,0.9703052130189606,1.0058450892230562,1.25,1.6514851764000305,75319.37728782925,4.0,ACL_1_3,ACL_1,ortho,gait_full,4.0,0.5
9.763448984958679,0.7714004512330055,9.793875368721677,1.25,2.983248050467164,47604.69939402962,-0.6235828185219465,0.9316969081105662,1.1211220540773263,0.5,1.527428857748561,69445.4699208288,0.6623085687842051,0.7030860085311781,0.9659102316868198,1.0,1.2760281208021291,39546.55665544637,0.11597336147804907,0.9316969081105659,0.9388870800875398,0.5,1.5274288577485553,69445.46992082876,-0.11222231495873325,0.7714004512330072,0.7795206887165883,1.25,2.983248050467233,47604.699394029834,-0.8609999362157845,0.7030860085311775,1.1115983202379751,1.0,1.2760281208021247,39546.55665544631,0.7995594682635617,1.0804648226628224,1.3441352522353225,0.25,0.570997289660316,93392.340353988,-0.060350267188448846,0.1875921050385354,0.19706078408071473,1.0,2.153898233126374,2815.2650719855033,0.051460356071003785,0.1822337698520083,0.18936027862629803,0.25,1.1468942117223928,2656.732163671343,9.797478837469207,0.8535002353674271,9.834584598366582,1.25,3.1263064225035144,58277.01377995772,0.3275490752825623,1.0938853837011,1.1418728604329664,0.5,3.2031403019474323,95726.81894669468,1.7471065773777559,1.2707389160236773,2.1603607998234104,1.0,1.7006767379332937,129182.35671093693,-0.07858259253073638,0.85350023536743,0.8571101887278615,1.25,3.1263064225035353,58277.013779958135,0.21949374528256235,1.093885383701102,1.1156893550146805,0.5,3.203140301947432,95726.81894669503,0.2680964573777624,1.2707389160236737,1.29871209402066,1.0,1.7006767379332963,129182.35671093625,0.8074832797288942,0.9482843584456535,1.245500891815986,0.25,0.6145956135258626,71939.50152673686,0.010229898146499009,0.2125109957836242,0.2127570777789432,0.5,1.3191323382562121,3612.8867563008657,0.09003431746873826,0.22935535058736,0.24639410537817735,0.25,1.192600674826087,4208.32435948184,6.885172298413855,3.1988019396258713,7.591964925353632,0.5,4.881253749186865,818605.4637486405,2.7722760799090276,2.7167416253355823,3.881520284896987,0.25,3.4205241972181777,590455.2568732639,7.334678518857832,2.2860441080643903,7.682675747355893,0.75,4.809425079745654,418089.0757432234,1.2114048434138933,3.198801939625868,3.4205022355789882,0.5,4.881253749186847,818605.4637486386,0.30081249990904174,2.716741625335578,2.733344694496566,0.25,3.4205241972181857,590455.256873262,-0.7190356111421139,2.286044108064392,2.3964577764080124,0.75,4.809425079745599,418089.07574322406,0.6904996642442925,1.3181568091338765,1.4880615443547633,1.0,1.7651432817123511,139003.12861033177,0.3530632238146433,2.1237353801620182,2.152883091336429,0.5,1.652898597573822,360823.6961886531,0.40746975757349235,1.4055244247759142,1.463396908558531,1.0,2.079889349513917,158041.40024028288,6.979343999828429,1.9595071802886124,7.249200718530541,1.25,2.7814373184811827,307173.4965802962,-3.262569266600882,1.645080239083962,3.6538537480847757,0.5,3.68443484442327,216503.1210428729,7.268570397010484,2.115330985883369,7.570121583973103,1.25,3.8497618672109932,357970.03017521196,0.8707481898284618,1.9595071802886086,2.144264629119306,1.25,2.7814373184812125,307173.4965802951,-0.8596929516008935,1.6450802390839576,1.8561683555261863,0.5,3.6844348444232446,216503.12104287173,-0.5307883279894716,2.115330985883377,2.180908395363775,1.25,3.8497618672110274,357970.03017521463,0.505762883179951,0.9841786577072591,1.106527778363001,0.25,2.0371739173766272,77488.61063347198,-0.22321306814334577,1.2843672909881452,1.303619350865195,0.5,1.5210229250979155,131967.96828891523,0.5517904778948326,1.0563585510896265,1.1917911394013563,1.0,1.4606544479530224,89271.47132793156,4.0,ACL_1_3,ACL_1,ortho,gait_full,4.0,0.5
9.795566273771051,0.9730160049014015,9.843773604143644,1.25,3.0734836387624496,75741.0758717937,-0.6026544269749311,0.7701244656796912,0.9778977712373172,0.25,1.3947153861040753,47447.52091608947,0.26511837771362584,0.6693710673002646,0.7199620684037459,1.25,1.5917260909501114,35844.69141371838,0.136901753025064,0.7701244656796926,0.7821980456506956,0.25,1.394715386104085,47447.520916089634,-0.1443396037711024,0.9730160049014034,0.9836635944321039,1.25,3.073483638762509,75741.075871794,-1.2581901272863631,0.6693710673002622,1.4251666646885783,1.25,1.5917260909501103,35844.691413718116,0.5301765152495438,1.0901110455913763,1.2122001604695796,0.25,1.1271403417895636,95068.92398048945,-0.007563265390718086,0.20195561336724788,0.20209718640770769,0.5,2.3598128131316636,3262.9001926563647,0.08138847827609362,0.17729071938239818,0.1950796851935804,0.5,1.502538201025367,2514.563081602401,9.78611954989203,1.0152637360747132,9.838643011033957,2.75,3.271712233602469,82460.92593384426,0.25401832248467876,1.1147662747805656,1.1433412244584158,0.75,3.4978936889751733,99416.58846107175,1.9481526750116274,1.4443411981248553,2.4251639824464863,1.5,2.0880207544199827,166890.62081599975,-0.08994188010792041,1.0152637360747019,1.0192399107107755,2.75,3.2717122336024813,82460.92593384243,0.1459629924846798,1.114766274780563,1.124281567296741,0.75,3.4978936889751755,99416.58846107127,0.4691425550116303,1.4443411981248513,1.5186231374253363,1.5,2.0880207544199916,166890.62081599885,0.4785447517057747,1.0002339180912407,1.1088160218382923,0.25,0.9830814356738705,80038.08110945018,0.00610510731325379,0.22640845077030816,0.22649074796891241,0.25,1.7147780676324482,4100.871951909726,0.077583420726474,0.25188169910513625,0.2635594382975337,0.25,1.278185367740597,5075.55130121824,7.516683940416312,3.82079806929516,8.43202439195014,0.75,3.58203506911565,1167879.8622044509,3.096299233463428,2.4961174277960603,3.9771435926420144,0.25,3.5327391764434832,498448.561695373,7.391011867209,3.02498863804535,7.986088697324101,3.5,4.811893003003711,732044.5030329982,1.842916485416353,3.8207980692951673,4.242032420732901,0.75,3.5820350691156246,1167879.8622044548,0.624835653463437,2.496117427796056,2.573134626712384,0.25,3.5327391764434872,498448.5616953712,-0.6627022627909475,3.0249886380453455,3.0967290080683,3.5,4.811893003003686,732044.503032996,0.3021590309597419,0.9282926156574549,0.9762311510470713,2.75,3.0147562170113065,68938.23590812784,0.18037394819341057,2.5126166946574986,2.5190826535583253,1.5,1.8370141810196807,505059.5088345012,0.16182350252008465,1.3784939922679411,1.3879598454878563,1.25,2.0496262761057347,152019.7148493673,7.058410384892702,2.458767330804867,7.474402581383639,1.25,3.2774616888733723,483643.56695257017,-3.0780010543001577,2.014942647463395,3.678869984497913,0.75,4.368913149771345,324800.5610948986,7.571502621461896,2.412432325346041,7.9465389743698385,1.5,4.0975596693902485,465586.5173824513,0.94981457489273,2.458767330804865,2.635846071702962,1.25,3.2774616888734136,483643.5669525696,-0.6751247393001715,2.014942647463388,2.1250381846409,0.75,4.3689131497713305,324800.56109489646,-0.22785610353805374,2.412432325346045,2.4231690259439334,1.5,4.097559669390293,465586.5173824527,0.3402815347941565,1.1252316425000009,1.1755584937403651,0.25,2.3974742861998495,101291.7432531487,-0.2505052440843267,1.5921311540687757,1.6117178689429856,0.75,2.0665737835264664,202793.41099561375,0.33534854738235853,0.9471965582210834,1.004808423599904,0.25,1.7604802673832949,71775.07474265253,4.0,ACL_1_3,ACL_1,ortho,gait_full,4.0,0.5
9.765376673070552,1.2176528246852214,9.840998931430406,1.5,2.9137795861897686,118614.32261882028,-0.9273105050722975,0.6539344063645545,1.1346959860001278,0.75,1.4445753955588323,34210.62668922628,0.44621979531700406,0.6614259343196112,0.797869896864971,0.75,1.6769026088638135,34998.840669719735,-0.18775432507230147,0.6539344063645535,0.680354241855459,0.75,1.4445753955588254,34210.62668922618,-0.11415000307060641,1.2176528246852263,1.2229916699082337,1.5,2.9137795861897873,118614.3226188213,-1.077088709682985,0.6614259343196095,1.2639637475486096,0.75,1.6769026088638153,34998.84066971957,-0.028587133583469475,0.1658336903666015,0.16827963949071495,0.75,1.4435189869901859,2200.0679912385385,0.03981452642683631,0.2129433147608115,0.21663345036239276,1.5,2.8325971282513738,3627.6171942860933,0.013071172074405528,0.13449755511170985,0.13513122463156377,0.75,2.470198629930398,1447.1679688739182,9.800076690218832,1.3244209818686934,9.889165489129228,1.5,3.211739004523821,140327.2886668556,0.15525344828582038,1.2827915364124323,1.2921523745657888,0.75,3.7537829921320283,131644.51584246694,1.8423843594529057,1.815676886556648,2.5867088518680905,1.5,2.054857993263084,263734.8826109927,-0.07598473978111533,1.3244209818686838,1.3265988911097477,1.5,3.211739004523795,140327.28866685356,0.04719811828582166,1.2827915364124296,1.283659529727834,0.75,3.753782992132033,131644.51584246635,0.3633742394529097,1.8156768865566426,1.8516812345201332,1.5,2.0548579932630737,263734.8826109912,-0.022403543819113983,0.5074699826659971,0.5079642724470712,0.75,2.3069096605846293,20602.066442198833,-0.06449257022935459,0.22625097251732643,0.23526324443020044,0.75,2.497478925048413,4095.1766979743343,-0.038264618252308064,0.17345399327625227,0.17762451630749918,1.5,3.018963749201917,2406.9065910161735,8.611262682225759,4.479207430105042,9.706551611370651,0.75,4.101097751161719,1605067.224167412,2.212821055218781,2.093535586528528,3.046221967368909,3.5,4.674774643649154,350635.01445746515,7.409863891478375,3.462427492172218,8.178905001819318,4.25,4.677858033957502,959073.7124680335,2.937495227225801,4.479207430105039,5.356507949390401,0.75,4.101097751161704,1605067.2241674103,-0.2586425247812086,2.0935355865285326,2.109451873754546,3.5,4.674774643649163,350635.01445746666,-0.6438502385215789,3.4624274921722082,3.521781831430536,4.25,4.677858033957496,959073.7124680282,0.10337803038189736,0.6388383906403391,0.6471487514641274,0.75,3.9511244037321713,32650.018894623103,-0.11726542460624177,3.0148456281034735,3.017125343949553,1.5,2.372172628625883,727155.9294141287,-0.09774304225962686,1.0855679251394232,1.0899593673168186,1.5,2.025327600115189,94276.92911399763,7.698286521925889,2.7030943048492975,8.159064541635548,1.5,3.079013398711573,584537.5286728143,-2.8510072371540622,2.4017993976495946,3.7278522788402975,0.75,4.363664356126485,461491.25500566006,7.590958442913702,2.752173399435649,8.07447264547995,3.5,4.720942464725348,605956.7063573007,1.589690711925915,2.703094304849288,3.135894669865711,1.5,3.079013398711637,584537.5286728102,-0.4481309221540799,2.401799397649592,2.4432481801774886,0.75,4.363664356126455,461491.25500565884,-0.2084002820862407,2.7521733994356494,2.760052372353613,3.5,4.720942464725359,605956.7063573012,-0.13823686369477423,0.8597146521223593,0.8707575515366129,2.0,4.04857542629771,59128.74523498026,0.05475347321862348,1.8902594123137457,1.891052243770703,0.75,1.7032125038600845,285846.4664723201,0.029421185536824553,0.8653839337248145,0.8658839176860986,1.5,2.125668919275393,59911.14827887259,4.0,ACL_1_3,ACL_1,ortho,gait_full,4.0,0.5
9.706675802125936,1.1796293280586796,9.778091862893975,1.5,3.204088248434993,111323.84194764645,-0.8785724729354709,0.6452974339356823,1.090090990901184,0.75,1.3776404433679639,33312.71213718281,0.5447059614902988,0.679908766764708,0.8711948780878921,1.5,1.5402444505404218,36982.09809681704,-0.13901629293547552,0.6452974339356811,0.6601017406017776,0.75,1.3776404433679563,33312.71213718269,-0.0554491321260026,1.1796293280586836,1.1809318176210293,1.5,3.2040882484349744,111323.84194764718,-0.9786025435096931,0.679908766764711,1.191611878627916,1.5,1.5402444505404245,36982.09809681735,-0.044897423025684426,0.1643476379054893,0.17036996413529318,0.75,1.4458410032264557,2160.8138639782674,-0.002301128616515915,0.20859017384001277,0.20860286626869845,1.5,2.3511959022305717,3480.790340088371,-0.03207655879100881,0.11897770605169815,0.12322580963904167,2.0,2.632055997384301,1132.4579370569656,9.739663623812614,1.3270459413381028,9.829654034371739,1.5,3.4799626235143895,140886.26830611943,0.24830349557759013,1.2185364908425966,1.2435778244368303,0.75,3.4772174480723925,118786.87907987591,1.841406725719075,1.8083649253683127,2.5808840409491065,1.5,2.0281284606217946,261614.69706692675,-0.1363978061873279,1.3270459413380944,1.3340372153559379,1.5,3.4799626235143535,140886.26830611765,0.14024816557759065,1.2185364908425969,1.2265809094645446,0.75,3.4772174480723885,118786.87907987597,0.36239660571908383,1.8083649253683116,1.8443196586110153,1.5,2.028128460621777,261614.6970669264,-0.04287374913971778,0.4735309145005469,0.47546785943218045,0.75,2.2084254945266952,17938.542091906023,-0.04185580214907175,0.22812109283210885,0.23192917274128724,0.75,2.2867508004022254,4163.160527086654,-0.04259127833227353,0.158583783481838,0.1642036338617135,2.0,3.235721049117217,2011.9347188071993,8.956109279359396,4.638050652287746,10.085802262438733,0.75,4.205786724247638,1720930.238932579,2.3500311660752486,2.2755464126525227,3.271201301916585,3.5,4.176461222275461,414251.1261973712,7.150290018959897,3.5972423043265542,8.004173883123364,3.5,4.670218131827943,1035213.4832479389,3.282341824359447,4.638050652287745,5.682013877590065,0.75,4.205786724247638,1720930.2389325786,-0.1214324139247353,2.2755464126525338,2.278784173037763,3.5,4.176461222275462,414251.1261973753,-0.9034241110400575,3.5972423043265476,3.708952321133973,3.5,4.670218131827994,1035213.4832479351,0.13161480973226178,0.7080022641415553,0.7201316991845506,2.75,3.5519448617540914,40101.43694996663,-0.012066837148615832,3.2985782650468063,3.298600336384808,1.5,1.9251961361924093,870450.5234833343,-0.1673670502628293,1.174590252164512,1.1864543775441059,0.75,1.9987543082100934,110373.24310360748,7.673946339277741,2.4569567525767453,8.057672672809854,1.5,2.7389679278386097,482932.6542790248,-2.64977604574827,2.117428062041282,3.391874804667949,0.75,4.119178549712235,358681.92821543955,7.506128286429137,2.6734252342021203,7.968008806169848,2.75,4.613698750831954,571776.2607471008,1.5653505292777645,2.4569567525767337,2.913238535297545,1.5,2.738967927838671,482932.6542790203,-0.24689973074828697,2.117428062041285,2.1317741613415544,0.75,4.1191785497122115,358681.92821544036,-0.293230438570803,2.673425234202123,2.6894584162937156,2.75,4.613698750831948,571776.2607471019,-0.10973020270934192,0.7577686276877355,0.7656722604968702,2.0,3.5600097451787343,45937.12745632696,0.06665925788195094,1.6945363552290966,1.6958469612127396,0.75,2.2472303810353242,229721.66384639087,0.055178477711615555,0.8003370732927647,0.8022369321400002,1.5,2.1269275281622995,51243.4442535677,4.0,ACL_1_3,ACL_1,ortho,gait_full,4.0,0.5
9.72566297463951,1.0175332405292468,9.778747066565113,1.25,2.4367626630833508,82829.9660329673,-0.6096104740615548,0.7003099163158715,0.9284712752562119,0.75,1.4455152320812483,39234.92939673402,0.25321177939849193,0.6582046087610794,0.7052301129563856,1.25,1.6783787548241942,34658.83350398701,0.12994570593844101,0.7003099163158711,0.7122639015015307,0.75,1.4455152320812417,39234.929396734005,-0.07443630463957479,1.0175332405292428,1.0202522526465392,1.25,2.436762663083347,82829.96603296667,-1.2700967256015008,0.658204608761081,1.4305170391777868,1.25,1.6783787548241973,34658.83350398716,-0.0997273843462299,0.2236025635195288,0.24483393882598378,0.75,1.4361452039581584,3999.8844792218924,0.019000352143378873,0.21449998380596835,0.2153398626226298,1.25,2.15695640333198,3680.8558044076335,-0.0281557613192228,0.12328946133218463,0.12646358436737942,1.5,2.306711945681372,1216.0313102999953,9.68213791269923,1.1200426112162327,9.746706623853406,1.25,2.8446722417711063,100359.63626426361,0.20408445953270113,1.1363970497976223,1.1545772912245826,0.75,3.1384676760011065,103311.88535273807,2.163826034399818,1.6183606069961562,2.702079599387,1.25,1.607700689740191,209527.31750055027,-0.19392351730070306,1.1200426112162338,1.1367065503032678,1.25,2.844672241771117,100359.63626426381,0.09602912953270103,1.136397049797624,1.1404472142574384,0.75,3.13846767600111,103311.88535273833,0.6848159143998283,1.618360606996158,1.7572887898385532,1.25,1.6077006897401913,209527.3175005508,-0.14538500293268858,0.42933791638033875,0.4532856114190573,0.75,2.0097375914173137,14746.487554043213,-0.02034312178429355,0.1900422187279088,0.19112793490998886,0.75,1.9043067133269571,2889.2940088754053,-0.03972737718574982,0.15744333525051651,0.16237816451994205,2.0,2.7442986440702786,1983.0735248004937,8.645613958314838,4.207005314614432,9.614860083922306,0.75,4.021705855839668,1415920.745465279,2.5992471350749624,2.140169973399758,3.366959041069154,4.0,4.451913833911393,366426.50577382353,7.13152152628242,3.388164743654944,7.8954581633984935,4.25,4.726335328936762,918372.8534523313,2.971846503314881,4.207005314614442,5.150802399282955,0.75,4.021705855839659,1415920.7454652854,0.12778355507497666,2.1401699733997632,2.143981378648038,4.0,4.451913833911393,366426.50577382534,-0.9221926037175255,3.388164743654941,3.5114241453429775,4.25,4.726335328936808,918372.8534523295,0.027370545122934766,0.6210662955092786,0.6216691162973638,3.5,4.2511607781315,30858.466819229958,0.19331704940228991,3.004819771881802,3.011031939897253,1.25,2.0532232924198817,722319.6152361669,-0.19674270977594227,1.1886627213149616,1.2048347433959026,0.75,1.833178569154135,113033.52704883802,7.206334013264968,2.1969563596176895,7.533781730101037,1.25,3.23294885996051,386129.5403076165,-2.8335767535142007,1.7521344929946125,3.33153605707601,0.75,4.4563439884244875,245598.23345524425,7.54641495135927,2.3424725623946205,7.901617323287073,1.5,4.281237009658727,438974.38143310597,1.0977382032649943,2.196956359617676,2.4559410434641973,1.25,3.2329488599604783,386129.54030761175,-0.4307004385142163,1.7521344929946117,1.8042943632561241,0.75,4.4563439884244795,245598.23345524402,-0.2529437736406823,2.3424725623946263,2.356089611664895,1.5,4.2812370096587475,438974.3814331081,-0.20470522438739586,0.7314589498844805,0.7595633115531588,0.75,3.638980203142938,42802.57631102659,-0.014088762673641994,1.6290707697381912,1.6291316908246114,1.25,1.7133617638591974,212309.9911011869,-0.038960663502686566,0.6536166875260032,0.6547768379478878,1.25,2.269209953427334,34177.50214587017,4.0,ACL_1_3,ACL_1,ortho,gait_full,4.0,0.5
9.639677492836574,1.0859756059958448,9.700655915076982,1.5,2.8985704594472295,94347.46590298333,-1.4009195484929293,0.684256190367065,1.559096570262818,0.75,1.5714289068175322,37456.76002085871,1.091951610153511,1.1022931732227084,1.5515825980753435,0.25,0.8440605678986809,97204.10415832962,1.262005761507056,0.6842561903670663,1.4355713413594795,0.75,1.5714289068175231,37456.76002085886,-0.4508539528366263,1.0859756059958494,1.175845357011909,1.5,2.8985704594471864,94347.46590298411,-0.7646166648464792,1.102293173222705,1.3415248353624816,0.25,0.8440605678986765,97204.10415832902,0.05701484858814165,0.25323250077627985,0.25957155546965716,0.75,1.3668520340601933,5130.1844604839525,-0.059184460633986476,0.29302098469992605,0.29893828435824377,1.5,1.59621605445729,6868.942358328119,0.09203386476518222,0.13092308720359938,0.16003464320745414,1.5,3.1981963653538683,1371.2880851184061,9.689576145412103,1.2626819242554548,9.771502009393474,1.5,3.074627307001446,127549.50211916683,0.19254096053647365,0.9462766990055557,0.9656664085309993,0.75,3.986769811595091,71635.74365937221,2.4936101023973998,1.3382593466964554,2.8300228659498132,1.5,1.982919500072887,143275.5689381321,-0.15770139458784815,1.2626819242554808,1.2724917963179472,1.5,3.074627307001514,127549.50211917203,-0.28909400446352274,0.9462766990055572,0.9894518353601701,0.75,3.9867698115951007,71635.74365937247,1.0626110273974085,1.3382593466964527,1.7088242374706046,1.5,1.9829195000728643,143275.56893813156,0.025228558700747392,0.34631340145681977,0.34723112216895174,2.25,2.4815616389084574,9594.638503164246,0.009000572380695303,0.1643676621986296,0.16461390791735353,0.75,2.9141911016669653,2161.3430828778983,-0.015564023023422803,0.18397114242608892,0.18462832951157288,2.25,2.5807174839367066,2707.6334750326378,8.649190256820498,4.888641993789808,9.935155390939983,0.75,4.341359066521418,1911905.645983049,1.7934811114594902,2.1056370475258785,2.7659142924312508,1.5,4.130547099655974,354696.64814003813,7.534014882695707,3.559296632112748,8.332464987508171,3.75,4.55660504808097,1013487.4155356779,2.9628599918205327,4.88864199378981,5.716411450777138,0.75,4.341359066521422,1911905.6459830515,0.0113493864595012,2.105637047525882,2.1056676339077165,1.5,4.130547099655956,354696.6481400394,-0.623467212304249,3.5592966321127593,3.6134891559526867,3.75,4.556605048080987,1013487.4155356841,0.13093765439494795,0.6583458201809583,0.6712405591799332,0.75,3.20883454164102,34673.543865454565,-0.031227618309419097,3.14875547817844,3.1489103235093907,1.5,1.9451395281512802,793172.8943979566,-0.08228414873394041,1.3285925578629059,1.3311381843901737,1.5,2.0706476028945398,141212.65890387687,7.0638324520454425,3.3362024074027925,7.812040412960656,1.5,2.573455509329123,890426.1147580618,-2.7184218607447392,2.021857621741311,3.3878792268273563,0.75,2.0386162485035455,327033.12619970815,7.940240315876553,2.895499621481343,8.451706001268027,1.5,4.727798278972425,670715.6841796794,1.187137222045467,3.336202407402787,3.541121473082501,1.5,2.5734555093291314,890426.114758059,-0.29943997574474956,2.021857621741305,2.043911089472197,0.75,2.038616248503523,327033.12619970605,0.03953594087660022,2.8954996214813367,2.8957695261570047,1.5,4.727798278972451,670715.6841796767,-0.024717577242631267,0.5251586692719998,0.5257400370299785,2.25,3.518997734981226,22063.684856570824,-0.1558231875283835,1.7849845479395985,1.7917730610081846,1.5,2.016882941747083,254894.53427951576,0.01993402308706018,0.805628945422509,0.8058755257352214,1.5,2.24682533263751,51923.17394088456,4.0,ACL_1_4,ACL_1,ortho,gait_full,4.0,0.5
9.4214715097281,1.1087915309373906,9.48649271689473,1.5,2.9278600753833506,98353.54544246521,-1.17474814138527,0.8597605472526888,1.4557545790071862,0.75,1.1868473217911009,59135.17657727247,2.157611307311215,1.0735286442368774,2.4099274477532053,1.5,1.6482645656556147,92198.63562664717,1.4881771686147145,0.8597605472526925,1.7186795756621875,0.75,1.1868473217911,59135.176577272985,-0.23264796972815577,1.1087915309373886,1.132935892668738,1.5,2.927860075383298,98353.54544246485,0.3010430323112205,1.073528644236871,1.114939755009296,1.5,1.6482645656555996,92198.63562664608,0.0986094802146118,0.17857608737644307,0.20399325618969602,0.75,1.548969911904114,2551.1542326442927,-0.0027247202413732906,0.23329759002242803,0.23331350070380982,1.5,1.9156428898965392,4354.2214356575405,0.1092317750842662,0.1299055774494735,0.16972636725194135,1.5,2.2178397073842984,1350.0370551361523,9.593523355829063,1.301320531271864,9.681380351166224,1.5,2.8329327323437727,135474.99692078173,0.2000989546734447,0.9519346351212421,0.9727379612232769,0.75,3.7947927852881,72494.4094744557,2.6972072722185434,1.3724438795884653,3.026306209214202,1.5,1.9656751781173338,150688.58087771025,-0.25375418417088397,1.3013205312718683,1.3258304232042377,1.5,2.832932732343771,135474.99692078267,-0.28153601032655173,0.9519346351212423,0.9926943510738866,0.75,3.794792785288109,72494.40947445574,1.266208197218552,1.3724438795884628,1.8673203799357212,1.5,1.965675178117312,150688.58087770978,0.05304191148713455,0.35680608356804866,0.36072707916841834,0.75,2.5361152564966445,10184.868265044892,-0.006722333988937505,0.17095828694819232,0.17109040198245865,0.75,3.156108313130434,2338.158256284948,-0.0025930277764332644,0.18104821203255636,0.1810667801481952,2.25,2.5001470244808712,2622.281548649586,8.64979118529606,4.8009401537193535,9.892821332098352,0.75,4.386431430832098,1843922.1097064,1.468976340099282,2.027374709230079,2.5036253113030376,1.5,5.2262700364557855,328820.1467834418,7.600696420832935,3.4144655200213476,8.33241626835081,3.75,4.295548343535998,932686.062666718,2.9634609202960904,4.800940153719365,5.641908097950291,0.75,4.386431430832111,1843922.1097064086,-0.3131553849007062,2.0273747092300844,2.051417682169596,1.5,5.22627003645579,328820.14678344346,-0.5567856741670179,3.414465520021354,3.4595642896717957,3.75,4.295548343536018,932686.0626667214,0.13377841238983298,0.7243118508910519,0.7365625030930949,0.75,2.850487486977591,41970.21931601907,0.009073290244659714,3.1330182406686666,3.133031378865914,1.5,1.9778377521021588,785264.8687216236,-0.10140037356977975,1.3150813066093285,1.318984790948474,1.5,2.096634195141995,138355.1913421225,7.583445993664927,3.3797500010111814,8.302491385612376,1.5,2.4334157406114456,913816.9651133552,-2.5995704956051515,2.3768705026146977,3.5223969321785216,1.5,2.0721292600019163,451961.2336587756,7.8331747245682335,3.0211866378516214,8.395605693834591,1.5,4.751620009522532,730205.7591885845,1.706750763664961,3.379750001011184,3.786252532334053,1.5,2.433415740611444,913816.9651133565,-0.18058861060516318,2.376870502614692,2.3837209636364993,1.5,2.0721292600019097,451961.2336587734,-0.0675296504317247,3.0211866378516232,3.021941255951318,1.5,4.751620009522543,730205.7591885856,-0.0664732625847333,0.5494985144533159,0.5535045727228094,2.25,3.2290234139818628,24155.91674128751,0.0059020239266797956,1.99565398257175,1.99566270998907,1.5,1.8998246838201076,318611.0327499634,0.030670584441720057,0.8500767315722048,0.8506298456499625,1.5,2.2551150798924904,57810.49598082547,4.0,ACL_1_4,ACL_1,ortho,gait_full,4.0,0.5
9.165924050901602,1.0294171178208666,9.223549387809394,1.5,2.769382952631312,84776.30532774134,-1.084541645499398,0.8108259297816446,1.354130447641146,0.75,1.3740306314765196,52595.454188992604,3.0817895750002133,0.8237758204391944,3.1899895904093896,1.5,1.4206588567171525,54288.88992442175,1.578383664500588,0.8108259297816486,1.7744671540404966,0.75,1.374030631476514,52595.454188993135,0.022899489098346493,1.0294171178208542,1.0296717870581673,1.5,2.769382952631256,84776.30532773929,1.2252213000002201,0.8237758204391915,1.4764057153487629,1.5,1.4206588567171667,54288.889924421346,0.08777108003149327,0.1948773153365931,0.21373097698436871,0.75,1.7428083174451463,3038.215281742307,-0.06851339050609803,0.24793748051044215,0.25722962294515567,1.5,1.9861151538089992,4917.847041324196,0.13986426537507202,0.14404487603785027,0.2007758427741451,0.75,2.1737693163288276,1659.9369554622913,9.518444582212979,1.2636641361485381,9.601959920435391,1.5,2.5925059701244524,127748.06104583383,0.2675343375335487,0.9869504882176063,1.022568280337546,0.75,3.886678900902498,77926.33776336978,2.727733407530468,1.398763975889,3.06546410887529,1.5,1.870209690392899,156523.65978478864,-0.32883295778696575,1.2636641361485217,1.3057481239178228,1.5,2.5925059701244653,127748.0610458305,-0.21410062746644726,0.9869504882176053,1.0099061069596993,0.75,3.8866789009025093,77926.33776336959,1.2967343325304705,1.3987639758889967,1.9073700714355455,1.5,1.8702096903929066,156523.65978478786,0.032530201611751054,0.3940548857406929,0.3953953300091084,0.75,1.9720991317465568,12422.40165017897,-0.013996502121046616,0.1543970947707117,0.1550302065574983,0.75,2.539282137923459,1907.078047067278,0.005161320047096436,0.17515936193166523,0.17523538825515994,2.25,2.295723042218188,2454.464169090548,8.675914253207317,4.331238898128455,9.696964397256847,0.75,4.0524217305578105,1500770.5772588798,1.64690496040854,2.03982402618219,2.6216746568574014,1.5,4.8250574291045165,332871.1667301522,7.239315473239757,3.253806644416596,7.936935567354579,4.25,4.383993809122322,846982.4579556377,2.989583988207335,4.331238898128454,5.2628170037734225,0.75,4.052421730557833,1500770.5772588786,-0.13522676459145277,2.0398240261821914,2.0443014297436664,1.5,4.8250574291045405,332871.16673015285,-0.9181666217601926,3.2538066444165845,3.380870838195987,4.25,4.383993809122344,846982.4579556314,0.1721062064327631,0.7306033847280508,0.7506009939167154,0.75,3.110838797620888,42702.731876257654,0.03871901942615704,3.0793277857288577,3.0795711997658235,1.5,1.7812192230183659,758581.4908374336,-0.10839656798352115,1.3151203719136424,1.319580012190577,0.75,2.1787102543714623,138363.8552685655,7.5852465314528175,3.2097334710313703,8.236404184956934,1.5,2.498808693885685,824194.520621332,-2.6927605832440866,2.275639885165875,3.525549098456975,0.75,2.063222825443004,414283.0123233496,7.77860683512154,2.8809669297054166,8.294980093131977,1.5,4.39542870418637,663998.4391809911,1.7085513014528448,3.2097334710313685,3.636143080897022,1.5,2.4988086938857017,824194.520621331,-0.2737786982440986,2.275639885165868,2.2920496640714307,0.75,2.063222825443014,414283.0123233471,-0.12209753987841702,2.880966929705421,2.8835530616412526,1.5,4.395428704186394,663998.439180993,-0.04218046306117545,0.5557806242036594,0.5573789498216312,2.25,3.3332843530980054,24711.440110648564,0.0773491114661736,1.8102252343316994,1.8118770057749125,0.75,1.85050431745335,262153.72000537376,0.07420713093878367,0.8166907798817815,0.8200551982800173,1.5,2.22485026165763,53358.75786167367,4.0,ACL_1_4,ACL_1,ortho,gait_full,4.0,0.5
9.157421745660363,0.9138737824147294,9.202909231220216,1.5,3.4743752135420234,66814.2199859108,-1.1817099724919948,0.8052655207511115,1.4299968594362682,0.75,1.2507219069147142,51876.20482117926,3.237359426589809,0.6895282768010685,3.309976631554692,1.5,2.464278401692656,38037.14498039222,1.4812153375079902,0.8052655207511122,1.6859571272661324,0.75,1.2507219069147124,51876.20482117935,0.03140179433958192,0.913873782414716,0.9144131248362115,1.5,3.4743752135420056,66814.21998590881,1.3807911515898175,0.6895282768010643,1.5433837658913545,1.5,2.4642784016926793,38037.14498039177,-0.45325116074050437,1.0028679490072145,1.1005365681605275,0.25,1.0107641851930826,80460.72981811326,0.045034541986450474,0.32065066119690705,0.3237977092228156,1.5,1.3483443389618812,8225.364347269831,-0.019794555265941583,0.3524036223130451,0.3529591158158856,0.25,1.4449133868396498,9935.28830631233,9.607945723725704,1.1122261156881499,9.672107731124473,1.5,3.5785012413128765,98965.82274820782,0.23316584916571265,1.1342502723024221,1.1579680450838383,0.75,3.5163355604607034,102922.69372506208,2.615088303299133,1.2433786384297734,2.8956307210270116,1.5,1.7634617991089272,123679.26127045263,-0.2393318162742436,1.1122261156881341,1.1376847765087845,1.5,3.578501241312839,98965.82274820498,-0.24846911583428258,1.134250272302422,1.1611462361570088,0.75,3.516335560460696,102922.69372506202,1.1840892282991362,1.2433786384297694,1.7169908966204541,1.5,1.7634617991089316,123679.26127045181,-0.49105614113377155,1.1035133829972195,1.2078401881868142,0.25,1.0122727608488136,97420.45020398682,-0.005800840709423846,0.14970679553673863,0.1498191389069333,0.75,2.7531729407822145,1792.9840164629334,-0.14717017542545133,0.34274450742236073,0.3730051714158328,0.25,1.7360937861134444,9398.093071140562,8.697681368329366,4.047651073941687,9.59339045392009,0.75,4.031700602904154,1310678.4560621853,2.402702069042205,2.5689184598529686,3.517430779127436,0.5,3.5306046677426224,527948.3976178133,6.854987738641341,3.4001725635734146,7.651929845405049,4.25,4.516477797939551,924894.951211597,3.0113511033293925,4.047651073941677,5.044969245090039,0.75,4.031700602904165,1310678.4560621786,0.6205703440422127,2.5689184598529735,2.642810928779818,0.5,3.530604667742636,527948.3976178153,-1.3024943563586109,3.4001725635734124,3.64110766256965,4.25,4.516477797939585,924894.9512115958,-0.15703846247483125,1.1688767308320076,1.1793786035777403,0.25,2.6123680811250116,109303.94284645483,-0.12971890491984342,2.9151972262083503,2.9180818806172084,1.5,1.7950921410390372,679870.1149240514,-0.4095443213560172,1.6293300070837096,1.6800127449333122,1.5,2.13540670091947,212378.96051361482,7.246563550270227,2.46690674507039,7.654953440549382,1.5,2.779777379140067,486857.1061051384,-2.5281557894784115,1.910840528602738,3.1690508392299424,0.75,2.2221792390164556,292105.2333732904,7.658164798879224,2.369515639288631,8.016364041860019,1.25,4.423579148946028,449170.49029414397,1.3698683202702528,2.4669067450703803,2.821731401773348,1.5,2.779777379140091,486857.1061051346,-0.10917390447842287,1.9108405286027366,1.9139567568703975,0.75,2.2221792390164694,292105.23337329004,-0.24253957612073215,2.369515639288634,2.3818962636559653,1.25,4.423579148946055,449170.49029414484,-0.4030718040408074,1.087343405586641,1.1596476020263509,0.75,1.7395553711096436,94586.39509393144,0.01774876458327718,1.5199409680140292,1.5200445930602355,0.75,1.8111014720087857,184818.81005907082,-0.3338524909635263,1.1758759530555385,1.2223509081670543,0.5,1.184515868742002,110614.74251605589,4.0,ACL_1_4,ACL_1,ortho,gait_full,4.0,0.5
9.305672371896776,0.763523366996473,9.336943087811589,1.5,3.569675427705358,46637.67265762567,-1.3220499127207372,0.8829538049315968,1.5897872163808884,0.25,1.2608471363058982,62368.75776221224,2.7034101882336374,0.6642554873813982,2.7838214738667655,0.25,1.7899840810224126,35299.19631148512,1.340875397279247,0.8829538049315953,1.6054763320186194,0.25,1.260847136305894,62368.75776221202,-0.11684883189683447,0.7635233669964752,0.7724128309817806,1.5,3.569675427705449,46637.67265762591,0.8468419132336468,0.6642554873813951,1.0762790430578484,0.25,1.7899840810224177,35299.19631148479,-0.7076406474851367,1.080078032070617,1.2912489463053667,0.25,0.45900916304897726,93325.48468598588,0.08080107289971984,0.2990180537379748,0.30974281241538476,0.25,1.5059051429298975,7152.979401127618,-0.10124879530451021,0.369996870612523,0.38360005580509854,0.25,0.6980475793342342,10951.818548506142,9.58652566734101,0.9255344325337083,9.631100059515191,1.5,3.1326971439651645,68529.20777196043,-0.16615368987455625,1.1465667824476509,1.1585432384124854,0.5,2.7420850988052217,105169.24343768581,2.699888194164365,1.3019256691483543,2.997399991488541,1.5,1.3677237545998557,135600.83604749604,-0.260751872658937,0.9255344325336956,0.9615641033756472,1.5,3.132697143965121,68529.20777195854,-0.6477886548745535,1.1465667824476506,1.3169075624342588,0.5,2.7420850988052123,105169.24343768573,1.2688891191643736,1.3019256691483518,1.8179906613404602,1.5,1.3677237545998426,135600.83604749554,-0.7473961923759456,1.0383573090414078,1.279369754847196,0.25,0.6480380332864635,86254.94322357248,-0.011766751784597643,0.1733970059226881,0.17379579428315597,0.5,2.3222837993210583,2405.3326070395246,-0.2289651431714633,0.31736248890468094,0.3913361549247685,0.25,1.0224206550951294,8057.523187303625,7.850052433538297,3.3383056835606686,8.530393194114442,0.5,4.164503373775951,891542.8406424528,2.372081877240606,2.310391597368188,3.311296085450959,0.25,3.710916954884602,427032.90154013067,7.079441596295846,2.9619601885837845,7.674092876302656,0.5,4.3514956222058165,701858.6391635503,2.1637221685383268,3.338305683560656,3.9781878361281002,0.5,4.164503373775964,891542.8406424458,0.5899501522406163,2.310391597368195,2.3845231211540576,0.25,3.7109169548846133,427032.9015401334,-1.0780404987041146,2.9619601885837983,3.1520436982379523,0.5,4.35149562220584,701858.6391635565,-0.5831638732307768,1.0993601708735057,1.244456864798674,1.25,2.026968806230397,96687.70735605307,-0.1758332130286222,2.0590242584667764,2.066518380213113,1.0,1.9996298857068049,339167.3798374705,-0.41989219216592305,1.5207205322765505,1.5776249206732822,1.5,1.6901929950921515,185007.81040305,6.566761895178238,1.9732916443223603,6.8568390459101005,0.25,2.3113849616605684,311510.9527993702,-2.4158414739983147,1.7977619223984334,3.0113515166974545,1.5,2.4981961058074553,258555.9978774078,7.920096481023653,1.9225699226274675,8.150104500932184,1.0,4.456463278435397,295702.03392676776,0.6900666651782756,1.9732916443223605,2.090471696996329,0.25,2.311384961660546,311510.9527993702,0.003140411001671328,1.7977619223984347,1.7977646653016004,1.5,2.498196105807443,258555.99787740828,0.01939210602369407,1.9225699226274704,1.9226677199058164,1.0,4.456463278435432,295702.0339267686,-0.6297404533992951,1.0529551487018785,1.2269016194566478,0.5,1.3154122872114309,88697.23549405157,0.23787255804549085,1.4888816910784637,1.5077639218059873,1.5,1.9696881990799056,177343.0423174088,-0.5137024775258388,1.1222322429283145,1.2342185553961262,0.25,1.1758778348213037,100752.5272944068,4.0,ACL_1_4,ACL_1,ortho,gait_full,4.0,0.5
9.413461255874633,0.8834791877018159,9.454828834566763,1.25,3.452632357509385,62442.843697144344,-1.4887934874334021,0.8595398766154484,1.719102919465909,0.5,1.181497914803401,59104.9462485489,2.341164244359126,0.5945083684523972,2.4154689439579986,1.25,1.8799472478532158,28275.21624622523,1.1741318225665816,0.8595398766154473,1.4551269141403513,0.5,1.1814979148034022,59104.94624854872,-0.22463771587468656,0.883479187701809,0.9115906858319939,1.25,3.452632357509482,62442.8436971434,0.48459596935913735,0.5945083684523964,0.7669898654343825,1.25,1.879947247853212,28275.216246225173,-0.17881983281555688,0.6788894716558864,0.7020451889539535,0.5,1.7176214650323287,36872.534290871634,-0.03082137635076454,0.20432854107784743,0.20664004921398235,1.25,2.7468261635606397,3340.0675614383176,0.05115282904847408,0.23868691633965056,0.2441066487242692,0.25,2.5325764973722227,4557.9067294580345,9.578790033729618,1.046447111079353,9.635780719099214,1.25,2.7428015782182578,87604.15578933338,-0.061795851920553826,1.1105285019332172,1.1122465018693575,0.75,3.987811145108829,98662.40253548569,2.7948752692970955,1.4447962603104405,3.146230125838786,1.25,1.9187757683199975,166996.19976120107,-0.2684875062703298,1.046447111079348,1.0803411948590933,1.25,2.742801578218258,87604.15578933258,-0.543430816920553,1.1105285019332176,1.2363618428215002,0.75,3.987811145108834,98662.40253548576,1.3638761942971065,1.4447962603104427,1.9868554318765619,1.25,1.9187757683200037,166996.1997612015,-0.2407237613445255,0.5443683053094189,0.5952182634137706,0.75,2.802038077747112,23708.104848844352,-0.023076366136156344,0.20184572093266306,0.2031605614603298,0.5,2.4723710696577164,3259.348621027695,-0.08676113379814365,0.19057680978997663,0.2093967878637691,2.0,2.934287850821164,2905.680321476454,7.869977643425909,3.6303550205254678,8.666950195026972,0.75,4.473820445980346,1054358.722931849,1.8630078741247207,1.6996318100732484,2.521814154307089,1.25,6.1782152577652845,231100.51702846194,7.265875572437276,2.6779144145604494,7.743653752967738,3.75,4.201496024870294,573698.0579513218,2.1836473784259347,3.630355020525452,4.236483618327918,0.75,4.473820445980365,1054358.7229318398,0.08087614912473459,1.6996318100732521,1.7015549480725347,1.25,6.1782152577652925,231100.51702846301,-0.8916065225626855,2.677914414560465,2.822443587175312,3.75,4.201496024870271,573698.0579513285,-0.20213062373452748,0.878255984663034,0.9012160471539244,0.25,3.8495578931039103,61711.07912531289,-0.22301654721969746,2.3107263016773123,2.321463422412058,1.25,1.7714876161936293,427158.6042027419,-0.09695980945598208,1.1475051259889733,1.1515942075317631,1.25,2.5260152231979136,105345.56527341309,6.786150995432524,2.259537173762509,7.152436897479384,1.25,3.1234290782295866,408440.8390645135,-2.4614820960350117,2.0083358467073147,3.1768391495746995,0.75,3.678490783638678,322673.2785859122,7.85177477860401,2.1240330547167217,8.13399554901841,1.25,4.199032199264667,360921.3236927736,0.9094557654325619,2.259537173762516,2.4356966208650093,1.25,3.1234290782296057,408440.83906451595,-0.04250021103502684,2.008335846707312,2.0087854890723396,0.75,3.6784907836386784,322673.2785859113,-0.048929596395951194,2.1240330547167248,2.1245965553329724,1.25,4.199032199264668,360921.32369277475,-0.25006546949427194,0.7048177435663865,0.7478641525567349,2.0,2.973123793515915,39742.09346830561,0.09851678795104199,1.5409512814296578,1.5440972797229764,1.25,1.6579019079384438,189962.6009440619,-0.15899017691132372,0.7619522181776305,0.7783630638333923,1.25,2.031946181219217,46445.78287457058,4.0,ACL_1_4,ACL_1,ortho,gait_full,4.0,0.5
9.494763662560219,1.018696831866341,9.549255481090055,1.5,3.169222580634025,83019.45947090945,-1.4527105677362402,0.8095297399946526,1.6630413084311402,0.75,1.0135192157619084,52427.12573866414,2.2154993512948855,0.6313823127616206,2.3037102683402426,1.25,1.76024839714277,31891.490336072115,1.2102147422637453,0.8095297399946528,1.4560075969335855,0.75,1.0135192157619124,52427.12573866417,-0.3059401225602761,1.0186968318663476,1.063645896831615,1.5,3.1692225806340244,83019.45947091054,0.35893107629489784,0.6313823127616228,0.7262748394364419,1.25,1.7602483971427794,31891.49033607233,0.01049521796040031,0.14637392037659047,0.14674969903358834,0.75,1.5933368918895539,1714.0423316673475,-0.049959464135038927,0.19677967554324394,0.20302263116107178,1.5,2.5553925170734355,3097.7872639075117,0.11625717357420172,0.11483609351239428,0.16341070583241918,0.75,2.1637472927930164,1054.9938362275827,9.652162884766785,1.1975268429218857,9.726166711175987,1.25,2.8231711307194445,114725.66968944533,0.2749039881450087,1.0701905326866603,1.1049343776669223,0.75,4.9085400816542535,91625.52973993722,2.7403737361714406,1.3893125823411097,3.0724318813196723,1.5,2.1918871074734936,154415.7704111898,-0.195114655233167,1.1975268429218933,1.2133178759934407,1.25,2.8231711307194765,114725.66968944682,-0.2067309768549891,1.0701905326866594,1.0899749873476794,0.75,4.908540081654258,91625.52973993709,1.3093746611714545,1.3893125823411159,1.9090970260228266,1.5,2.191887107473494,154415.77041119113,-0.00744882157217611,0.38659304482865936,0.386664799603879,0.75,2.504418068293644,11956.35192800843,-0.01264556831685991,0.2114030706974438,0.21178094507855236,0.75,2.4295545135035024,3575.3111070721047,-0.030196829929198678,0.16649320425555106,0.16920944300201923,2.0,2.384815427515443,2217.6057824042964,8.657008668808796,4.462633162137478,9.739553061185088,0.75,4.5356960244664934,1593207.8445445313,1.780632161673324,2.0891144647159035,2.7450045795718867,1.5,6.221146962694963,349152.16596750374,7.170943729082632,3.1699382318678473,7.840340704301503,3.5,3.9645449977521894,803880.6863649023,2.9706784038088223,4.462633162137455,5.3609723855533025,0.75,4.535696024466462,1593207.8445445148,-0.001499563326661164,2.0891144647159066,2.089115002908026,1.5,6.221146962694957,349152.1659675048,-0.9865383659173225,3.1699382318678566,3.319904568098959,3.5,3.9645449977521787,803880.6863649071,0.129389120110374,0.7399890823654048,0.7512159386108169,0.75,2.833215764684919,43806.71140103139,-0.02801337140503751,2.956126078857492,2.9562588085414387,1.5,1.7808004783537792,699094.5141931407,-0.10749906116172622,1.2255145787151114,1.2302203179893954,0.75,1.7969492471609019,120150.87881414812,7.513827318253799,2.703341627562303,7.985340125745946,1.25,2.9835014631992687,584646.1208918522,-2.401333041044857,2.1599864230902712,3.2298516563378024,0.75,3.0812426878173182,373243.4539939396,7.524445831372762,2.511849922100229,7.932633553897334,1.25,4.526764061536458,504751.9425493478,1.6371320882538465,2.703341627562315,3.1604204514117527,1.25,2.9835014631992967,584646.1208918573,0.01764884395513121,2.159986423090265,2.16005852458382,0.75,3.0812426878173342,373243.4539939374,-0.3762585436272017,2.5118499221002137,2.5398741155433897,1.25,4.526764061536464,504751.9425493417,-0.08456837459860136,0.6249681957679436,0.6306639800271521,2.0,2.9955696049286056,31246.85668340301,-0.19229492516149319,1.7056602955585318,1.7164656658633408,1.5,2.085084415994313,232745.0750815101,-0.039161910957077925,0.763227952583761,0.7642320085386438,1.5,2.61277752670058,46601.50290475404,4.0,ACL_1_4,ACL_1,ortho,gait_full,4.0,0.5
9.417148757350095,0.9511546938510171,9.465061329420704,1.5,3.071132913915469,72376.24978067278,-1.2143978479537783,0.7338147683281258,1.4188890891578625,0.75,1.2971098567448838,43078.95672462925,2.2653200744185127,0.5987087128978821,2.343102038423281,1.5,2.1399617290111372,28676.394613041182,1.448527462046208,0.7338147683281259,1.6237967614570767,0.75,1.297109856744889,43078.95672462924,-0.22832521735014755,0.9511546938510181,0.9781756777352504,1.5,3.071132913915325,72376.24978067294,0.4087517994185245,0.598708712897885,0.7249345876889333,1.5,2.139961729011128,28676.39461304145,-0.00518254659792665,0.14983817664504645,0.14992777584407707,0.75,1.5142300123976915,1796.1199154287349,-0.07216609809787058,0.19496603852624803,0.20789348689482776,1.5,2.0588957763714872,3040.9450809302175,0.09858224256676128,0.12156255014916391,0.15651169971685744,1.5,2.312028113756809,1182.1985617468965,9.534652010703951,1.1635567253630734,9.60538667719101,1.5,2.8547453751702463,108309.6351377718,0.20312010193928345,1.0329060071601877,1.052688270780779,0.75,4.337704784776517,85351.64351243887,2.797476732257868,1.4455813442020329,3.1489016323520045,1.5,2.37344539395608,167179.62608638543,-0.3126255292960029,1.163556725363081,1.2048232130504715,1.5,2.8547453751702925,108309.63513777318,-0.27851486306071366,1.0329060071601868,1.0697968725759706,0.75,4.337704784776526,85351.64351243869,1.3664776572578805,1.4455813442020362,1.989212560409257,1.5,2.3734453939560756,167179.62608638612,-0.0540601356228302,0.3736938118843676,0.3775838493688891,0.75,2.8011116413641446,11171.792526873598,-0.018295924968957822,0.20473391537262473,0.2055497919587242,0.75,2.430834854499423,3353.3112395248527,-0.04179055466246843,0.16674336007027868,0.1719005485346785,2.25,2.6058206934415913,2224.269439488089,8.866748010810522,4.603002041426571,9.990337736062257,0.75,4.549326119553385,1695010.9072230577,1.7750270301097577,2.068517360333845,2.7257081699299293,1.5,5.83285189428118,342305.1969887286,7.031013709410166,3.3197236766699065,7.775327586112142,3.5,4.112072782550254,881645.9991287133,3.1804177458105456,4.603002041426541,5.594880233860556,0.75,4.549326119553352,1695010.907223036,-0.007104694890229872,2.068517360333847,2.0685295614740418,1.5,5.832851894281175,342305.1969887294,-1.1264683855897821,3.3197236766699056,3.505637789786048,3.5,4.112072782550262,881645.9991287129,0.09299942342370575,0.6507948057698439,0.6574060936545619,0.75,3.444460042814567,33883.15966745443,0.19329658181117068,2.969896527101376,2.976180261716131,1.5,1.9347891022130275,705624.5929997913,-0.1343789975022775,1.2654174571380563,1.2725325362439506,1.5,1.9771778695513598,128103.07050935028,7.5501447589183375,2.914736260170416,8.093230093539555,1.5,2.85900569019329,679662.1698458549,-2.3217020817893967,2.111850314053902,3.1385047882000725,0.75,2.1463952281352876,356792.9585617791,7.723430064466599,2.726635675212861,8.19059912741736,1.5,5.010876631381709,594780.805749923,1.6734495289183866,2.914736260170426,3.3609702159033557,1.5,2.859005690193302,679662.1698458593,0.09727980321059274,2.1118503140538936,2.1140896643903777,0.75,2.1463952281352885,356792.95856177626,-0.17727431053335443,2.7266356752128384,2.732392410785546,1.5,5.010876631381699,594780.8057499131,-0.16856088902625393,0.5760197750447518,0.6001762695674726,2.75,3.2372537629526144,26544.02623419209,0.058731019940599156,1.9027867959773057,1.9036929699005678,0.75,1.7477062775696102,289648.22763889056,0.03280253488434795,0.7777873104115122,0.7784787129600993,0.75,2.2890191077864688,48396.274221962645,4.0,ACL_1_4,ACL_1,ortho,gait_full,4.0,0.5
9.451386086353963,0.9012588460510464,9.49425965838888,1.5,2.729923987540134,64981.444489086294,-1.1026728559778423,0.6499009243051665,1.2799447795600563,0.75,1.145217578833034,33789.69691486763,2.0837612481436243,0.7601854260504544,2.218094412157559,0.25,1.379058526493876,46230.77971470015,1.5602524540221439,0.6499009243051658,1.690194938962613,0.75,1.1452175788330308,33789.69691486756,-0.2625625463540137,0.9012588460510399,0.9387260507374638,1.5,2.729923987539979,64981.44448908535,0.2271929731436379,0.7601854260504531,0.793409433410868,0.25,1.3790585264938688,46230.779714699995,-0.026815108221342126,0.15222011879072506,0.15456394985113683,0.75,1.732696442880232,1853.7072635518266,-0.10613401157125715,0.19760795296786116,0.2243063340353013,1.25,1.9744809188608043,3123.9152224592467,0.09084510772812311,0.1173861421795185,0.14843294773709922,0.75,2.1960697276098675,1102.363835801504,9.527824716054008,1.0970141680727643,9.590770766982287,1.5,2.4350391478147713,96275.29960691369,0.25977516309537846,1.0053694349672817,1.038388576655031,0.75,4.2687077663561555,80861.50335315986,2.8139553491657,1.4794293148254531,3.1791596066670142,1.5,1.857252541682594,175097.38592568634,-0.31945282394594016,1.0970141680727623,1.1425804968051094,1.5,2.4350391478147104,96275.2996069134,-0.2218598019046186,1.0053694349672826,1.029557901464308,0.75,4.268707766356167,80861.50335316002,1.38295627416571,1.479429314825456,2.0251615130204357,1.5,1.857252541682585,175097.385925687,-0.057147311941378905,0.35957716253064775,0.3640900315522483,0.75,2.546358119758793,10343.705176148014,-0.03178611687269912,0.21493355004887088,0.217271231787495,0.75,1.907446420731044,3695.7150179713917,-0.030913568482043262,0.1647874647723643,0.16766203285895465,2.0,2.36463297204213,2172.398404793986,8.47392754556031,3.8858430028954465,9.3224044050104,0.75,4.47591332561552,1207984.363443034,1.7915978643488442,1.7999293434762789,2.539600076595976,3.5,5.367536383185909,259179.73855263845,7.056275716356131,2.7767605247711535,7.582969470937134,3.5,4.454136640486761,616832.6100109988,2.7875972805603437,3.885843002895443,4.7823084845855455,0.75,4.475913325615508,1207984.3634430317,0.009466139348854874,1.7999293434762795,1.7999542353351992,3.5,5.367536383185905,259179.73855263868,-1.1012063786438206,2.7767605247711566,2.9871482220159793,3.5,4.454136640486797,616832.6100110004,0.07419267782807144,0.5998940569554659,0.6044645837547373,1.5,3.172074571165531,28789.970588999793,-0.07544448211655086,2.8262194509084737,2.8272262475039436,1.5,1.862133370861297,639001.9977628915,-0.10098176673284337,1.2012542686858976,1.2054912422944337,0.75,2.0435270493855495,115442.30165127786,7.490730933333366,2.7341949332505004,7.974137686835491,1.5,2.8626999557344703,598071.5380409559,-2.4087121121182395,1.9863154370296217,3.12207351842446,0.75,2.2797616822545055,315635.9316567385,7.753867352577547,2.663192995239774,8.198478874234057,3.5,4.566505081149711,567408.5402196312,1.6140357033333992,2.7341949332505004,3.175048532644446,1.5,2.8626999557344663,598071.5380409561,0.01026977288174986,1.9863154370296159,1.9863419855647206,0.75,2.2797616822545117,315635.93165673665,-0.14683702242240404,2.6631929952397635,2.6672379048461385,3.5,4.56650508114969,567408.5402196264,-0.11400597136364382,0.5971278688502791,0.6079136889923142,2.0,3.451917087784298,28525.196882112203,0.1744003801216037,1.7815435670637683,1.7900594889368497,0.75,1.764283477042159,253912.59449969957,0.0477470592264451,0.7375271153436624,0.7390710571602148,1.5,2.437629067680071,43515.72846194415,4.0,ACL_1_4,ACL_1,ortho,gait_full,4.0,0.5
9.529428208010131,0.9958141224951897,9.581317641023078,1.5,2.4133520562404867,79331.69053678191,-1.4643808237271065,0.5670880839292215,1.5703503086363229,0.75,1.4138201179436858,25727.130519355753,1.181076722677942,1.2250366757377897,1.7016630341387695,0.5,0.770808141561062,120057.37805371248,-0.33061125372711314,0.5670880839292222,0.6564241738582836,0.75,1.4138201179436873,25727.130519355815,-0.25349623801018695,0.995814122495181,1.0275729216197576,1.5,2.413352056240471,79331.6905367805,-1.7828933573220405,1.225036675737787,2.1631975361685636,0.5,0.7708081415610667,120057.37805371196,-0.026569104080891304,0.17313059645960296,0.17515741697718404,0.75,1.4696176387374027,2397.9428273421167,-0.015250126790240523,0.3167595587072168,0.31712644859662703,0.5,1.3036220389564535,8026.9774052877565,-0.02475362906110881,0.09384593763382791,0.09705566527548656,3.0,2.9354432079888646,704.56909456399,9.585983868100923,1.1805885752653007,9.658409605288963,1.25,2.9450053729814982,111503.15075316685,0.22767650751713597,0.9902966913421138,1.016131944659914,0.75,4.324986124133967,78455.0626368098,2.561689239871389,1.5731418107258968,3.006164818889145,1.5,1.6460886449043732,197982.0142800505,-0.23380806189901865,1.1805885752653082,1.2035180072836242,1.25,2.945005372981473,111503.15075316829,-0.026649652482860803,0.9902966913421144,0.9906552078602305,0.75,4.3249861241339795,78455.0626368099,0.869368579871402,1.5731418107259019,1.7973805619071292,1.5,1.6460886449043728,197982.01428005175,0.016873485232502653,0.4030243451828194,0.4033774129942477,0.75,2.150458032125493,12994.310089037668,0.02717844983693049,0.19703442453072806,0.19890005677649694,0.75,2.332824629294199,3105.805935927632,0.004307832602040862,0.166053995526202,0.16610986380086862,2.0,2.2393372616236196,2205.9161897284666,8.658292150363701,4.500470723423038,9.758086886958814,0.75,4.365502895489368,1620352.9856812474,1.5113089210699715,2.264907136857205,2.722840243843253,1.5,6.1753674110852,410386.17955501325,7.445739649820332,3.02314710454758,8.036072258799134,4.25,4.536235529280773,731155.8191854428,2.9643117953637286,4.5004707234230255,5.389005581043714,0.75,4.3655028954893735,1620352.985681238,-0.045993448930015945,2.264907136857208,2.2653740830006845,1.5,6.1753674110852055,410386.1795550142,-0.7652572951796341,3.023147104547591,3.1184991812665483,4.25,4.536235529280743,731155.819185448,0.1377995729469649,0.8187071017036738,0.8302228861482893,0.75,2.6801632508157858,53622.50753678078,0.02909356765451303,3.1154254324174344,3.1155612753775572,1.5,1.8420088738281402,776470.9440292111,-0.1301272526615673,1.3000596068509573,1.30655580946652,1.5,1.9432113548814496,135213.3070748055,6.961081540464602,2.832417162057027,7.515267340082601,1.5,2.590739010437642,641807.2399893736,-2.9085222429821194,1.920619866692625,3.485438610886173,0.75,2.3960876247686347,295102.4999502231,7.810653869886679,2.385816975554659,8.166911075554854,1.5,3.8967087862941354,455369.92394543375,1.0580494504646287,2.8324171620570286,3.0235832417090314,1.5,2.5907390104376544,641807.2399893745,-0.3660245429821374,1.9206198666926273,1.955186599381166,0.75,2.3960876247686405,295102.4999502237,-0.05457153511327375,2.385816975554651,2.3864410098071485,1.5,3.8967087862941168,455369.9239454309,-0.04489773614440003,0.5372265037845891,0.5390993629002963,2.0,2.9143687923666897,23088.985392942286,-0.041478975091375665,1.584143740637644,1.5846866871328407,0.75,1.6521560736460077,200760.98931418094,0.012825261052294215,0.6790954969036698,0.6792165937577657,1.25,2.2567442096093773,36893.67853495479,4.0,ACL_1_5,ACL_1,ortho,gait_full,4.0,0.5
9.4558605510331,1.042079584463536,9.513108252350527,1.5,2.733849519108437,86875.06198613033,-1.3349469434765586,0.6884103294637273,1.5019960464694184,0.75,1.475472990550509,37912.860266003816,1.5697514793334835,1.3677933076340396,2.08206105560767,0.25,0.5630177490024816,149668.7511486827,-0.201177373476565,0.6884103294637264,0.7172036790977063,0.75,1.4754729905505093,37912.86026600371,-0.17992858103314632,1.0420795844635293,1.0574990092800483,1.5,2.733849519108398,86875.06198612925,-1.3942186006664996,1.3677933076340365,1.9531267339455751,0.25,0.5630177490024824,149668.751148682,0.0179929896044859,0.14663281585431504,0.14773263133198636,0.75,1.8364961770822699,1720.1000186811955,0.03658635734119966,0.3349528158546846,0.33694502577197993,1.5,1.3669985342845394,8975.52427374163,-0.01987642547367148,0.09225444876187326,0.09437137069030795,1.5,2.7861904148791785,680.8734540669755,9.52841814854753,1.2196351723550312,9.606157523547875,1.5,3.1713126656077453,119001.71523418445,0.25667186429834293,1.0823452394234114,1.1123630986440125,0.75,4.540854526566351,93718.21142712957,2.875824929705181,1.5578521003041446,3.270668462674846,1.5,1.9742149638673925,194152.89985343147,-0.29137378145241244,1.2196351723550383,1.2539571899245132,1.5,3.1713126656078043,119001.71523418577,0.002345704298345677,1.082345239423413,1.0823477812751225,0.75,4.540854526566351,93718.21142712982,1.1835042697051896,1.5578521003041466,1.9564216117269957,1.5,1.9742149638673967,194152.89985343203,0.04098088808638109,0.4108080098857722,0.4128470106161085,0.75,2.3919984820814215,13501.067033184432,0.007237287541432591,0.20658930203557715,0.20671603238864736,0.75,2.5093719431735857,3414.3341239629804,0.02288933694476312,0.1817607598342248,0.1831963306436175,2.25,2.457808167460899,2642.9770722290505,9.164747571693864,4.508980357750231,10.213887698591854,0.75,4.342389045839068,1626472.3333378462,1.3515320182673138,2.3644229005742985,2.72344165517859,1.5,5.524011676227899,447239.7562006281,7.035449975810041,3.3063525708681043,7.773642883810113,4.25,4.410766808163072,874557.4664818984,3.4707672166938948,4.50898035775022,5.690090415718751,0.75,4.342389045839067,1626472.3333378378,-0.20577035173267835,2.3644229005742963,2.3733598737680635,1.5,5.524011676227891,447239.75620062725,-1.1755469691899167,3.3063525708681034,3.509113563231848,4.25,4.4107668081630385,874557.4664818983,0.25977115355450126,0.8424255494999306,0.8815678412177342,0.75,2.9254187740175746,56774.47364252332,-0.011474855594873325,3.306341833406342,3.3063617454301233,1.5,1.878390004837667,874552.0915434582,-0.11591775420686115,1.2351106580854605,1.240538295844454,1.5,1.9861748090031197,122039.86905703787,7.590301062574084,2.919867214687055,8.132545405463016,1.5,3.5128206443314305,682054.3545654655,-3.0224743999397203,2.1073073077130937,3.6845753605309777,0.75,2.3532596398572285,355259.5289754661,7.75542651381578,2.6787560991704713,8.205021307104559,1.5,4.918171266107187,574070.3728663381,1.687268972574122,2.919867214687061,3.372313914394048,1.5,3.5128206443314167,682054.3545654684,-0.4799766999397372,2.1073073077130946,2.161277798346629,0.75,2.353259639857233,355259.5289754665,-0.10979889118416686,2.678756099170462,2.6810054150165796,1.5,4.918171266107166,574070.3728663343,-0.02142500124880744,0.5562358667111414,0.5566483361103364,2.25,3.6363432041022365,24752.079358792183,-0.04939147796566357,1.9744864523217085,1.9751041158626546,1.5,1.9516801059115347,311889.545677645,0.031949048248499666,0.7991900144531116,0.7998283696428563,1.5,2.2981498188459253,51096.58877409105,4.0,ACL_1_5,ACL_1,ortho,gait_full,4.0,0.5
9.362372293689909,0.9633256040943635,9.411801697079905,1.5,2.6992361700733705,74239.74230407001,-1.3151967541704392,0.726665707968304,1.5025929433208234,0.75,1.3043571606662494,42243.540298905136,2.5946008966745744,0.7871717376469796,2.7113821489370826,0.25,1.1517212803273809,49571.24271131726,-0.18142718417044235,0.7266657079683,0.7489718781723959,0.75,1.3043571606662463,42243.540298904656,-0.0864403236899493,0.9633256040943667,0.9671960241147602,1.5,2.699236170073438,74239.74230407052,-0.3693691833254125,0.7871717376469781,0.8695245471754349,0.25,1.1517212803273795,49571.24271131707,-0.0031097662032237338,0.1507170363035164,0.1507491150154925,0.5,1.6357074617279816,1817.2507494372799,0.059049542872027995,0.29278895897107204,0.2986841525905912,1.5,1.6374788643682805,6858.053709690957,0.005646640161492931,0.10764733086460418,0.10779532637079842,0.75,2.434167717559763,927.0360046588215,9.597045689519591,1.1790440542916818,9.669200114212506,1.5,2.7356829195585477,111211.61717268558,0.16901629673816074,1.0282402270617819,1.0420386140211633,0.75,4.249451441608333,84582.24134911172,2.75209987532479,1.5578659307464462,3.1624357672438523,1.5,1.7919443310277519,194156.27050952014,-0.22274624048034755,1.179044054291697,1.1999003165299735,1.5,2.7356829195585357,111211.61717268843,-0.08530986326183791,1.0282402270617832,1.0317731036026385,0.75,4.249451441608336,84582.24134911195,1.0597792153247962,1.5578659307464462,1.8841651316736896,1.5,1.7919443310277636,194156.2705095202,0.08370500914726044,0.42118476923817777,0.42942186529630744,0.75,2.325517996304552,14191.86685659812,-0.014507344601548722,0.21356867533348015,0.21406083745301369,0.75,1.9551195400302006,3648.9288617348875,0.013613555692964376,0.17701726268014786,0.1775399678533764,2.0,2.3061135227228022,2506.809044033876,8.69479001979857,4.045016798665783,9.589657678451156,0.75,4.510047592391538,1308988.3236633737,1.5219056819958194,2.2126682051076374,2.6855348612120857,3.5,5.8531272894611535,391678.3345639408,7.061049952997953,3.146378995558147,7.730338105310911,3.5,4.665270656086938,791976.5658981338,3.000809664798602,4.0450167986657855,5.036568231031632,0.75,4.510047592391559,1308988.3236633756,-0.03539668800417186,2.212668205107632,2.2129513124820197,3.5,5.853127289461163,391678.33456393884,-1.1499469920019947,3.146378995558145,3.3499371439034378,3.5,4.665270656086907,791976.5658981331,0.20112743366066868,0.7503069031467978,0.776796429884088,0.75,3.1802266535705117,45036.85004950815,-0.38498415055892066,2.8880007934899155,2.913547902365766,1.25,1.9005062967045108,667244.2905363416,0.04226224975993998,1.0943524063083307,1.0951681546445757,1.25,2.4388911297711746,95810.02204267496,7.753606056975642,2.8652225123207886,8.266069618136495,1.5,3.6477198875122228,656760.2575255301,-2.906405551126453,2.1451356662822514,3.612312314069045,0.75,2.3399144407751,368128.5637754296,7.582193387758009,2.722125396923135,8.056030241125912,1.5,4.257283068860006,592797.5422689817,1.8505739669756858,2.8652225123208015,3.4108831777646755,1.5,3.6477198875121974,656760.257525536,-0.3639078511264702,2.1451356662822585,2.1757839853413103,0.75,2.3399144407750723,368128.5637754322,-0.2830320172419419,2.7221253969231296,2.736799919496847,1.5,4.257283068859989,592797.5422689791,-0.03672912482076327,0.5803221443395281,0.5814832928132392,2.0,3.33365126583741,26941.90505514965,0.039092163784358286,1.9904473139330743,1.9908311597955095,0.75,1.7277306598409778,316950.53253238223,0.0738925764545629,0.7940602542181421,0.7974909405028209,0.75,2.033584954056376,50442.53745205595,4.0,ACL_1_5,ACL_1,ortho,gait_full,4.0,0.5
9.268542179658407,0.8368356907408098,9.306243501510405,1.25,2.968421051006062,56023.657962457015,-1.5272519040540073,0.8569833777594266,1.7512620843815885,0.75,1.4128185244140201,58754.47294977557,2.8589428718519265,0.7914402940617146,2.9664679475054903,1.25,1.2539565525645215,50110.349337751344,-0.39348233405401056,0.8569833777594249,0.9429999241614737,0.75,1.4128185244140266,58754.47294977534,0.007389790341554656,0.8368356907408184,0.8368683183744948,1.25,2.9684210510060685,56023.65796245819,-0.1050272081480598,0.7914402940617139,0.7983786404431596,1.25,1.2539565525645222,50110.349337751235,-0.3911444134975045,0.740894440855157,0.8378057798203485,0.25,0.9879647909165539,43914.49488332646,0.08046951839703638,0.28932952818169905,0.30031137052881557,1.25,1.8195912321541852,6697.012421802693,-0.08908065321075483,0.2346765220782074,0.2510148059202448,0.75,1.24131857050605,4405.876670413975,9.66242016020406,1.0220356765547427,9.716322363758243,1.25,2.666769464229709,83564.5722809674,0.31806668690094825,1.0297454425684822,1.0777486227347755,0.75,3.4256639491720082,84830.12854500681,2.60014437836405,1.329262283384118,2.9202207119267083,1.25,1.6712701366494336,141355.33523036583,-0.15737176979588538,1.0220356765547685,1.034080653565984,1.25,2.666769464229686,83564.57228097162,0.06374052690094943,1.0297454425684807,1.031716303670814,0.75,3.4256639491720167,84830.12854500656,0.9078237183640597,1.3292622833841192,1.609683857672652,1.25,1.6712701366494493,141355.3352303661,-0.25414521088199393,0.7469699921352263,0.7890208852525725,0.25,1.3018798077330418,44637.53963486982,-0.018186078972802857,0.19199873123112435,0.19285809877411564,0.75,1.6915395511803515,2949.089452670243,-0.07022230408042435,0.19659768711036085,0.20876259858391044,2.0,1.6337358535487005,3092.0536857642333,8.600343051775875,3.7655038883615277,9.388552611638033,0.75,4.177212927066372,1134321.564212078,2.324735161531583,2.6052379375730426,3.491655521759143,0.5,2.7092088568369594,542981.2298618715,6.647957003891761,3.243494210725367,7.396998514303116,4.0,3.771335380169211,841620.444271428,2.906362696775902,3.765503888361527,4.756675694061586,0.75,4.177212927066424,1134321.5642120773,0.7674327915315928,2.6052379375730434,2.715919328862295,0.5,2.7092088568369643,542981.229861872,-1.5630399411081977,3.2434942107253697,3.60046504670001,4.0,3.7713353801692184,841620.4442714296,-0.1744347764142797,1.1630836943813794,1.1760914808630059,0.75,1.4274387118591314,108221.12471484065,-0.11740282792524283,2.784207285426299,2.7866814730474174,1.25,1.7702109123094816,620144.8479819582,-0.3287392421541658,1.5880203703109517,1.6216899166778547,1.25,1.5016180627757918,201744.70673427635,7.389699537924137,2.428603810956159,7.778545862266737,1.25,3.7505088567200753,471850.1500667707,-2.3322650048034284,1.932592520513573,3.028922894854826,0.75,2.231492248872738,298793.3019214192,7.534899773613706,2.2691760871142943,7.869172428707814,1.25,4.135449104033985,411932.9595232958,1.4866674479241766,2.4286038109561687,2.847507080115555,1.25,3.750508856720063,471850.15006677463,0.2102326951965522,1.9325925205135823,1.9439937336510755,0.75,2.231492248872705,298793.30192142207,-0.3303256313862466,2.269176087114289,2.2930929194173615,1.25,4.135449104034002,411932.9595232939,-0.11525863191826106,0.5982899607735328,0.6092909234463161,2.0,2.95259080601699,28636.11824953202,-0.06582414335972599,1.5763074549957625,1.577681213212688,1.25,1.7292483567565233,198780.20835674202,-0.04641112912809584,0.616543791202573,0.6182881523831641,1.5,2.6982016856923328,30410.514814497023,4.0,ACL_1_5,ACL_1,ortho,gait_full,4.0,0.5
9.165213790929835,0.6123878278545968,9.18564982378247,1.5,3.21544102860881,30001.508188544954,-1.7356627273716954,0.874816387097726,1.9436637606134635,0.5,0.9888527707233504,61224.396891203294,2.8632155844651903,0.746595901374494,2.95895402517064,0.5,1.0139694547750462,44592.496932774666,-0.6018931573717031,0.8748163870977265,1.0618752676400356,0.5,0.9888527707233491,61224.39689120336,0.11071817907011833,0.6123878278546044,0.6223161309825445,1.5,3.2154410286087507,30001.5081885457,-0.1007544955347932,0.7465959013744955,0.7533637290974833,0.5,1.0139694547750542,44592.49693277485,-0.8191270208678282,0.812748023435625,1.153918725870379,0.25,0.5252332418331763,52844.77309073238,0.1867996828759143,0.24018669884831192,0.30427581538168924,0.25,1.1908024887708717,4615.17907683257,-0.24728405355764912,0.24982862671102415,0.3515163522060084,0.5,0.867701550735335,4993.148834602223,9.65867037544006,0.7839323505077851,9.69043153587992,1.5,3.052951281968771,49164.02785412204,0.1030605987011332,0.9874911410953233,0.9928545919450541,0.5,2.414480314519574,78011.13285390435,2.3615837989049986,1.0287502731221665,2.575928019898751,1.0,1.5480198945735089,84666.61577613365,-0.1611215545598833,0.7839323505078069,0.8003187399508326,1.5,3.052951281968768,49164.02785412477,-0.15126556129886656,0.9874911410953224,0.9990095213644379,0.5,2.4144803145195697,78011.1328539042,0.6692631389050087,1.028750273122167,1.2272898082954644,1.0,1.5480198945735169,84666.61577613371,-0.772584536278974,0.8344427422634366,1.137181408489218,0.25,0.6451415690503436,55703.68147485372,-0.009357767015281434,0.14158406694444015,0.14189297310311033,0.75,1.82148716737246,1603.6847498005345,-0.20039950959077107,0.18701971886979687,0.27411008498477285,0.25,1.3909390342514452,2798.110993185943,7.9749619100377025,3.3560041609018687,8.65232809101359,0.5,3.769963954379056,901028.2627942733,2.3662203240546584,2.421526959653529,3.3856744436372197,0.25,2.431611206691294,469105.02347054,6.743816448531785,2.8086938058623243,7.305328273703877,0.5,3.3145463745884802,631100.8837148584,2.280981555037731,3.356004160901869,4.057787670937577,0.5,3.7699639543790986,901028.2627942737,0.8089179540546664,2.421526959653532,2.553065034957172,0.25,2.4316112066912967,469105.02347054105,-1.467180496468174,2.808693805862325,3.1688135799232477,0.5,3.3145463745885,631100.8837148588,-0.538727668413852,1.1322348792700232,1.2538673464725962,1.0,1.5548873107657168,102556.4770540867,0.18321535216616971,2.3247338362349987,2.331942382351088,0.5,1.5590508763978015,432351.4912557021,-0.5580278061308391,1.6309234161050572,1.7237477256301128,0.5,1.6927166149438504,212794.17605287558,6.386331095281547,1.6567159761569963,6.597721779842936,0.25,2.7032878419584234,219576.74124274187,-2.2480267791145976,1.3974497131404735,2.6469775405871396,0.75,2.3120278055610974,156229.26539521938,7.816902898651883,1.4864597387161846,7.956980173519122,2.0,4.0251021428106295,176765.0963805653,0.4832990052815769,1.6567159761570023,1.7257710607609604,0.25,2.703287841958404,219576.74124274345,0.29447092088538485,1.3974497131404755,1.428138237007708,0.75,2.3120278055610783,156229.26539521985,-0.04832250634807265,1.4864597387161709,1.4872449762711946,2.0,4.025102142810716,176765.09638056197,-0.5203460104499504,0.8202154835212546,0.9713461844261219,0.25,1.1995471394390322,53820.27614628769,0.1770671708618967,1.1723960555622215,1.1856919052160606,1.5,1.4394456332115015,109961.04453368789,-0.5456949692977254,0.8274633762406692,0.9912006045884219,0.25,1.168219248971643,54775.65135618228,4.0,ACL_1_5,ACL_1,ortho,gait_full,4.0,0.5
9.09869255020319,0.6780377635043948,9.123921379092492,1.25,3.275603597237444,36779.05420159155,-1.698009773031117,0.6711629883544384,1.825841435132319,0.75,1.592971019917719,36036.97013740852,3.14191191567061,0.8517015045551832,3.255304277436216,0.5,1.1711556521192568,58031.68068982526,-0.5642402030311235,0.6711629883544397,0.876827670442411,0.75,1.5929710199177172,36036.97013740865,0.17723941979675423,0.6780377635043948,0.7008202484716974,1.25,3.275603597237486,36779.05420159155,0.1779418356706249,0.851701504555177,0.8700912307013466,0.5,1.1711556521192532,58031.68068982441,-0.34314004112909285,0.8824805029226875,0.9468457772334178,0.25,0.48882057085281283,62301.77107292374,0.12409709158562947,0.22780911739372375,0.2594168115364144,0.25,1.6506209676204635,4151.8153647874215,-0.10753629896108109,0.2943976634042793,0.3134231003167226,0.25,0.6035604872685202,6933.598805050944,9.641635643171364,0.9033353563743108,9.683860420397869,1.25,2.9545235557667873,65281.245167575464,-0.015098166231800993,0.8833484225097769,0.8834774418026045,0.25,3.388197211046618,62424.389088215576,2.4958629165917334,1.2415769582530052,2.787623547339665,1.25,1.5451175948309093,123321.15681215379,-0.17815628682856788,0.9033353563743112,0.9207358082601362,1.25,2.954523555766749,65281.2451675755,-0.26942432623179996,0.8833484225097795,0.9235225514929103,0.25,3.3881972110466214,62424.38908821595,0.803542256591744,1.2415769582530065,1.4789163267045704,1.25,1.5451175948309004,123321.15681215403,-0.5208431947433426,0.7557529219306235,0.9178453641638806,0.25,1.0206958961749395,45693.446748231385,-0.0007230357757118533,0.16555450049381157,0.16555607936433023,0.5,2.08561033937651,2192.6639122248366,-0.12425645824130797,0.21139454538607647,0.2452087299295436,0.25,1.6671076627671908,3575.037431850297,7.773497758494641,3.3894186438415512,8.48029634768396,0.5,4.216443758322693,919052.7083318443,1.764139869909751,1.913726985232182,2.602794739239161,1.25,6.963459734997236,292988.12011331716,7.308252260077888,2.3764382203265693,7.684920930755401,4.0,4.078965259437507,451796.72591243807,2.079517403494674,3.389418643841561,3.9764998899356203,0.5,4.2164437583226855,919052.7083318499,0.20683749990975747,1.9137269852321843,1.924872132214185,1.25,6.963459734997251,292988.1201133178,-0.902744684922064,2.376438220326563,2.5421263896950363,4.0,4.078965259437471,451796.7259124357,-0.24242737528486802,0.8446579500760627,0.8787594010388775,2.0,2.7259969200167706,57075.824627561225,-0.024212857801334718,2.2614289295037016,2.261558547922022,1.25,1.774685356820663,409124.95017682953,-0.16663272386937528,1.209305534553353,1.2207318872567792,0.75,1.7535050486538213,116993.62290953664,6.55183526911605,2.146831424678615,6.894594299856996,0.25,2.2268764956435345,368710.9830095413,-2.696938246555593,1.839086218249899,3.264309118924106,0.75,2.08614755373041,270580.4301540303,7.81004476867261,1.9143903117554675,8.041249253344507,1.75,4.273000147145192,293191.5062508861,0.648803179116079,2.1468314246786147,2.242728412273484,0.25,2.2268764956435363,368710.98300954123,-0.15444054655560632,1.839086218249896,1.8455595359069559,0.75,2.0861475537304144,270580.4301540294,-0.05518063632734876,1.9143903117554708,1.9151854135745445,1.75,4.273000147145198,293191.50625088706,-0.504458087092963,0.869821072023238,1.0055181047445874,0.25,1.6917941816665776,60527.46035386858,0.1861610446953381,1.630920576451651,1.6415108471330444,1.25,1.7483663943741417,212793.15903545887,-0.5279488555334015,0.9149259083854889,1.0563235356149367,0.25,1.366748373692772,66967.25041823507,4.0,ACL_1_5,ACL_1,ortho,gait_full,4.0,0.5
9.246960065234138,1.0061524327208369,9.301538215042983,1.5,2.82851965493213,80987.41890001817,-1.5627990662822646,0.6607457055011094,1.696739758746425,0.75,1.334240648944208,34926.810471670055,2.8812316139990513,0.9491308189639821,3.0335367024341107,0.25,1.034523008767591,72068.14696866441,-0.4290294962822706,0.6607457055011113,0.7878141887643179,0.75,1.3342406489442025,34926.810471670244,0.028971904765808326,1.0061524327208435,1.0065694656285928,1.5,2.8285196549321916,80987.41890001924,-0.08273846600093393,0.9491308189639749,0.952730268892205,0.25,1.03452300876758,72068.14696866328,-0.054343436600614366,0.6287232743254575,0.6310674803696427,0.25,0.6428776258102933,31623.438673551405,0.025360265255046314,0.2041920985739234,0.20576091993823598,1.25,1.9418581463248812,3335.5548571974127,-0.011237466541824661,0.21979504109360815,0.220082122726085,0.25,0.9041128638669995,3864.7895865533933,9.630667320003015,1.2081705822370432,9.706154191251912,1.5,2.952837223701803,116774.20011787758,0.19569793445891875,1.0575384094615485,1.0754929888371887,0.75,4.712322407887627,89471.00739512767,2.672017221078093,1.5465040525576912,3.0872885861731905,1.5,2.0455925002623476,191334.97019600018,-0.1891246099969209,1.208170582237046,1.222883589672169,1.5,2.9528372237018137,116774.20011787815,-0.05862822554107899,1.0575384094615488,1.0591622898860014,0.75,4.712322407887624,89471.0073951277,0.979696561078103,1.5465040525576912,1.830704819561478,1.5,2.04559250026233,191334.9701960002,-0.031030888342869004,0.39350341297617186,0.3947250334793111,0.75,2.6313444971301654,12387.643788963102,-0.022171854888313667,0.21817751491078172,0.2193012064760083,0.75,2.3574749179092547,3808.1142724808105,-0.0018770074748161614,0.16600015665963483,0.16601076822930438,2.0,2.5377621090997744,2204.4841757368563,8.3056465251054,4.055861301743636,9.243039278234027,0.75,4.738399069250415,1316001.3237009828,1.5596049551336204,2.049106882345298,2.575112935650048,1.5,6.459499584114141,335907.5984661561,7.24088978987852,2.971662628430207,7.826957501250133,3.5,4.011444204255245,706462.6816356553,2.6116661701054285,4.055861301743651,4.823982906588171,0.75,4.738399069250429,1316001.3237009926,0.00230258513363113,2.049106882345301,2.049108176054445,1.5,6.459499584114148,335907.5984661573,-0.9701071551214331,2.971662628430202,3.126001706593663,3.5,4.011444204255224,706462.681635653,0.059322902599858375,0.6813143683288303,0.6838921517784696,2.75,3.4070861704452566,37135.456315854244,-0.36663458064778554,2.7840707489865393,2.80810805545108,1.5,2.139101857574536,620092.2313655678,0.021050686974527232,1.0646471931094794,1.0648552846363644,1.5,2.5503860682753,90680.80334481025,7.714145659362851,2.861655742349131,8.227825766360544,1.5,2.9892196881261714,655125.9319152195,-2.534324566511737,2.3449000097715618,3.45273182628648,0.75,2.4979017987659873,439884.49339753087,7.657042371053932,2.7966687432720345,8.151788388550697,1.5,4.478454592484453,625708.605774253,1.811113569362882,2.8616557423491225,3.3866216128835633,1.5,2.989219688126175,655125.9319152157,0.008173133488245696,2.34490000977156,2.3449142534296814,0.75,2.497901798765992,439884.4933975301,-0.20818303394602006,2.7966687432720487,2.8044065745212174,1.5,4.4784545924844466,625708.6057742592,-0.11511269972191876,0.6150227146181794,0.6257027034731295,2.0,3.1174691359124145,30260.235674525888,0.03754416972808822,1.9373189925712988,1.937682751034865,0.75,1.7362076208524053,300256.4437337701,0.018336037497501526,0.7780619756542828,0.7782780018927398,1.5,2.196884643167261,48430.4351406678,4.0,ACL_1_5,ACL_1,ortho,gait_full,4.0,0.5
9.400860926128622,0.9782563732082553,9.451622701109821,1.5,2.967903137504725,76559.61441028527,-1.4431007775389693,0.692306999923539,1.600571409302537,0.75,1.0704365501953756,38343.193349692076,2.4384861218626313,0.6163290606917483,2.5151691946208765,1.5,1.5840155109833327,30389.087450139756,-0.3093312075389767,0.6923069999235393,0.7582709133948452,0.75,1.0704365501953728,38343.193349692105,-0.12492895612867932,0.9782563732082719,0.9862011842428517,1.5,2.9679031375047282,76559.61441028785,-0.5254839581373504,0.6163290606917465,0.8099351216689317,1.5,1.584015510983324,30389.08745013958,-0.19122124700480433,0.3741378038612947,0.42017218087853575,0.75,1.7330455557924715,11198.650711447046,0.033016775865289574,0.24032517740469267,0.24258255993194516,1.5,1.9473923522886751,4620.526413595989,-0.08775618491982069,0.14308047098813306,0.16784864959202903,1.5,2.2359975982312466,1637.7817568830078,9.659020530049922,1.1962991546407942,9.732821238845402,1.5,3.057969191728045,114490.6929096173,0.27098740213709227,1.032141019962772,1.067121950484949,0.75,4.539064150370196,85225.21266277296,2.520383365477292,1.4832713333065102,2.924453138141131,1.5,1.9327913156161804,176007.53277565155,-0.16077139995001832,1.196299154640804,1.2070538970717881,1.5,3.057969191728083,114490.69290961915,0.016661242137094953,1.0321410199627712,1.032275487493208,0.75,4.539064150370195,85225.2126627728,0.8280627054772984,1.4832713333065064,1.6987588682362322,1.5,1.9327913156161771,176007.53277565067,-0.04690865390758058,0.39445917000342706,0.39723854119560675,0.75,2.591710564522148,12447.855767509533,-0.0015675741896639828,0.2020460109301748,0.20205209185167178,0.75,2.5221901071779023,3265.8075239921777,-0.022797604215884462,0.16326427190764561,0.16484827338955585,2.0,2.6994412040627482,2132.4308110782,8.995268171541237,4.560767999137249,10.085407984801469,0.75,4.7057751282235945,1664057.4269312317,1.6279740747614408,2.0161256012828765,2.591343672352938,3.5,4.866325778994178,325181.22330576205,6.960642258154221,3.180342976228184,7.652785250642163,3.5,4.272562929431876,809167.5587325139,3.3012878165412576,4.560767999137252,5.630195910410059,0.75,4.705775128223631,1664057.4269312343,0.07067170476145085,2.016125601282877,2.017363856621341,3.5,4.866325778994167,325181.22330576205,-1.2503546868457267,3.1803429762281845,3.4173042430197844,3.5,4.272562929431891,809167.5587325144,0.15504330611986553,0.635021956411154,0.6536752342691499,0.75,3.1618082417952595,32260.378410914072,-0.023773284950891097,3.297254455635475,3.2973401575035215,1.5,1.8695320601375842,869751.0070121258,-0.11961860326169534,1.2791970805455875,1.2847777166197398,0.75,1.8602891078909305,130907.66416496497,7.66854659987303,2.73522141276461,8.141746933629799,1.5,3.246967495888254,598515.6749631485,-2.0587367551471414,2.025283287675187,2.8879351485672586,1.5,3.6326854074532995,328146.40345030936,7.765959570990908,2.7237571097414386,8.229761895166366,1.5,4.336921405194561,593508.6775441497,1.7655145098730545,2.7352214127645995,3.2555303195360143,1.5,3.246967495888274,598515.6749631437,0.48376094485284243,2.025283287675189,2.0822576802839117,1.5,3.632685407453276,328146.4034503098,-0.0992658340090492,2.723757109741446,2.7255653539529354,1.5,4.336921405194561,593508.6775441531,-0.10969367856697147,0.6100307638547228,0.6198146787280296,0.75,3.1568277666995237,29771.05800424381,-0.06684098851225277,1.785307605665236,1.786558413428297,1.5,2.18807317752341,254990.29760032543,0.035890671384099064,0.7655851028912845,0.7664259194869781,0.75,2.022359495868486,46889.6819342541,4.0,ACL_1_5,ACL_1,ortho,gait_full,4.0,0.5
9.357452523520251,0.826223492842677,9.393857726730838,1.5,2.6878417193467303,54611.624302198245,-1.020989506799348,0.8075933381668374,1.301778234894804,0.75,1.6222362209424679,52177.222232867345,2.514344385229874,0.5687996651531763,2.577879117921428,1.25,1.551474069996006,25882.65378942759,0.11278006320064464,0.8075933381668373,0.8154301579577476,0.75,1.6222362209424517,52177.22223286732,-0.08152055352031477,0.8262234928426928,0.8302354249075606,1.5,2.6878417193466233,54611.624302200325,-0.4496256947701086,0.5687996651531759,0.7250491876251348,1.25,1.5514740699960075,25882.653789427568,-0.113665497209501,0.21178418175714891,0.2403588669020308,0.75,1.5350741501508605,3588.216310114376,0.002291475658402058,0.3002783391484962,0.3002870823436672,1.25,1.4849760666787186,7213.377572351945,-0.07005500861882288,0.13589249785847862,0.15288713224728878,0.75,2.0707262848202617,1477.3481462175125,9.527199481306448,1.0436291327013205,9.584189674835779,1.25,2.6804839368140763,87132.94618417502,0.1971014830305933,0.9288036976579609,0.9494868632034673,0.75,4.0376387496570025,69014.18113220489,2.819483283764768,1.2930172593339806,3.1018348796098927,1.25,1.9230898047302567,133752.55819259724,-0.29259244869349066,1.0436291327013276,1.083869045436476,1.25,2.6804839368141384,87132.94618417622,-0.05722467696940521,0.9288036976579601,0.9305648673990181,0.75,4.037638749656999,69014.18113220477,1.127162623764775,1.2930172593339777,1.715339387219871,1.25,1.923089804730249,133752.55819259663,-0.08808185530914402,0.35298008723679397,0.363804006603,2.0,2.4441238935768688,9967.596209769634,-0.0018614789836602097,0.15285286847219157,0.15286420282127433,0.75,2.746366962084576,1869.1494690603815,-0.028848126967178353,0.1573563534418559,0.15997886234760111,2.0,2.4831533260925527,1980.888731828574,8.652839033274205,4.313009299846335,9.668178347357616,0.75,4.354808482012839,1488166.5218949828,1.6450579444611189,1.9392910471130351,2.543042549004521,0.75,4.793917878154975,300867.9830853091,7.06985947354547,2.9447617035991724,7.6586248417496545,0.75,4.136676828282389,693730.5392190451,2.9588586782742254,4.313009299846328,5.230381811929184,0.75,4.35480848201285,1488166.5218949781,0.08775557446112474,1.9392910471130314,1.9412755616505761,0.75,4.793917878154961,300867.98308530793,-1.1411374714544784,2.9447617035991662,3.158134927412346,0.75,4.136676828282402,693730.5392190424,0.1157880222613979,0.5869069603166613,0.5982195635110482,0.75,3.3454652617238283,27557.262325490545,0.24132582724458632,3.061535485967518,3.0710320230719916,1.25,1.8869938896221194,749843.8401721828,-0.18514029465515422,1.2416386895549971,1.2553659084525306,0.75,1.9546237951974892,123333.85136892447,7.266206634131851,2.387206086606793,7.648301232942794,1.25,3.4814815363519975,455901.07087818667,-2.3387616829664246,1.899838743783774,3.013170002189364,1.25,2.515120431031054,288751.05399229587,7.926877959305298,2.43356142511639,8.2920211885604,1.25,4.582843413897141,473777.7047148442,1.3631745441318792,2.387206086606783,2.7489994066390095,1.25,3.481481536352021,455901.0708781829,0.2037360170335637,1.8998387437837736,1.9107316967639931,1.25,2.515120431031034,288751.05399229575,0.06165255430532946,2.4335614251163915,2.4343422617345523,1.25,4.582843413897139,473777.70471484464,-0.2022992595882621,0.6327603625200998,0.6643121757175064,0.75,2.9300596683472624,32030.940489240576,0.01757170734978251,2.0267951201172707,2.026871289408967,1.25,1.797708054721001,328632.3705800499,0.0029922357054375224,0.8212081442699969,0.8212135956557765,0.75,2.180113356433835,53950.76607639648,4.0,ACL_1_5,ACL_1,ortho,gait_full,4.0,0.5
9.420030325442072,0.9211367052751502,9.464959807735763,1.5,2.7976898791430176,67879.50273446605,-1.2381354297051985,0.44485493551662697,1.3156273241099772,0.75,1.3844639406037045,15831.702918675433,2.428917401183439,0.5129316684975169,2.4824863823029037,1.5,1.6774459842364917,21047.91382943037,-0.2534666197052055,0.44485493551662575,0.5119973056162351,0.75,1.3844639406036876,15831.70291867535,-0.14364777044213345,0.9211367052751551,0.9322700851996506,1.5,2.797689879143013,67879.50273446675,-0.6123231338165459,0.5129316684975143,0.7987731322187542,1.5,1.6774459842364808,21047.91382943015,-0.020899394212982644,0.20614393687939755,0.20720064524659831,0.75,1.2631478151090023,3399.6459052535706,0.02441580113363844,0.2131138116233444,0.21450787409703098,1.25,1.731858920029808,3633.3998977247647,-0.018517230330540865,0.08930852055564274,0.09120800218704479,0.75,1.8853059228359537,638.0812276133311,9.648577819444926,1.0573229756351668,9.706337404638816,1.5,2.8605761902748035,89434.57268340314,0.19127511028270378,0.8557913391499754,0.8769064853094478,0.75,4.382288301782642,58590.3531701728,2.4779228485851044,1.334072375581253,2.8142229383666684,1.25,1.7272882144763915,142379.9290664439,-0.1582499955550149,1.0573229756351659,1.0691000588809094,1.5,2.8605761902748728,89434.57268340299,-0.21767284971729345,0.8557913391499753,0.883040364687909,0.75,4.382288301782628,58590.35317017278,0.7657687785851113,1.3340723755812491,1.5382298025798131,1.25,1.727288214476385,142379.92906644312,-0.008378511465761048,0.286082380841378,0.28620504552200526,0.75,2.669317158340799,6547.4503164665,0.0744454809085338,0.1500578811830464,0.16750969325041504,0.75,2.9062416043505555,1801.3944468349102,-0.028077129776439932,0.16852035108570804,0.1708433023168697,2.0,2.57860139070601,2271.92994451265,7.921546505538431,3.7412943483349728,8.76060399974176,0.75,4.459404699941171,1119787.3603982679,1.7330173197737695,1.90788339737022,2.577473198424533,1.5,6.467977611502074,291201.6727699026,7.464198237424926,2.6105911630685608,7.907555978193834,3.5,4.595091796609801,545214.9269396032,2.0622596355384624,3.7412943483349856,4.272025070766151,0.75,4.459404699941136,1119787.3603982758,-0.0120147552262201,1.907883397370217,1.907921228013376,1.5,6.4679776115020635,291201.6727699018,-0.5937565625750257,2.6105911630685497,2.677262235249381,3.5,4.5950917966097915,545214.9269395985,0.14010660249876503,0.6133468643553128,0.629145639799118,0.75,3.76174335552395,30095.804076784734,-0.05791274350706359,2.8632457753729015,2.8638313944873364,1.5,1.8778298296364082,655856.2201498091,0.06305119662631738,1.1861577669931431,1.1878323541620552,1.5,2.077599317747245,112558.06611602797,6.946607237334581,3.063123213635557,7.591974442245061,0.75,3.849387154997172,750618.0262751067,-2.735874815521332,2.051431571030136,3.4195588161081623,0.75,2.573787104733877,336669.8119303457,7.952280248025525,2.468707720931789,8.326660732522079,1.25,4.074001283146158,487561.4335180342,0.9635557473346033,3.0631232136355506,3.211100045176812,0.75,3.8493871549972,750618.0262751034,-0.3281094055213492,2.0514315710301374,2.077505059587281,0.75,2.5737871047338823,336669.8119303463,0.11110734802557831,2.4687077209317727,2.4712067202428503,1.25,4.074001283146133,487561.4335180277,-0.0848871759689885,0.5983977016548188,0.6043886514402462,2.25,3.1758806698056645,28646.391734073404,-0.0006250165624333448,1.8779859941764794,1.8779860981830305,1.25,1.857437655102497,282146.5564067218,0.0020254414931123433,0.8044002534951552,0.8044028034736777,2.0,2.361568271613228,51764.78651395116,4.0,ACL_1_6,ACL_1,ortho,gait_full,4.0,0.5
9.39390571322838,1.01649798562408,9.448742387418688,1.5,2.934021383526101,82661.55661599583,-1.236367712468971,0.5251941942398871,1.3432922474648026,0.75,1.3309039328215309,22066.315672365483,2.705196002032401,0.5752444083400179,2.765681026210099,1.5,1.8164121718474364,26472.51783215305,-0.2516989024689764,0.5251941942398878,0.5823927190198829,0.75,1.330903932821521,22066.315672365534,-0.1175231582284383,1.0164979856240874,1.0232691960074893,1.5,2.9340213835261264,82661.55661599703,-0.336044532967581,0.5752444083400177,0.6662072181114947,1.5,1.8164121718474249,26472.517832153037,0.012437401779461524,0.1473689646817824,0.14789286904514426,0.75,1.4927254836935817,1737.4089405305674,0.03513304059410285,0.19558308701172733,0.19871354877416833,1.5,2.148056475386179,3060.21951410423,-0.012981813935144559,0.09884546089436953,0.09969429588731268,0.75,2.200468270676253,781.6377817535538,9.621347688547122,1.214813771142291,9.697737047500722,1.5,2.9495426895385433,118062.04731265876,0.28761718083161947,0.9340697824493492,0.9773484543367853,0.75,4.597250660949221,69799.16723169984,2.7975925229455587,1.4320627482130814,3.1428216047463624,1.5,2.1781160037275877,164065.50726740883,-0.1854801264528357,1.2148137711422882,1.2288919301004086,1.5,2.949542689538545,118062.04731265824,-0.121330779168378,0.9340697824493505,0.9419169371333029,0.75,4.5972506609492125,69799.16723170002,1.085438452945565,1.4320627482130799,1.796936378938459,1.5,2.178116003727592,164065.50726740848,0.010910489092582559,0.32869653534949783,0.32887756251073597,0.75,2.93643260748081,8643.362670164677,0.052837787818799206,0.1822759823698959,0.18977978177481145,0.75,2.7019096731784966,2657.9806994517976,-0.012029813164601822,0.18066348392708872,0.18106355466920632,2.0,2.7035727208883964,2611.1622914018803,8.762782967509334,4.520746586756439,9.860198529306683,0.75,4.359417814642154,1634971.9785918833,1.493549022810567,2.2042494075841224,2.662593497771178,0.75,7.055842541720948,388697.32836439396,7.241037817470252,3.1687668657595696,7.904031384272843,3.5,4.167989887958652,803286.6859191923,2.9034960975093735,4.520746586756458,5.372842756858079,0.75,4.359417814642164,1634971.9785918961,-0.25148305218942185,2.2042494075841224,2.218548889786624,0.75,7.055842541720953,388697.32836439385,-0.8169169825297021,3.1687668657595656,3.27237479605884,3.5,4.167989887958615,803286.6859191902,0.19396975307592512,0.736289171549899,0.7614105392296405,0.75,3.390744173932655,43369.739993742034,0.014299635273100195,3.2261124049518686,3.226144096123617,1.5,1.7744277265336337,832624.1250289573,0.0041338766490562765,1.2400945886919437,1.240101478847272,0.75,2.0118379650657663,123026.77171324567,7.707405451936434,3.040876399249368,8.285591594813932,1.5,5.002107089130421,739759.9494507919,-2.3832579119813566,2.0306210773874627,3.131028622506022,1.5,3.0628502520252083,329876.8423230322,7.63627542593913,2.6763291121451203,8.091689557646,3.5,4.489132928418941,573019.5057869391,1.7243539619364605,3.0408763992493646,3.4957582670370315,1.5,5.002107089130452,739759.9494507902,0.02450749801862816,2.0306210773874587,2.0307689620903058,1.5,3.0628502520252283,329876.84232303087,-0.20489747406083184,2.6763291121451123,2.6841610405100425,3.5,4.489132928418944,573019.5057869356,-0.04530064856510698,0.6303931378665808,0.6320187157273851,2.0,3.4466849763035654,31791.860924809127,-0.1744980739110213,2.2247773470865373,2.231610141110689,1.5,1.9892277061367738,395972.1172668686,-0.05200488511615235,0.8297513981506446,0.8313795106982694,1.5,2.428460361226806,55079.357075836524,4.0,ACL_1_6,ACL_1,ortho,gait_full,4.0,0.5
9.321921243890095,0.9127459006149047,9.36649992026791,2.75,3.0605121479275312,66649.05743687248,-1.174722999673795,0.6006778237389148,1.3193892427537515,0.75,1.1971407688669402,28865.118769010027,2.918130715935163,0.574091050341907,2.974065804478263,1.25,1.880023772427758,26366.591891752836,-0.1900541896737989,0.6006778237389137,0.6300273350770439,0.75,1.197140768866941,28865.118769009932,-0.04553868889015069,0.9127459006149111,0.9138812019486773,2.75,3.060512147927659,66649.05743687342,-0.12310981906481847,0.5740910503419088,0.5871427097672662,1.25,1.8800237724277507,26366.59189175299,-0.047004763973720415,0.13448468927451784,0.14246255467837424,0.5,1.5322173509639159,1446.8910695419324,0.015016690303763727,0.19735334735514745,0.1979238356033973,1.25,2.2473699720272027,3115.900528476171,-0.018390624177200245,0.09850385185463757,0.10020590744974774,0.75,2.2896667455292192,776.241535427717,9.616428165867237,1.163622484078808,9.686573592077773,1.25,2.7793776362673155,108321.87141688359,0.16484717338801524,0.882363779441522,0.8976304528280808,0.75,3.9965663654456,62285.45190170408,2.6821559469704694,1.3579391420766151,3.006319882755797,1.25,1.7454556336025284,147519.9107269833,-0.19039964913271107,1.1636224840788136,1.1790968203856749,1.25,2.779377636267316,108321.8714168846,-0.24410078661198248,0.8823637794415226,0.9155058892737482,0.75,3.9965663654456,62285.45190170415,0.9700018769704752,1.3579391420766145,1.6688026710519184,1.25,1.74545563360254,147519.9107269832,-0.025252187363726697,0.33404843790808975,0.3350015400494267,2.0,2.5671965843905142,8927.070911340488,0.05150451514780144,0.17579306109677917,0.18318273775218571,2.0,2.4228310744936796,2472.25606908274,-0.03262695679839519,0.17079208900275236,0.17388057963972986,2.0,2.5341945718693117,2333.6112663944814,8.336634738805978,4.369884181690817,9.41251117022754,0.75,3.857974844559996,1527674.618429999,1.4183318735236845,1.8475590362901024,2.329192928039757,1.5,5.862838795083926,273078.0390648471,7.430762517656453,3.0510967857676263,8.032771824839145,3.5,3.934624073066475,744735.327691588,2.477347868806011,4.369884181690825,5.023259920058824,0.75,3.8579748445600313,1527674.6184300054,-0.3267002014763051,1.847559036290098,1.876221579190969,1.5,5.862838795083943,273078.0390648458,-0.6271922823435052,3.0510967857676263,3.1148935383336616,3.5,3.934624073066463,744735.3276915881,0.12191290401779327,0.6478029452787384,0.6591747963005411,0.75,3.023890186126472,33572.132590002126,0.02027280631381548,2.7938707450483857,2.7939442955637217,1.5,1.9944854118018562,624462.2402473601,-0.03475118256580751,1.0994111940856548,1.0999602803604172,0.75,2.287055571060894,96697.19392026066,7.529577658676151,2.638217337259103,7.978391469253031,2.0,4.084828789192064,556815.8556511956,-2.311508812991138,1.9750551656275956,3.040380880713459,0.75,2.292920572411789,312068.3486776443,7.7344690953273325,2.423317130839655,8.105213020223129,2.0,4.283969749196448,469798.8063683313,1.5465261686761784,2.638217337259107,3.0580931818724477,2.0,4.084828789192066,556815.8556511971,0.0962565970088492,1.9750551656275988,1.9773993627337867,0.75,2.2929205724118003,312068.34867764515,-0.10670380467263675,2.423317130839657,2.4256651909430045,2.0,4.283969749196475,469798.80636833195,-0.07619051678318378,0.6323237475134615,0.6368974144374873,2.0,3.195081280712594,31986.788417525804,0.0445524105355007,2.1526094940967333,2.1530704938203757,1.25,1.6875092303554453,370698.6843403257,0.02253639137207289,0.7804029785185225,0.7807283124215855,0.75,2.023503688234266,48722.41784250067,4.0,ACL_1_6,ACL_1,ortho,gait_full,4.0,0.5
9.157172510954313,0.852448684960001,9.196764493878668,1.25,2.665555971181686,58133.52820312058,-1.4443321281383141,0.6457230507365992,1.5821041541646779,0.75,1.19101423017133,33356.789248826186,3.1467167067014667,0.5209614078374147,3.1895496266228665,1.25,1.6570856105130243,21712.10312392224,-0.4596633181383178,0.6457230507365967,0.7926213625019867,0.75,1.1910142301713316,33356.789248825924,0.11921004404562958,0.8524486849599962,0.8607437453106398,1.25,2.6655559711817416,58133.52820311988,0.10547617170148454,0.5209614078374187,0.5315317594017749,1.25,1.657085610512992,21712.10312392259,-0.06778102277826716,0.16521127642373687,0.17857500638787155,1.25,1.352687991460301,2183.581411574899,0.027904931631763705,0.23138131673985496,0.2330579304500117,1.25,1.8883877284760413,4282.9856680173625,-0.021041475952528206,0.10202845110305003,0.10417556596797684,1.25,2.448492982280298,832.7955477627542,9.621634452118279,1.0433360329135817,9.678036970779004,1.25,2.5094769192384754,87084.07923881164,0.24922646538381088,0.8660888874573982,0.9012345932247062,0.75,3.867547728582498,60009.352027731606,2.5934874505028565,1.225517506270202,2.868461314727905,1.25,1.8337811172193226,120151.91100909883,-0.1851933628816562,1.043336032913585,1.059644590997979,1.25,2.509476919238485,87084.07923881222,-0.15972149461618643,0.8660888874573982,0.880693429531311,0.75,3.8675477285825104,60009.352027731606,0.8813333805028605,1.2255175062701975,1.50951703725507,1.25,1.8337811172193337,120151.91100909794,-0.014999793134629182,0.3590062782258423,0.3593194979397201,0.75,2.1544216237310474,10310.897326890507,0.053927227564844665,0.16312396863137013,0.17180679560156742,2.0,2.29699231706894,2128.7558713977473,-0.030252296529877442,0.16491013474098098,0.16766202308698336,2.0,2.536761875903447,2175.644869605233,7.956264721497121,3.7906959243092455,8.81314494996618,0.75,4.211469063851471,1149558.402816073,1.700324248819393,1.870032041370115,2.527473518530731,1.25,5.066830892864668,279763.8963216836,7.479939426679397,2.4455192313338805,7.869565308046993,0.75,4.254947088221728,478446.09653937374,2.0969778514971478,3.7906959243092397,4.332053981686316,0.75,4.211469063851499,1149558.4028160693,-0.04470782618059974,1.8700320413701077,1.8705663916238435,1.25,5.066830892864682,279763.89632168144,-0.5780153733205725,2.4455192313338867,2.5128999348598833,0.75,4.254947088221758,478446.09653937625,0.10786537990474641,0.6891164624478404,0.6975073039034223,0.75,3.516164742946025,37991.491636829305,-0.04072221461156026,2.8620684880942524,2.862358176277908,1.25,1.734149963345284,655315.7769383675,-0.03365158602072115,1.224897475252298,1.2253596427666302,1.25,2.3349563403934295,120032.17898257961,7.351426508519089,2.645232491193069,7.812856496993956,1.25,4.196875315182925,559780.779519037,-2.2915133067417517,2.009859854922623,3.048043613763442,1.25,2.375691353957147,323163.8172787815,7.8200460355521635,2.4085037511237837,8.18254302263865,2.0,4.07365987322235,464071.28938346327,1.3683750185191244,2.6452324911930627,2.9782050170817107,1.25,4.19687531518288,559780.7795190343,0.11625210325823127,2.009859854922631,2.0132191107630537,1.25,2.375691353957159,323163.81727878406,-0.021126864447800774,2.4085037511237837,2.408596409442382,2.0,4.073659873222373,464071.2893834632,-0.06573531180812475,0.6423232714090974,0.6456781831626313,2.0,2.9804334631270177,33006.39538873831,0.10495144000334991,1.8702559912743633,1.8731984085132112,1.25,1.9215988738710135,279831.3205158471,0.040267486655289966,0.7439411695795579,0.7450301566224915,1.25,2.20155095481807,44275.95834978424,4.0,ACL_1_6,ACL_1,ortho,gait_full,4.0,0.5
9.262405967822874,0.7710102463421618,9.29444033348568,2.5,3.0478213183156027,47556.73298044266,-1.6708656342258177,0.563684503502382,1.7633865676945515,0.75,1.2671768919360282,25419.291922906268,2.6213049425732438,0.8514188891375345,2.756112067158938,0.25,0.8816571979989544,57993.54984292788,-0.6861968242258214,0.5636845035023791,0.8880350787363788,0.75,1.267176891936023,25419.291922905995,0.01397658717707614,0.771010246342145,0.7711369171254179,2.5,3.047821318315648,47556.732980440596,-0.4199355924267394,0.8514188891375374,0.9493471580865427,0.25,0.8816571979989528,57993.54984292825,-0.8205465791237665,1.1206089081027764,1.3889064091691035,0.25,0.3795958954780826,100461.15216739371,0.17449223219346355,0.2837275776604889,0.33308989390395255,0.25,1.7719193957189467,6440.165898897468,-0.20469295198909707,0.28810974764894876,0.35342103967414235,0.25,0.6309439547796651,6640.582322931002,9.668745354535627,0.7995708811625478,9.701749858909851,1.5,2.909167485464024,51145.44757040231,0.02884931618791047,0.9563108581477775,0.9567459121709633,0.5,2.551167047175097,73162.49803557701,2.430985619992109,1.0451249669165559,2.6461249556815623,1.25,1.581922553607685,87382.97908976433,-0.13808246046432993,0.7995708811625395,0.8114064085838385,1.5,2.9091674854639433,51145.44757040125,-0.380098643812087,0.9563108581477773,1.0290798979861213,0.5,2.5511670471750936,73162.49803557697,0.7188315499921132,1.0451249669165532,1.2684656060518118,1.25,1.5819225536077015,87382.97908976386,-0.7543818599208705,1.0289128863684083,1.2758345183889017,0.25,0.45947004294569044,84692.94300129024,0.06417002229246233,0.14206124356017355,0.15588197035859552,0.75,2.2679111193081685,1614.5117688471983,-0.2033975346872301,0.25988818311353273,0.33001882497653995,0.25,1.0361077913149181,5403.3777004274725,7.844070956811334,3.495438993190857,8.58763896135662,0.5,4.456897355925685,977447.5735307907,1.9968885698751402,2.3400993334768967,3.0763011639039823,0.25,5.200709113354568,438085.2429761371,7.199532876419735,2.530045391711928,7.631146920533727,0.5,3.6775831886932093,512091.77878566127,1.9847840868113615,3.495438993190854,4.01963451402969,0.5,4.456897355925745,977447.5735307889,0.25185649487514666,2.3400993334768954,2.353613516393421,0.25,5.200709113354571,438085.2429761368,-0.8584219235802277,2.530045391711929,2.671706923112253,0.5,3.677583188693213,512091.7787856615,-0.49546768261070445,1.3384823051104136,1.4272431837655795,1.0,2.1638909946411435,143322.79613223698,-0.1547727810898921,2.524650407962073,2.529390103599949,1.5,2.2138728565739076,509915.3239875332,-0.34580909591053677,1.5622078950036056,1.600024199200143,1.25,1.9583812020999039,195240.0670478805,6.74656152908076,2.0959506670848804,7.0646374050283764,0.75,4.078397501874798,351441.96464853914,-2.1675545433803554,1.5534156125611478,2.6667194760374677,0.75,2.6467369398569005,193048.77396191732,7.72143303886591,1.8795793894506705,7.946908005944059,1.0,3.88548581518449,282626.30985765235,0.7635100390808002,2.0959506670848715,2.2306852710839067,0.75,4.078397501874752,351441.9646485361,0.24021086661963065,1.5534156125611527,1.5718782795722115,0.75,2.6467369398569214,193048.77396191852,-0.11973986113404775,1.8795793894506743,1.8833895814706447,1.0,3.885485815184496,282626.30985765345,-0.5495467475456732,1.0007704714798102,1.1417281481701105,0.25,0.9409349076820267,80123.44096368537,0.07215170967543819,1.4133307858573647,1.4151712897954385,1.25,1.8127969675296383,159800.91198938308,-0.5239144734275575,0.9520330128994694,1.0866707105270281,0.25,1.089097195110161,72509.4843264058,4.0,ACL_1_6,ACL_1,ortho,gait_full,4.0,0.5
9.508992952191502,0.7592419785083139,9.539255492267563,2.5,3.2167092945911446,46115.96260695665,-1.5921336106059834,0.7166986917894563,1.746008719575582,0.5,0.9632337118109043,41092.56210231196,1.9329577012515184,0.5711588326704782,2.0155763163336333,0.75,1.5866839233735337,26098.06369976725,-0.6074648006059892,0.7166986917894541,0.9395054543684082,0.5,0.9632337118109036,41092.5621023117,-0.23261039719155063,0.759241978508313,0.7940755498130065,2.5,3.216709294591215,46115.962606956564,-1.1082828337484647,0.5711588326704805,1.2468012077789439,0.75,1.5866839233735388,26098.063699767466,-0.829077721847014,1.1206773746226835,1.3940185245735528,0.25,0.37533750408420546,100473.4348515555,0.16373159089134642,0.2767573887543581,0.32156288045410675,0.25,1.3740513085129453,6127.592779908748,-0.20284385034599095,0.28721694097041384,0.3516236607561967,0.25,0.5766421262950744,6599.486239613968,9.714104990850824,0.8799489903586722,9.75387851056728,2.5,3.0601803662358864,61944.88865331854,-0.06360274000211082,0.9871338803391261,0.9891807753131658,0.5,3.2002975105651,77954.88299875519,2.3745325853368078,1.1032842240910998,2.6183279164296067,1.25,2.004126185968399,97379.15644313983,-0.09272282414913724,0.879948990358664,0.8848207432872628,2.5,3.060180366235831,61944.88865331738,-0.4725507000021084,0.9871338803391251,1.094411925093043,0.5,3.200297510565096,77954.88299875503,0.6623785153368158,1.1032842240911027,1.2868493993891092,1.25,2.0041261859684036,97379.15644314034,-0.8307912968553905,0.9627512370145371,1.2716540894849053,0.25,0.6072527567069942,74151.31749217462,0.0655805832544865,0.132227608918262,0.14759726779395163,1.75,2.987002613249261,1398.733836198894,-0.22423662200359146,0.24224567380081757,0.33009851426929154,0.25,0.9569568288312583,4694.641849861828,8.018263629423322,3.7242043640896503,8.840941679280396,0.5,4.386260266285829,1109582.2364720562,2.009478841253687,2.2981555772547613,3.052789588345948,1.25,5.788128761514489,422522.1484322171,7.093852343357401,2.902020356386552,7.664493670050178,3.25,3.6138725040294615,673738.5819450049,2.1589767594233558,3.7242043640896423,4.304750723704511,0.5,4.386260266285855,1109582.2364720514,0.264446766253696,2.2981555772547604,2.313320373283648,1.25,5.788128761514481,422522.1484322167,-0.9641024566425566,2.9020203563865508,3.0579757513404413,3.25,3.6138725040294655,673738.5819450044,-0.5019473377028983,1.2797796103009973,1.3746952319584147,1.25,2.250455037708883,131027.68633312809,-0.016127683352386502,2.340622866075958,2.3406784280135415,1.25,1.8064731379330297,438282.298763701,-0.42347948276909797,1.5158678392973066,1.573909202763065,1.5,2.254216209511137,183830.86054273578,6.75490614796623,2.078334332047223,7.067406218946108,1.25,4.21078072165512,345563.59211523825,-2.1714415471004873,1.553439300837895,2.6698936409268974,1.0,3.057233694496763,193055.0833712738,7.596067193754052,1.8152188062156256,7.809945974618867,1.25,3.56482070887473,263605.6955713948,0.7718546579662662,2.078334332047228,2.2170325231692964,1.25,4.21078072165507,345563.5921152397,0.23632386289950102,1.553439300837898,1.5713123908260507,1.0,3.0572336944968015,193055.08337127455,-0.24510570624590478,1.8152188062156218,1.8316921470796266,1.25,3.5648207088747714,263605.6955713937,-0.649626493959856,1.0006106212156969,1.1929946340802366,0.25,1.322247220418575,80098.19186970073,-0.06998815393282688,1.4324933312215051,1.4342020379587421,0.5,1.64222834206373,164164.10207788064,-0.5464971571835043,0.9076376151682292,1.0594645738664046,0.25,1.1405676793027903,65904.52124776892,4.0,ACL_1_6,ACL_1,ortho,gait_full,4.0,0.5
9.48171538480531,0.8868370603003386,9.523098582393017,1.25,3.2086291012065944,62918.45413433194,-1.333134154249138,0.7853637074023588,1.5472694743096116,0.75,1.1239642635509324,49343.95731346756,1.8845775559368156,0.5407777236299454,1.9606307940852012,1.25,1.957986724814642,23395.568230102945,-0.34846534424914466,0.7853637074023594,0.859199772490341,0.75,1.1239642635509335,49343.957313467625,-0.20533282980536982,0.886837060300345,0.9102975022035592,1.25,3.208629101206566,62918.45413433288,-1.1566629790631655,0.5407777236299472,1.2768358522181558,1.25,1.9579867248146419,23395.568230103097,-0.053359920776062976,0.2660187448367388,0.2713176252102721,0.75,0.9929449492846686,5661.2913656009605,0.025463364012805932,0.2389235591906679,0.24027661151927637,1.25,2.00952157722693,4566.789844536392,-0.041315667396011176,0.11972765103908473,0.1266558123250357,0.5,2.197391689084602,1146.7841973928425,9.576557581773654,1.0826572856471721,9.637562031716909,1.25,2.9559627559591686,93771.9682764201,0.12006871265079576,1.0324312359091359,1.039389605796828,0.75,4.424860840185736,85273.2104570858,2.662535058139886,1.4266463746082663,3.0206643001179185,1.25,2.1616898742780783,162826.53214131302,-0.2302702332262939,1.082657285647175,1.1068745089101115,1.25,2.9559627559591455,93771.96827642058,-0.2888792473492018,1.0324312359091359,1.072084640515807,0.75,4.424860840185734,85273.21045708579,0.9503809881398949,1.4266463746082636,1.714218160212015,1.25,2.161689874278088,162826.53214131246,-0.08535642247411737,0.3598621754749792,0.3698465954894876,0.75,2.9254741005317872,10360.161825282748,0.04138074770349545,0.17423709612146812,0.1790835892686487,0.75,3.07298886855104,2428.693503847714,-0.05009911704978707,0.1566105321425494,0.1644286480730799,2.0,2.423574905314131,1962.1531263996837,8.353557454206118,4.289491894331038,9.390509190254503,0.75,4.448011612851632,1471979.315046809,1.855726932387729,1.8412452393834287,2.6141741485871424,1.25,5.900818732367012,271214.7235956848,7.17247373456426,2.858426662024112,7.7210739185157715,4.0,3.946097017710643,653649.0995674273,2.4942705842061503,4.289491894331019,4.961968002594092,0.75,4.448011612851624,1471979.315046796,0.11069485738773972,1.8412452393834267,1.844569701313622,1.25,5.900818732366991,271214.7235956842,-0.8854810654357042,2.8584266620241086,2.9924370836185408,4.0,3.946097017710635,653649.0995674258,0.13201847034628497,0.5584910535096845,0.5738825083263387,0.75,2.7191270753527244,24952.981354656014,0.09647652714839372,2.819602669746312,2.8212527245057544,1.25,1.9563405069073603,636017.8604626067,-0.11732143515745662,1.1868637180659098,1.1926482316293607,1.25,1.7726358164175926,112692.05879312532,7.3422920119538935,2.9080278654444394,7.897206978103289,1.5,4.858577278662263,676533.6793018394,-2.629445519000927,2.1604579498223395,3.403169447786078,0.75,2.699993462559528,373408.40158907586,7.7475453844881335,2.405467490853588,8.112381483526082,2.0,4.350888171246263,462907.15582753223,1.359240521953927,2.9080278654444367,3.210009480160909,1.5,4.85857727866226,676533.679301838,-0.2216801090009426,2.1604579498223373,2.17180123945015,0.75,2.6999934625595174,373408.4015890752,-0.09362751551182324,2.4054674908535802,2.4072889235017754,2.0,4.350888171246265,462907.1558275294,-0.17693719752000373,0.6848159731842182,0.7073045235218566,2.0,3.111492592361211,37517.85074944419,0.08593538737311832,2.0268200893543606,2.0286410637205847,0.75,1.7087795695206942,328639.9766356112,0.00293883326067828,0.7197057751803971,0.7197117753440959,2.0,2.5533523797213835,41438.24370854089,4.0,ACL_1_6,ACL_1,ortho,gait_full,4.0,0.5
9.375450245818607,0.9479877216242498,9.423255702365848,1.5,3.1172385176689112,71894.50008594806,-1.3172688735472828,0.6902683214895027,1.4871676572829517,0.75,1.231199986238614,38117.628457216466,2.25124189937267,0.7072566166113641,2.359724986355745,0.25,1.3998123910023879,40017.103495288924,-0.3326000635472879,0.6902683214895027,0.7662200453679056,0.75,1.231199986238608,38117.628457216466,-0.0990676908186612,0.9479877216242543,0.9531501076506714,1.5,3.1172385176688824,71894.50008594873,-0.7899986356273112,0.7072566166113652,1.0603347424438987,0.25,1.3998123910023839,40017.10349528906,-0.055899549286277786,0.22016974676215673,0.22715518263892026,0.75,1.3053625531719588,3878.0218749991086,0.031869292437911485,0.2396849294268913,0.2417943696508812,1.5,2.036322300612593,4595.935821647836,-0.04411285141473465,0.12942446024004572,0.13673563752133397,0.75,2.118620645936768,1340.0590454702226,9.549416686242083,1.1293325515837938,9.615963345372394,1.5,2.767263004287419,102031.42964486632,0.19649703323812864,1.0206805544535353,1.0394228582780747,0.75,4.433073458462054,83343.33979868793,2.739008324093545,1.4972449747685568,3.1215235244866295,1.5,2.149344402178926,179340.01044849778,-0.25741112875786115,1.1293325515837895,1.1582972421943984,1.5,2.7672630042873836,102031.42964486555,-0.2124509267618699,1.0206805544535362,1.042556564662827,0.75,4.433073458462048,83343.33979868806,1.0268542540935532,1.4972449747685526,1.8155363322224403,1.5,2.149344402178938,179340.01044849676,-0.057994037750563374,0.35611177572829306,0.36080313915897666,0.75,2.7630119294009408,10145.28035029904,0.04662840653631267,0.1857394169629642,0.19150284412994373,0.75,2.7705460769132335,2759.9422924896544,-0.03792582303489417,0.16568274317641735,0.16996805417294386,2.0,2.5005233601168535,2196.0636330533725,8.729003268749468,4.504674220223377,9.822809572428042,0.75,4.786459565617095,1623377.2749607316,1.89231728672538,1.7322666194800787,2.5654653290591636,3.5,4.626990003552819,240060.35192927645,7.083318432312517,2.695331853308279,7.5788002885019,3.5,3.9059612598672984,581185.9894158685,2.8697163987495014,4.50467422022336,5.341101201025567,0.75,4.786459565617068,1623377.2749607193,0.14728521172539355,1.7322666194800802,1.7385167743101988,3.5,4.626990003552811,240060.35192927686,-0.9746363676874447,2.695331853308277,2.8661350018233973,3.5,3.905961259867308,581185.9894158676,0.2074642320967544,0.5973835340268787,0.6323831863086959,0.75,3.025006352360327,28549.38882028861,0.03245665683105713,3.363885540136797,3.3640421165190664,1.5,1.8681003084518248,905259.6153335356,-0.010345730871893489,1.2571657857457927,1.2572083546481507,1.5,2.0032814227297804,126438.4520104172,7.520908195985014,3.0517055496387773,8.116462705768484,1.5,4.742167253369065,745036.1989223459,-2.444946259843509,2.3246492281710713,3.3736858549010043,0.75,2.8068699511626796,432321.07432697946,7.827330278708232,2.5922335913218046,8.245409285412086,3.5,4.351686540310784,537576.9059314646,1.5378567059850474,3.0517055496387857,3.4172957158898822,1.5,4.742167253369077,745036.19892235,-0.03718084984352149,2.324649228171069,2.3249465476933944,0.75,2.8068699511626707,432321.07432697853,-0.013842621291717604,2.592233591321797,2.592270551107914,3.5,4.351686540310749,537576.9059314615,-0.060857511166261896,0.6900781694548567,0.6927564627078678,2.0,3.329071807122827,38097.11034733377,0.1482930626819506,2.0732212481779655,2.0785180240585346,0.75,1.7983016019863745,343860.4036238343,-0.02434449112112829,0.6955713122200616,0.6959972015974526,1.5,2.544962507064002,38705.61342811055,4.0,ACL_1_6,ACL_1,ortho,gait_full,4.0,0.5
9.390403174905718,0.8726661888074222,9.430865181114989,1.5,3.206909203160099,60923.825341583455,-1.4969839424903868,0.6651179151222655,1.6380911955964632,0.75,1.1393592734066174,35390.551394644695,2.4259175011923104,0.7074406295743702,2.5269641799922145,1.5,2.0145775144158313,40038.367612103946,-0.5123151324903926,0.6651179151222656,0.8395526403956084,0.75,1.1393592734066125,35390.55139464471,-0.11402061990576547,0.8726661888074342,0.8800835067488695,1.5,3.2069092031601616,60923.82534158513,-0.6153230338076725,0.7074406295743678,0.937600490777845,1.5,2.0145775144158233,40038.36761210369,-0.0774267537613294,0.15121683370118208,0.16988652975627141,0.75,1.5936052479340799,1829.322824965111,0.017672493489212838,0.2545634019615226,0.25517610124059426,1.5,2.045385929290629,5184.23044519524,-0.03687995546575032,0.11761291831212381,0.12325960274579029,0.75,2.2169206783219084,1106.6373508482254,9.630047208632629,1.1101984056309955,9.693830498846092,1.5,3.0370117960690823,98603.83405830953,0.23238155955391857,0.9330520971849919,0.9615546813790794,0.75,4.2974458628543815,69646.94486110825,2.73916895993012,1.403980450717571,3.0780200936708924,1.5,2.2987787868127016,157694.5636381621,-0.17678060636731652,1.1101984056309915,1.1241849859579123,1.5,3.0370117960690317,98603.83405830883,-0.1765664004460804,0.9330520971849909,0.9496114520306689,0.75,4.297445862854364,69646.94486110809,1.027014889930131,1.4039804507175688,1.7395173727604178,1.5,2.2987787868127154,157694.56363816164,-0.11644826027466161,0.3327288968369791,0.35251768198396577,0.75,2.83307121068013,8856.73595106998,0.06659909311640327,0.18336679523499452,0.19508670072221676,0.75,2.310236975221519,2689.871759680528,-0.04022998985446285,0.16638463111965876,0.17117913878891639,2.0,2.392226021461726,2214.710958369024,8.889765411370249,4.200335036580927,9.832128126134451,0.75,4.382965800839315,1411425.198762012,1.5195881930381487,1.8918212755023687,2.426548168667656,1.5,4.981062325386297,286319.0350766889,6.982552244172547,2.9625245657459676,7.585023905384043,3.5,3.75575383797399,702124.1506334059,3.030478541370294,4.200335036580927,5.179441534493377,0.75,4.382965800839278,1411425.198762012,-0.2254438819618376,1.8918212755023671,1.905206729559138,1.5,4.981062325386292,286319.03507668845,-1.075402555827408,2.962524565745961,3.1516729620518076,3.5,3.7557538379739968,702124.1506334026,0.12454549590544932,0.6712712302214267,0.6827273577888335,0.75,2.92267887457559,36048.40975664635,0.026024148024968347,3.33499139743722,3.3350929338266853,1.5,1.7997930541789289,889773.5833321722,-0.040676239929011475,1.2892210804031108,1.2898626092148444,0.75,1.7175419440585344,132967.2933443795,7.541121428223632,2.7718082628292477,8.034390670181661,1.5,4.320431674834865,614637.9720226873,-2.362987305118459,2.103807454277305,3.163813333435421,1.5,3.164853095320014,354086.3478882967,7.674676639496661,2.6064480193112183,8.105197887664874,1.5,4.5420774841684155,543489.8993274353,1.5580699382236674,2.771808262829265,3.179701712155543,1.5,4.3204316748348806,614637.972022695,0.04477810488152977,2.103807454277306,2.1042839360099532,1.5,3.164853095320021,354086.34788829717,-0.1664962605032966,2.6064480193112107,2.6117603799224987,1.5,4.542077484168365,543489.8993274323,-0.06452802429940724,0.6847803665612704,0.6878139402104123,2.0,3.122869577959107,37513.93441360588,-0.1492396120246426,2.0534353599268593,2.0588514368927195,0.75,2.025997898401559,337330.0392485633,-0.09695267363533544,0.6033446857492591,0.6110847983274598,1.25,2.6495258290723496,29122.083187246848,4.0,ACL_1_6,ACL_1,ortho,gait_full,4.0,0.5
9.636765248086224,1.0664241081747456,9.695592030671394,1.5,2.783652972984328,90980.90874253538,-1.4390235329007313,0.5404010192504869,1.5371473546309955,0.75,1.809087492038436,23362.71471984519,0.960777396484624,1.059753994375123,1.4304445931911522,0.25,0.7108462238102372,89846.34778334305,-0.6152762179007365,0.54040101925049,0.8189005348155557,0.75,1.8090874920384468,23362.71471984547,-0.3182215580862814,1.0664241081747339,1.112890533038689,1.5,2.7836529729842456,90980.90874253336,-1.9974398685153572,1.0597539943751235,2.2611600025050587,0.25,0.7108462238102369,89846.34778334311,-0.0024836241404723224,0.36726367743233806,0.3672720751023627,0.75,1.0143108905805964,10790.662692672362,0.06636339844499788,0.27213791718042263,0.2801127391256387,1.5,1.9857030825815052,5924.763661819792,0.013373248190666258,0.10590189744468963,0.10674294191914853,1.25,2.962346734431289,897.2201062990636,9.633599413076523,1.2573634381051118,9.71530753332656,1.5,3.2152248655391884,126477.02808997712,0.18183617005667022,0.9525963805238193,0.9697959872715289,0.75,4.365130446964132,72595.2243160929,2.660305425799923,1.5458149773001646,3.076811483108125,1.5,1.9135786505441863,191163.8680634587,-0.16932543692342272,1.2573634381051173,1.268713489749687,1.5,3.2152248655391893,126477.02808997824,-0.06843237994332844,0.9525963805238187,0.9550512315115813,0.75,4.365130446964136,72595.22431609279,0.8785814907999315,1.5458149773001597,1.7780465067094628,1.5,1.9135786505441814,191163.86806345748,0.040983669303605155,0.3112712445858495,0.3139577182609324,0.75,2.9599944755405865,7751.2393665376785,0.026042347746073245,0.17979459928540187,0.1816708611977321,0.75,2.8975185325821613,2586.1069380233776,0.0042210098479340255,0.18557278532343818,0.18562078433417747,2.25,2.563831672435391,2754.9872745536763,9.01409005193912,4.673851935620112,10.153753561150067,0.75,4.092278133090608,1747591.3970473325,1.4878855335536898,2.0373410724006247,2.522808357019787,1.5,4.274462874697622,332060.880295749,7.26383920259605,3.640990487249255,8.125279791454002,3.75,4.478561918574754,1060544.946275524,3.2415066319391572,4.673851935620122,5.687904461311344,0.75,4.092278133090586,1747591.3970473395,-0.18575794644630497,2.037341072400627,2.0457919395575113,1.5,4.2744628746976385,332060.8802957496,-0.8704259924039051,3.640990487249259,3.7435882701616534,3.75,4.478561918574766,1060544.9462755264,0.1623627342919237,0.8264742329311554,0.8422715210583175,0.75,2.6784713504878117,54644.80672704228,-0.03300354644712092,3.3456747492285746,3.345837527690753,1.5,1.8957403575368381,895483.1806290246,-0.05874826060254528,1.433282371783557,1.4344858714498805,1.5,2.121839555052828,164343.87667787663,7.101792160784687,3.3865403301011163,7.867916325329357,1.5,3.0624073714110054,917498.179972389,-2.8017332154539325,2.168716963743532,3.543027276130794,0.75,2.4771982801801293,376267.1454199493,7.834431098231066,2.8441467266216116,8.334715426184776,1.5,4.215869182869284,647134.0992541297,1.2048004757847182,3.3865403301011225,3.5944679152626335,1.5,3.0624073714110156,917498.1799723919,-0.3677854304539474,2.168716963743534,2.1996816568956445,0.75,2.477198280180126,376267.1454199502,-0.056275291768892205,2.844146726621609,2.8447034135417506,1.5,4.215869182869291,647134.0992541284,-0.037679748468089434,0.6066734070884402,0.6078424025295658,2.25,3.607469570514796,29444.21058697513,-0.14330099658520637,1.8029074057171126,1.8085934560348058,1.5,1.9850274556320031,260039.8862163292,-0.046168587555131,0.711553468160044,0.7130497013023863,1.5,2.4446369773889276,40504.72154038533,4.0,ACL_1_7,ACL_1,ortho,gait_full,4.0,0.5
9.354092358316688,0.9561663809399146,9.402834572402005,1.5,2.8301163386305173,73140.33399133381,-1.3902793282210442,0.5925338255574779,1.511281887970784,0.75,1.5358506325867296,28087.744916678996,2.1236314603897837,0.9194638941111072,2.3141357851541913,0.25,0.9681077187563979,67633.38886909455,-0.5665320132210497,0.5925338255574822,0.8197895195927308,0.75,1.535850632586732,28087.744916679407,-0.0355486683167462,0.9561663809399062,0.9568269727901759,1.5,2.830116338630471,73140.33399133253,-0.8345858046102016,0.9194638941111073,1.2417517134398564,0.25,0.9681077187564048,67633.38886909458,0.09398215451336933,0.15649814770986187,0.18254948809457822,0.25,1.7646468629041083,1959.3372524700394,0.04566617640811092,0.26582177923633316,0.2697158096665943,1.5,2.1243245956497847,5652.958388256982,0.025233893603536988,0.10747215045349223,0.11039480290979597,1.5,2.661784775790048,924.0214821051337,9.498604503581127,1.1391556596581378,9.56666938554808,1.5,3.154875916480999,103814.08814651117,0.20289296821006342,1.0026904400406842,1.023012060094147,0.75,4.3672307996826145,80431.12022156168,2.882263384804162,1.4990702953784574,3.2487926941971534,1.5,2.2124143514332637,179778.835255281,-0.304320346418819,1.1391556596581345,1.1791041048930453,1.5,3.1548759164810054,103814.0881465106,-0.047375581789936165,1.0026904400406838,1.0038090278030554,0.75,4.367230799682621,80431.12022156164,1.1005394498041678,1.4990702953784547,1.8596770770919635,1.5,2.2124143514332824,179778.8352552804,0.048364173544536725,0.35336016123786673,0.35665459037098796,0.75,2.810066182462179,9989.117024556424,0.002734992120387989,0.1765064344237775,0.17652762269654532,0.75,2.988154508833015,2492.3624479370774,0.006595923764619197,0.18705152389858276,0.18716778249231553,2.25,2.711566362590765,2799.1009199002992,9.053615345333764,4.745117426593453,10.221745947411522,0.75,4.184405201063029,1801292.5371543176,1.404188462532007,2.080102969738915,2.5096959184380596,1.5,4.881220871029185,346146.32545957546,7.144118388961596,3.4608891309526246,7.938273183271361,0.75,4.319830784542624,958220.295546487,3.281031925333802,4.7451174265934695,5.768995570046892,0.75,4.184405201063002,1801292.5371543306,-0.26945501746798817,2.080102969738917,2.0974828655212745,1.5,4.881220871029231,346146.32545957604,-0.9901468060383617,3.4608891309526335,3.5997422510860475,0.75,4.319830784542638,958220.2955464917,0.231416170673659,0.8307933576756691,0.8624216180078467,0.75,2.8593303262810084,55217.4141362606,0.1047832966959565,3.3366798225077114,3.3383246961906754,1.5,2.009716510634501,890677.7583080471,-0.09619164690974559,1.3775922866343169,1.3809465381141932,1.5,2.2059800021059415,151820.99114137632,7.537232098707482,3.0383986040700064,8.126606535756544,1.5,3.959911078666662,738549.2869172995,-2.6061200016183945,2.255160057157102,3.446390625891424,0.75,2.435405514408463,406861.33808973833,7.854854067757681,2.5923884792459133,8.271590563676149,1.5,4.508555663638225,537642.348629164,1.6402404137075246,3.0383986040700077,3.4528618118850347,1.5,3.9599110786666833,738549.2869173004,-0.1721722166184097,2.255160057157103,2.261722829077897,0.75,2.4354055144084663,406861.33808973874,-0.0358523222422674,2.59238847924591,2.5926363833629056,1.5,4.508555663638228,537642.3486291628,-0.09295993330741409,0.6659959950633305,0.6724523883821922,2.0,3.4768674637880026,35484.094673733096,0.05339570471103926,2.085858964623948,2.0865422884724087,0.75,1.7668007392443619,348064.69706307806,0.04701875303549464,0.8265373369014222,0.8278736210491959,1.5,2.267675253471856,54653.266252451474,4.0,ACL_1_7,ACL_1,ortho,gait_full,4.0,0.5
9.338800542696227,0.8361292187553315,9.376156336512299,1.5,2.602617471772552,55929.06784968925,-1.3587402244868674,0.6395252018255219,1.501721505941963,0.75,1.1800737038710483,32719.474307665816,2.4607751197689733,0.6953079927597574,2.5571209190942863,0.25,1.2952494861589325,38676.395151328055,-0.5349929094868737,0.6395252018255266,0.8337924783608993,0.75,1.1800737038710465,32719.474307666293,-0.020256852696267185,0.8361292187553327,0.8363745635404997,1.5,2.602617471772571,55929.06784968942,-0.49744214523101105,0.6953079927597547,0.8549280043650632,0.25,1.2952494861589277,38676.395151327786,0.07224331697483803,0.14649720831617177,0.16334175489432806,0.75,1.56105098805066,1716.92273913102,-0.0032322472258296342,0.22160552486626556,0.22162909572838563,1.5,2.157980102016927,3928.7751915539175,0.025225692279393874,0.10358026703756623,0.10660772612971445,0.5,2.216807295190729,858.3160845047843,9.548458210061687,1.0574103354952207,9.606829383667984,1.25,2.4570677804737153,89449.32988803826,0.2121776491258998,0.8391009645403831,0.8655112844331926,0.75,3.6691176807589967,56327.24424303141,2.8350368761749176,1.319139060529006,3.1269093287597878,1.25,1.7035720997429655,139210.36806004326,-0.25446663993825036,1.057410335495215,1.0875982201408598,1.25,2.457067780473686,89449.32988803732,-0.038090900874100636,0.839100964540383,0.8399650858351206,0.75,3.6691176807590025,56327.24424303138,1.0533129411749247,1.3191390605290054,1.6880746467677064,1.25,1.7035720997429638,139210.3680600431,0.03538499474403892,0.29911404460856883,0.301199783424777,2.0,2.6355350098958845,7157.61721928292,-0.001050054622069494,0.15596045425239197,0.15596398912993276,0.75,2.4758039435422754,1945.8947560963727,0.003688496561238267,0.1615826305218893,0.16162472426351004,2.0,2.460218344104976,2088.716956489271,7.9979809446061845,3.8393065027635336,8.87175143996077,0.75,3.821480403490088,1179222.4387655864,1.586867139861643,1.6674710549626734,2.301870334903989,1.5,5.211340186690892,222437.30163848063,7.487527166545057,2.6106567247656556,7.92960223493678,4.0,4.542184460316183,545243.8146692939,2.2253975246062097,3.839306502763524,4.437642230361268,0.75,3.8214804034900736,1179222.4387655803,-0.08677634013835163,1.6674710549626772,1.6697274784665161,1.5,5.211340186690931,222437.30163848153,-0.6467380284548974,2.610656724765668,2.689572198698881,4.0,4.5421844603161965,545243.8146692992,0.13820465137940027,0.5926413677823974,0.6085427811336622,0.75,3.188107723896228,28098.041208556173,-0.16020261353479262,2.8689281418441834,2.8733975639387075,1.25,1.8870561347018957,658462.4724623086,0.020447361273086023,1.2418905545071999,1.2420588729835764,1.25,2.223373625449578,123384.26562908378,7.42793890093252,2.910624479282355,7.977845020767469,1.25,4.184791280384048,677741.929106389,-2.497300451318838,2.019532178668938,3.2117004475568045,0.75,2.0484275359075754,326281.0569858879,7.906180977408087,2.5149838177527273,8.296555987341229,3.5,4.163522551557744,506011.53270654165,1.5309472159325492,2.910624479282349,3.288697954718442,1.25,4.184791280384083,677741.9291063861,-0.06335266631885414,2.019532178668937,2.0205256199833275,0.75,2.0484275359075736,326281.05698588747,0.015474587408130987,2.5149838177527295,2.5150314245379812,3.5,4.163522551557733,506011.53270654246,-0.0715799199025674,0.6086357184932257,0.612830419250728,2.0,3.118631803938977,29635.013443267002,0.12717958062365453,1.9120193369719167,1.9162443974300714,0.75,1.9160487620297726,292466.8116014607,0.055653482925163145,0.7741172011077831,0.7761151662045069,0.75,2.241367259172131,47940.61509356516,4.0,ACL_1_7,ACL_1,ortho,gait_full,4.0,0.5
9.494175833291541,0.7507142958392267,9.523809464045074,1.25,2.7345241118692267,45085.78843770673,-1.3006221769195594,0.7328701354899396,1.492888704019163,0.75,1.0504473404861256,42967.90491650536,2.1571994641149006,0.7275435379547325,2.276582774158959,1.25,1.333346026680491,42345.91224616103,-0.4768748619195655,0.7328701354899427,0.8743616353796932,0.75,1.0504473404861288,42967.904916505715,-0.1756321432915853,0.7507142958392296,0.7709854756962587,1.25,2.734524111869199,45085.78843770709,-0.8010178008850843,0.727543537954733,1.08210402316712,1.25,1.3333460266804897,42345.912246161104,-0.255300200656037,0.7406070251243914,0.7833753622106157,0.25,1.7745898143810084,43881.37865235294,0.07282739053727155,0.2526122961669142,0.26290074360333987,1.25,1.8658856019680141,5105.109381688256,-0.03351008741870412,0.12469673687073772,0.12912088190923726,0.75,1.6142538091505014,1243.9642144494185,9.646923846278991,0.9225367980831813,9.690934621579272,1.25,2.5387206470484287,68086.07748904036,0.32893785266688313,0.7711254697674498,0.8383523131960514,0.75,3.367285997079248,47570.759215371814,2.7242176664670223,1.2054660047006431,2.979011611722915,1.25,1.921803683273869,116252.84436217693,-0.15600100372094758,0.9225367980831815,0.9356337194540991,1.25,2.5387206470483985,68086.07748904037,0.07866930266688374,0.7711254697674501,0.7751279567311221,0.75,3.3672859970792337,47570.75921537185,0.94249373146703,1.2054660047006418,1.5301773499642366,1.25,1.9218036832738847,116252.84436217666,-0.13452271008473457,0.5945167470587777,0.609546160730992,0.75,1.6987909627853357,28276.837887914608,0.02828153098273635,0.14782838561491943,0.15050939036565392,0.75,2.3453996154531107,1748.2751013952295,-0.03314816753560786,0.19523172181017598,0.19802582208372388,2.0,1.896923466761802,3049.2452901831225,8.200870652130275,3.57834230576425,8.947559058770937,0.75,4.281006910087802,1024362.7116007698,2.3658540307841753,2.7053530734835043,3.593911594236059,0.5,2.561741638597401,585514.832349605,6.906272676205353,3.078910427746197,7.561500624888218,1.25,3.776854390765447,758375.167282436,2.428287232130299,3.5783423057642425,4.324478296736981,0.75,4.281006910087809,1024362.7116007652,0.6922105507841819,2.705353073483505,2.7925061680905183,0.5,2.5617416385974017,585514.8323496055,-1.2279925187946035,3.0789104277462043,3.31476319641386,1.25,3.776854390765437,758375.1672824398,-0.0830234630214764,1.0229015977504232,1.0262653526707637,0.75,1.7317311268695739,83706.21618910469,-0.10516452614788985,2.6199556176931975,2.6220654103668073,1.25,1.7674835381335405,549133.4828490589,-0.2666697322812258,1.5974103379898348,1.6195161419484951,1.25,1.8535236571460174,204137.5904598037,7.145804633423263,2.367133393709904,7.527671908543169,1.25,4.180325256305104,448268.9278958069,-2.619410912852599,1.8088551773520305,3.183279846793953,1.25,3.2458652429118167,261759.31428763905,7.6042368971344425,2.2154946977366774,7.9204062738877345,1.25,4.206506158321285,392674.89308837714,1.2488129484232864,2.3671333937098957,2.6763509268715473,1.25,4.180325256305089,448268.92789580376,-0.18546312785261423,1.808855177352024,1.8183381490872643,1.25,3.245865242911809,261759.31428763721,-0.28646949286552437,2.215494697736681,2.2339385680993957,1.25,4.206506158321306,392674.8930883785,-0.019801061415843,0.5473119581865526,0.5476700298603099,2.0,3.491073446691773,23964.335078594824,-0.1352330755644594,1.4359374090385362,1.4422913115605067,1.25,1.7064640794329062,164953.34813079226,0.01710857336620562,0.6043820148816533,0.604624117278689,1.25,2.191132043486399,29222.470785295285,4.0,ACL_1_7,ACL_1,ortho,gait_full,4.0,0.5
9.422874747373415,0.6504386731015189,9.445297188133026,2.25,2.7363874659270424,33845.640560155676,-1.5932483209406616,0.9186106398297911,1.8390991598575472,0.25,1.1146612735951262,67507.733687924,1.965101069727609,0.7862828658035504,2.116568675781827,0.5,1.1018819442948165,49459.49803334511,-0.7695010059406664,0.9186106398297909,1.1983227051809522,0.25,1.1146612735951247,67507.73368792399,-0.10433105737346868,0.6504386731015139,0.6587529407894314,2.25,2.7363874659269967,33845.64056015515,-0.993116195272378,0.7862828658035488,1.2666966970701887,0.5,1.1018819442948198,49459.498033344906,-0.9005031859466756,1.02802641445289,1.366654417441724,0.25,0.5737679734231872,84547.11928456505,0.1744290001838435,0.3257149750192897,0.3694803392021716,0.25,0.9361036935324092,8487.221016520025,-0.16684313544997834,0.23422789915538514,0.28757493039123744,0.75,1.1610054442486788,4389.02147706668,9.640449874675175,0.8010826092802332,9.673675988630993,1.25,3.007768737058202,51338.75678610826,0.07560555420331523,0.889209074418045,0.8924174907820815,0.5,2.3986100365666023,63255.66561423009,2.5255196872971357,1.0928815232611733,2.751842966960703,1.25,1.6486102294642258,95551.5301908205,-0.16247497532476082,0.8010826092802321,0.8173930905616996,1.25,3.0077687370582367,51338.756786108126,-0.17466299579668437,0.8892090744180449,0.9062008277021537,0.5,2.398610036566598,63255.66561423008,0.7437957522971439,1.0928815232611722,1.3219766053228532,1.25,1.648610229464242,95551.53019082033,-0.7569048341150494,1.0199050768834481,1.2700831837952042,0.25,0.4891060167032081,83216.50969732874,0.017366881658534266,0.1306804263149244,0.1318293685048666,0.75,2.3400783697623426,1366.1906553591368,-0.21301856204975692,0.3092827286100539,0.3755432252008101,0.25,0.9057320251873447,7652.4889770476875,7.969599507841582,3.183413624111385,8.581878501678217,0.5,4.065747551299726,810729.842527732,2.947466086865848,2.6903096905128474,3.9906544029885134,0.5,2.5883306381753672,579022.430005927,6.656895617547024,2.9972535502892965,7.300533412541755,0.75,3.820174240576744,718683.4726081922,2.1970160878416114,3.1834136241113926,3.8679454484794493,0.5,4.06574755129974,810729.8425277357,1.273822606865857,2.690309690512848,2.976640768488845,0.5,2.5883306381753757,579022.4300059271,-1.4773695774529312,2.9972535502892947,3.341578925164754,0.75,3.8201742405767147,718683.4726081915,-0.47813731700872764,1.1593508378285955,1.2540772141659262,0.75,1.7891608405785577,107527.65058034535,-0.04838519268959799,2.038797880964186,2.0393719440787805,1.5,1.9696668263057775,332538.06673364766,-0.5044290897662629,1.5243914879088978,1.605683068046594,1.25,1.8990594566515717,185902.48639893217,6.787953651730468,1.7449394008927297,7.008646680410483,1.5,3.3819567431832036,243586.67496206934,-2.773118105887372,1.6492172101551816,3.226468880288853,0.5,3.804742942076849,217594.728789761,7.4232371417118905,1.6425499058256854,7.602790267738476,1.25,4.242448524232714,215837.87064974968,0.8909619667305014,1.7449394008927297,1.9592413682209149,1.5,3.381956743183149,243586.67496206932,-0.33917032088738386,1.6492172101551754,1.683732138091707,0.5,3.804742942076851,217594.72878975933,-0.46746924828806913,1.6425499058256954,1.707775655999058,1.25,4.242448524232704,215837.87064975232,-0.5956381121203751,1.1155525208439492,1.2646114768463927,0.25,1.3375780774512245,99556.59640448933,0.11080626381718185,1.3541637745208146,1.3586896468014993,1.25,1.9518247930348467,146702.73077246538,-0.4997470647358436,1.0845035064250257,1.1941084474034456,0.25,0.8839111819446365,94091.97661046278,4.0,ACL_1_7,ACL_1,ortho,gait_full,4.0,0.5
9.480538070113983,0.8872264017970333,9.521962654144692,1.25,2.8474203782072176,62973.70854053436,-1.8156330749475513,0.792540030524852,1.9810712159909427,0.5,1.1816346296340885,50249.608328784045,1.6059661372615435,0.8008775196370185,1.794584084263177,0.25,1.3114947631338014,51312.968610055716,-0.991885759947555,0.7925400305248511,1.2696287098089227,0.5,1.181634629634088,50249.60832878394,-0.16199438011403153,0.8872264017970241,0.9018940443501241,1.25,2.847420378207164,62973.70854053306,-1.3522511277384421,0.8008775196370149,1.5716195194543192,0.25,1.3114947631337939,51312.96861005524,-0.5524472440345048,1.0007081302261143,1.1430724908517245,0.25,1.3753437085158915,80115.22151434468,0.15837670428695952,0.3053867360540012,0.34401197510917436,1.25,1.2386454418642343,7460.884807538183,-0.13206037925662029,0.24421863237709227,0.2776376850673188,0.75,1.4472168376620136,4771.454180283728,9.679779307910758,1.0109423975117617,9.732426828954026,1.25,2.7078552109333844,81760.40686580563,0.022635499334488784,0.9982734323589341,0.9985300253792115,0.75,3.7035257928417735,79724.11557255544,2.390248576166095,1.3128276077490533,2.7270505282323145,1.25,1.937856157827804,137881.39852979407,-0.12314554208917626,1.01094239751177,1.0184151194985678,1.25,2.707855210933456,81760.40686580696,-0.22763305066551143,0.9982734323589322,1.0238977739544954,0.75,3.7035257928417695,79724.11557255515,0.6085246411661067,1.3128276077490537,1.44700330565429,1.25,1.9378561578278162,137881.3985297942,-0.595856525906544,0.9877632319431828,1.1535688977448457,0.25,0.7983635479876715,78054.38400173807,-0.015788062642565506,0.18032128375465914,0.18101112755003176,0.5,2.1111164598765515,2601.2663593940547,-0.17671053997352815,0.31488995694715444,0.36108489295997503,0.25,1.3234262507229717,7932.5186656068345,7.782402533843344,3.3064713359235753,8.455681042592342,0.5,4.146652099655984,874621.6072725357,2.4373078633265304,1.8366519935174697,3.0518453705790916,0.75,4.255632632288755,269863.7261335145,7.117222728694068,2.439422492609708,7.523672073348863,4.0,4.156570036756765,476062.79627413687,2.009819113843368,3.3064713359235682,3.8693830988484876,0.5,4.146652099655996,874621.607272532,0.7636643833265411,1.8366519935174708,1.9890886947678343,0.75,4.25563263228877,269863.72613351484,-1.017042466305893,2.4394224926096975,2.642944849163464,4.0,4.156570036756739,476062.79627413285,-0.2847088431775977,0.9177097737123636,0.960859174983891,2.0,2.117649465107063,67375.36225111029,-0.22629509436926346,2.3624005209049685,2.373214210918951,1.5,1.8958851742468719,446478.87707786605,-0.17074086116460874,1.1322803526234981,1.1450813240152096,1.25,1.6823443371197495,102564.81188081564,7.210850793520198,2.4479015669473227,7.615024047754152,1.25,3.2761969430261093,479378.64732163533,-2.6321674517716946,1.8855866760463007,3.2378608072382655,0.75,2.9813870016214277,284434.9698829532,7.541020063310795,2.2444046788308962,7.867930856179023,1.25,4.19675552138473,402988.2470093676,1.3138591085202251,2.4479015669473245,2.778209466275847,1.25,3.2761969430260884,479378.64732163626,-0.19821966677170239,1.8855866760462976,1.8959768324476989,0.75,2.9813870016214103,284434.96988295234,-0.3496863266891548,2.2444046788309078,2.2714825311746125,1.25,4.196755521384711,402988.24700937176,-0.608442360205759,1.1436271738812829,1.2954092861070763,0.25,1.6462965430228922,104631.04252105107,0.26681095712235126,1.6969763776014168,1.7178233066813864,1.25,1.6074689594956924,230378.30841403166,-0.5179065191568994,1.1377790856708574,1.250107359539663,0.25,1.1554276381928,103563.362453907,4.0,ACL_1_7,ACL_1,ortho,gait_full,4.0,0.5
9.510345793615123,1.1503483891359632,9.579664844373239,1.5,3.129332365491561,105864.17326135155,-1.5083621011057522,0.6248313681684744,1.6326574860329541,0.75,1.2822881383488516,31233.239617768628,1.8169906189177873,0.770182832243922,1.9734833428023946,0.25,1.2244106150671799,47454.76310658547,-0.6846147861057545,0.6248313681684724,0.9268827563407969,0.75,1.2822881383488574,31233.239617768428,-0.19180210361517733,1.1503483891359598,1.1662287354283913,1.5,3.129332365491509,105864.17326135092,-1.1412266460821958,0.770182832243922,1.3768005857099592,0.25,1.2244106150671754,47454.76310658547,0.0078027052791336616,0.24003764722266488,0.2401644317834461,1.0,1.2979880936620602,4609.481259048873,0.06528016395306648,0.23561335067258216,0.24448957200850185,1.5,2.2819694192596436,4441.094243762568,-0.018336138803923083,0.11508993093671112,0.11654143550365968,1.5,2.962332609461649,1059.681848911347,9.61608838253434,1.3030799319525666,9.703977178959635,1.5,3.316360519343395,135841.60918691053,0.271628036335061,1.0653054523908025,1.099389602014142,0.75,5.33720692700431,90791.93653635842,2.6348905027965417,1.597309231807362,3.081240779904167,1.5,2.178187535845048,204111.75201131613,-0.18683646746560703,1.3030799319525777,1.3164061586883284,1.5,3.3163605193434336,135841.6091869129,0.021359486335061982,1.0653054523908005,1.0655195608481647,0.75,5.337206927004308,90791.93653635807,0.8531665677965508,1.5973092318073618,1.8108809939978858,1.5,2.178187535845063,204111.7520113161,-0.01805368359844109,0.37835467000464673,0.3787851525677818,0.75,2.7148387520923625,11452.180815268905,0.005740944880079186,0.2277572340583108,0.22782957690784636,0.75,2.4585076782745734,4149.875486526088,-0.02352624333516643,0.20256305496661411,0.20392468061240895,2.25,2.504636091738385,3282.5459659463518,9.063823738945528,4.895166120806667,10.301240319542392,0.75,4.801056567903862,1917012.4435199294,2.0772051972752843,2.2414946378466207,3.055990779286254,1.5,5.551024228161356,401943.8569215186,6.911477892765688,3.607705624013566,7.796413696804958,3.75,4.350679422725053,1041243.1947204804,3.291240318945557,4.895166120806657,5.898721402757222,0.75,4.8010565679038555,1917012.4435199213,0.403561717275295,2.241494637846618,2.2775338133923118,1.5,5.551024228161352,401943.8569215177,-1.2227873022342748,3.6077056240135468,3.8092976591550776,3.75,4.350679422725047,1041243.1947204694,0.15710182291502414,0.7622444707045452,0.7782657745801724,0.75,2.982882638861748,46481.3308188972,-0.02289491253481321,3.251542730821695,3.2516233341793113,1.5,1.8777657932091578,845802.415164227,-0.07009552907874853,1.3115465534081254,1.3134183434662248,1.5,1.9241961473606208,137612.3490441342,7.873964967117525,3.032901654744205,8.437879872974266,1.5,3.4079908960180543,735888.1821708303,-2.2921486049572444,2.3270891230092863,3.2663877622896473,0.75,2.9076432739302596,433228.7382267167,7.586820801283952,2.879497741927877,8.114884910863653,1.5,4.5846604563461435,663320.753479117,1.9769732821175559,3.0329016547442103,3.620347470279176,1.5,3.40799089601804,735888.1821708329,0.14179918004274744,2.3270891230092814,2.331405325954477,0.75,2.907643273930263,433228.73822671484,-0.30388558871599997,2.8794977419278798,2.8954885074537993,1.5,4.584660456346173,663320.753479118,-0.1001036335207168,0.6866535287519507,0.693911958386333,2.25,3.2195934408845437,37719.75157714021,-0.0984303927030152,2.080613893251908,2.082940881302331,1.5,2.081979909918705,346319.81435434596,-0.04523230217697979,0.7165409980734402,0.7179672437377009,2.0,2.4289186672142806,41074.57796027372,4.0,ACL_1_7,ACL_1,ortho,gait_full,4.0,0.5
9.355584655761831,1.0081478596551037,9.409746349294089,1.5,2.8575223675076407,81308.96917896558,-1.2089127051662723,0.6430457277766922,1.3692982643399099,0.75,1.3451644813396963,33080.626229490364,2.3707476650962884,0.5378996668189375,2.4310040195613474,1.5,1.901808677051866,23146.922069335516,-0.3851653901662755,0.6430457277766906,0.7495733358343217,0.75,1.3451644813397012,33080.62622949019,-0.03704096576189788,1.0081478596551037,1.008828102340404,1.5,2.8575223675076153,81308.96917896559,-0.5874695999036952,0.5378996668189379,0.7965278290021838,1.5,1.9018086770518399,23146.92206933554,-0.07087315140758788,0.1836861887052808,0.19688478740500726,0.75,1.692264876693159,2699.2797429598522,0.03729764734204824,0.23911299000221514,0.24200441418505417,1.5,2.2566087667517873,4574.048115919017,-0.016703188558406218,0.12257302132911412,0.12370586916458386,1.5,2.503273600016425,1201.9316829004274,9.507307093233342,1.2270845138497541,9.586168398749047,1.5,3.404960434825586,120459.0877015968,0.1824348446538405,0.9426706262537176,0.9601616437587198,0.75,4.318554649552592,71090.30926212088,2.82677637158086,1.5221155447915842,3.2105296115476074,1.5,2.152766160463976,185348.5985252473,-0.29561775676660723,1.2270845138497575,1.2621910561581462,1.5,3.40496043482563,120459.08770159748,-0.06783370534615796,0.9426706262537157,0.9451081002629075,0.75,4.31855464955259,71090.3092621206,1.0450524365808684,1.5221155447915864,1.8463397105895216,1.5,2.1527661604639845,185348.59852524786,-0.05828947058300647,0.3780967200435949,0.38256344844819107,0.75,2.875560978855328,11436.703762687386,0.015941566693867062,0.1977458791468026,0.19838741459124082,0.75,2.4910121221710866,3128.2746175651305,-0.02671489116507382,0.1909755116529165,0.19283498505472235,2.25,2.627334217527812,2917.7468006041645,9.124109234794798,4.769910028473691,10.295698665374855,0.75,4.543352864189778,1820164.0954096946,1.7995135419923702,2.1666361048075267,2.8164802499697132,1.5,5.138695881476059,375545.056381878,6.890660465872016,3.5050133252420683,7.730868002110501,0.75,4.394639275326347,982809.5029633315,3.3515258147948326,4.7699100284736735,5.829645526699705,0.75,4.543352864189763,1820164.0954096804,0.12587006199237855,2.1666361048075244,2.1702892164781833,1.5,5.13869588147606,375545.0563818772,-1.2436047291279373,3.505013325242055,3.7190954723472407,0.75,4.394639275326343,982809.5029633242,0.14980109941413822,0.7062496797810104,0.7219618962081477,0.75,3.0317326388090207,39903.10492832049,0.08006642516534106,3.214128954740665,3.2151260582037953,1.5,1.9917525992335725,826452.608479367,-0.12288037743383246,1.3435706911785283,1.349178190363389,1.5,1.9279278925280086,144414.67201107467,7.670712166854932,2.9318362638454762,8.211911411159747,1.5,3.2840334586707196,687659.2869037776,-2.183597005437088,2.2314744619211555,3.122110529170953,1.5,2.4876473659942877,398359.6044668305,7.835307404374214,2.7957655545288684,8.319155435315023,1.5,4.511390041262814,625306.9191806619,1.7737204818549666,2.9318362638454754,3.426623443822097,1.5,3.2840334586707134,687659.2869037773,0.2503507795628995,2.231474461921156,2.24547406732611,1.5,2.4876473659942966,398359.60446683073,-0.05539898562574118,2.795765554528868,2.796314374940427,1.5,4.511390041262824,625306.9191806617,-0.1962969871891563,0.6231342345409017,0.6533213462274253,0.75,2.8022812306952005,31063.711137355327,0.06781787653451954,2.1798453891796483,2.1809000859978487,0.75,1.7269013873651042,380138.0739867085,0.02604817114187094,0.7277662017179927,0.7282322099322923,0.75,2.1223663468115985,42371.60679475438,4.0,ACL_1_7,ACL_1,ortho,gait_full,4.0,0.5
9.396160538158554,0.8680949893489035,9.436176226066399,1.5,2.443181383875947,60287.11588618376,-0.9847070354495767,0.7752640626092824,1.2532686513422984,0.75,1.1529974449737752,48082.853020247334,2.366839881048745,0.7074644450898476,2.470311106640037,0.25,1.326301931021144,40040.73814310679,-0.16095972044958193,0.7752640626092834,0.7917969426441722,0.75,1.152997444973781,48082.85302024748,-0.07761684815861072,0.8680949893488984,0.8715579645960106,1.5,2.443181383875984,60287.11588618306,-0.5913773839512395,0.7074644450898453,0.9220808811136334,0.25,1.326301931021146,40040.73814310654,-0.03957695014731587,0.16083378415977723,0.16563164284072335,0.75,1.478167984398365,2069.4025141861184,-0.0169640106023138,0.2575665442268009,0.25812458689681617,1.25,1.5619611016339938,5307.246321263999,-0.010877606919509985,0.13365034869427428,0.1340922743426946,0.75,2.443808775402481,1429.01862764228,9.563737565378652,1.0839421223913253,9.624967882758309,1.5,2.5627051824142275,93994.45109090446,0.21946952311346074,0.8871036267261612,0.9138488475269627,0.75,4.303703064888079,62957.13713224424,2.7646748503538676,1.4746084958468002,3.1333523970665578,1.5,1.9278010411332782,173958.4446067697,-0.23918728462128946,1.0839421223913186,1.1100185051694869,1.5,2.562705182414202,93994.4510909033,-0.030799026886536227,0.8871036267261599,0.8876381157926148,0.75,4.303703064888061,62957.13713224407,0.9829509153538812,1.4746084958468015,1.7721915015084004,1.5,1.9278010411332676,173958.44460677,-0.052544751119618066,0.3547308988434465,0.3586013963504633,0.75,2.299765895227319,10066.733334060345,-0.00957228918661993,0.15347723374178227,0.1537754531689045,0.75,2.5337182155004374,1884.4421826730984,-0.009084125848296133,0.1826284285015006,0.1828542158096318,2.0,2.299534058652892,2668.257832687345,8.551308914774536,3.922913890400229,9.408195233273888,0.75,3.967715662905153,1231145.481304922,1.7223973144031755,1.6638145530536625,2.394771675048882,3.5,5.26514871961112,221462.84060241343,7.053106619601823,2.578985971103625,7.509825672185765,3.5,4.012373765707477,532093.695020376,2.7787254947745637,3.9229138904002125,4.8073452930702905,0.75,3.9677156629051455,1231145.4813049114,0.048753834403182275,1.6638145530536608,1.6645287030634726,3.5,5.2651487196111315,221462.84060241297,-1.0811585753981274,2.5789859711036294,2.7964392545353527,3.5,4.012373765707479,532093.6950203778,0.1111270089053804,0.5702314678326389,0.580958810084521,0.75,3.1812953862417763,26013.11771780357,-0.05452976308371715,3.062395525314857,3.062880971982167,1.5,1.7646242542667627,750262.5536729593,-0.0504030721694164,1.309648244799777,1.3106177912691601,0.75,2.0088045552129015,137215.4170527293,7.5445310869791635,2.808249778642652,8.050230812942043,1.25,4.2301971365779885,630903.958493509,-2.1813182820195136,2.0014855988310907,2.960421262219418,0.75,1.978901047955638,320475.57458768727,7.9653252298261625,2.678723753468876,8.40368770030774,1.25,3.955196277247517,574044.8969879058,1.6475394019792022,2.8082497786426646,3.255864386045672,1.25,4.2301971365779725,630903.9584935147,0.25262950298047326,2.001485598831094,2.0173661710518553,0.75,1.9789010479556377,320475.57458768826,0.07461883982621273,2.6787237534688835,2.679762847465319,1.25,3.955196277247512,574044.8969879091,-0.16858235304376168,0.6050338336276163,0.6280811648122411,0.75,2.882117912177093,29285.58865814515,0.16829653008778225,2.0914440171879742,2.0982044226125725,0.75,1.6755690490269792,349931.3559104393,0.03977321196846662,0.7263077350143176,0.7273959268045959,0.75,2.3391674266940212,42201.83693942433,4.0,ACL_1_7,ACL_1,ortho,gait_full,4.0,0.5
9.48784561318173,1.003219895172463,9.540737106620307,1.5,2.8379086634511084,80516.69625905629,-1.4937871732455144,0.5705663013754382,1.599045347455185,0.75,1.3170574915253772,26043.700371853105,1.702220824419224,1.1009130608705904,2.0272062802492288,0.25,0.7562053366321086,96960.7669298297,-0.6178894732455196,0.5705663013754366,0.8410310965789977,0.75,1.3170574915253743,26043.70037185296,-0.10226187818176485,1.0032198951724614,1.008418390252333,1.5,2.8379086634510173,80516.69625905604,-0.9684041155807596,1.100913060870591,1.4662251186871704,0.25,0.7562053366321086,96960.76692982981,-0.07834001197308059,0.22915676689088485,0.24217758213308216,0.75,1.112653362895483,4201.052471604169,0.032179119876523644,0.2823476697591176,0.2841754781370684,1.5,1.8590372397616235,6377.705901494477,-0.0063553286527887045,0.0867847628806431,0.08701715503585719,0.75,3.01743288235404,602.5291215935806,9.629421081518835,1.1743571474167949,9.700766210711826,1.5,3.2479748610473744,110330.26876391178,0.16743097235129326,0.9088603275921313,0.9241537889190173,0.75,4.179996830587517,66083.47227819044,2.502828216680449,1.5373829570107287,2.9372938972324323,1.5,1.7106999420669693,189084.3918088224,-0.191635283481094,1.1743571474168004,1.1898902434946697,1.5,3.247974861047413,110330.2687639129,-0.07139675264870543,0.9088603275921333,0.9116603486823699,0.75,4.179996830587526,66083.47227819072,0.8105921516804584,1.5373829570107302,1.7379890658093948,1.5,1.7106999420669702,189084.3918088228,0.04950432247073551,0.31799755862828083,0.3218277881675749,0.75,2.367435696871686,8089.802282001742,0.025373997713882643,0.18615997312244292,0.18788127994276807,0.75,2.5090773269125566,2772.445995246701,0.002503096732766168,0.17059093656696725,0.17060929966460983,2.0,2.617310931725543,2328.1278560300925,8.875711557288623,4.5956340135498195,9.9949040833158,0.75,3.892467902131984,1689591.4812981721,1.3657210509649562,2.102055662207684,2.5067572670819587,1.5,3.7653314421151043,353493.2767128685,7.162121786093734,3.674014246763353,8.04949496330413,3.75,4.947144023209805,1079876.5487657092,3.0559427922886586,4.5956340135498195,5.518934529076878,0.75,3.892467902132001,1689591.4812981724,-0.3484927940350364,2.102055662207683,2.130747576442064,1.5,3.765331442115076,353493.27671286813,-0.9316300039062162,3.674014246763339,3.7902922248288835,3.75,4.947144023209805,1079876.5487657015,0.18101173430857173,0.8662575918622386,0.8849674928585578,1.5,2.3833191654385715,60032.22168219399,-0.019233037503805263,3.1159494795066216,3.116008836407434,1.5,1.948832467910487,776733.8717956415,-0.132816784035393,1.46471849461295,1.470727903652722,1.5,2.0579505909580322,171632.2342293871,7.176376550073524,3.011834008515605,7.782771002881707,1.5,2.75445824972908,725692.7866966472,-2.679679665041267,1.968244545393741,3.3248563424166,0.75,2.1085047559271337,309919.211021116,7.781851009139507,2.5759832143548618,8.197127219281374,1.5,4.086006875326722,530855.3570200544,1.2383403450735564,3.0118340085155926,3.256475227157117,1.5,2.7544582497290557,725692.7866966411,-0.48208770004127627,1.9682445453937374,2.0264242253297526,0.75,2.108504755927137,309919.2110211149,-0.16942909086044267,2.5759832143548573,2.58154909646665,1.5,4.086006875326741,530855.3570200526,-0.007281691096604353,0.5156280677405483,0.5156794811383111,2.25,3.29390903110907,21269.784840596247,-0.10341420362936107,1.7601908405046771,1.7632261036262074,0.75,1.8365700914798635,247862.48708846243,0.010957418560101516,0.6900710720420301,0.6901580612372342,1.5,2.363877709127632,38095.90464733717,4.0,ACL_1_8,ACL_1,ortho,gait_full,4.0,0.5
9.381010768162106,1.075698542733631,9.442483274394116,1.5,2.776129879363204,92570.43930376637,-1.4656808186989068,0.5508824959526684,1.5657879124098957,0.75,1.5144310564079275,24277.730659612796,1.9798575552078064,1.259321011797397,2.34642821106205,0.25,0.6499370262297791,126871.3436844068,-0.5897831186989112,0.5508824959526661,0.8070412947608401,0.75,1.5144310564079326,24277.730659612604,0.004572966837848647,1.0756985427336234,1.0757082628970278,1.5,2.7761298793632214,92570.43930376507,-0.6907673847921799,1.2593210117973979,1.4363317829272766,0.25,0.6499370262297853,126871.34368440694,-0.027505331850917383,0.19904916011653406,0.2009405668931157,0.75,1.2761455709175256,3169.6460574210505,0.07768579415918399,0.2798041137021559,0.29038840310658426,1.5,1.6632746539986938,6263.232146014619,0.009561270965669211,0.09749766583144054,0.09796536502794341,2.25,3.1647311646933445,760.4639500089404,9.531658966048564,1.2107881508316445,9.60825325390876,1.5,3.0593391098651033,117280.75266790883,0.21679212403627568,1.0708558225269476,1.092579982282316,0.75,4.263403682835558,91738.58580406033,2.8320269917444842,1.6454613912827525,3.27535037395566,1.5,1.8352127322777818,216603.4669175783,-0.28939739895136696,1.210788150831645,1.244893088065851,1.5,3.0593391098651375,117280.7526679089,-0.02203560096372329,1.070855822526948,1.0710825179927541,0.75,4.2634036828355635,91738.58580406038,1.139790926744494,1.645461391282755,2.001665942881392,1.5,1.8352127322777874,216603.46691757897,0.07519330824487586,0.4001138935026965,0.4071181172322058,0.75,2.7597507960914585,12807.293247758163,-0.00722863460162626,0.21555519221171004,0.21567636413763816,0.75,2.5288713944633003,3717.130374720012,0.011479249659616395,0.2063190325666339,0.20663812903716378,2.25,2.4905113433963577,3405.4127956490106,9.244986856688792,4.833891063157189,10.432463026094052,0.75,4.010687718209159,1869320.3250348917,1.0951276764047044,2.3557908283087374,2.597894350117251,1.5,4.741064314304597,443980.14864174556,7.0690608786847635,3.63521133267297,7.948986296361657,3.75,4.730155800107259,1057180.9331800109,3.4252180916888175,4.833891063157182,5.924408982008522,0.75,4.010687718209159,1869320.3250348868,-0.6190861685952888,2.355790828308736,2.435778748345086,1.5,4.7410643143045785,443980.148641745,-1.0246909113151885,3.6352113326729567,3.77687078107338,3.75,4.730155800107245,1057180.933180003,0.19254635247516116,0.8833571963941018,0.9040984649211262,0.75,2.8138537066987257,62425.59673000106,-0.0032571332953122757,3.3162155590446782,3.316217158596118,1.5,1.9074347046343105,879783.05823869,-0.10500046886670616,1.3797526249153147,1.38374217411443,1.5,2.008823080350622,152297.3911289659,7.837216829245781,3.055747886922633,8.411870349514752,1.5,3.5297680793409185,747007.6174808085,-2.7538081858548247,2.28333148068578,3.5772981669371307,0.75,2.63037267878068,417088.89823218406,7.790882071613744,2.700876812152099,8.245761275237925,1.5,4.344723325564481,583580.7494419112,1.8991806242458207,3.0557478869226244,3.5978441033406146,1.5,3.529768079340929,747007.6174808044,-0.5562162208548337,2.283331480685776,2.3501019414129107,0.75,2.6303726787807045,417088.8982321826,-0.16039802838621003,2.7008768121520914,2.70563543034368,1.5,4.344723325564484,583580.749441908,-0.08614007734183574,0.6315561205170502,0.6374035191987917,2.25,3.9095488409899612,31909.28528160078,0.01451928988473032,2.209748962910892,2.2097966623344605,1.5,1.816303313322263,390639.89075201756,0.030855381126182902,0.8480726481403619,0.8486337673391555,1.5,2.5520939136861913,57538.75895952376,4.0,ACL_1_8,ACL_1,ortho,gait_full,4.0,0.5
9.193209154273418,0.9995293783527459,9.247386308163339,1.5,3.0001954090476564,79926.03570106979,-1.404440532327059,0.5480452354305337,1.507583095196156,0.75,1.4858544586208073,24028.29861412585,3.0756621960281008,0.6375325173699505,3.14104212878154,1.25,1.4748407746470256,32515.825420822985,-0.5285428323270641,0.5480452354305342,0.7613876185507777,0.75,1.4858544586208078,24028.2986141259,0.19237458072652774,0.9995293783527378,1.0178737433984226,1.5,3.0001954090477634,79926.03570106848,0.40503725602811486,0.6375325173699535,0.7553164167915687,1.25,1.4748407746470271,32515.82542082329,-0.04134514601856821,0.18124563460899779,0.18590158999888906,0.75,1.527877677409843,2627.9984192714855,0.06862721814527781,0.23514496296794912,0.24495478905209778,1.5,2.806576200051199,4423.543345326315,0.017498515089662908,0.09114495694709568,0.09280948877798587,2.25,3.1745002485569356,664.5997611628133,9.573684956775454,1.1975460748727307,9.648293126404882,1.5,2.929562767225275,114730.95270561121,0.1921121526534708,1.0512343453786703,1.0686443412571238,0.75,4.533318924242065,88409.69483612604,2.775794327789871,1.5761136363905728,3.1920476727340303,1.5,1.753595082913726,198731.3845768677,-0.24737140822448375,1.1975460748727325,1.2228283669632678,1.5,2.9295627672253133,114730.95270561156,-0.04671557234652862,1.0512343453786699,1.052271824959399,0.75,4.533318924242061,88409.69483612594,1.083558262789882,1.5761136363905737,1.9126507009060867,1.5,1.753595082913733,198731.38457686797,0.09509620156552234,0.4074858008208265,0.4184351388480427,0.75,2.6018486619342425,13283.58118524202,-0.03052372060323943,0.20899502635505612,0.21121225949412886,0.75,2.142882431961429,3494.330690385665,0.008375394348234618,0.18491318914867552,0.1851027680820098,2.0,2.490361442409973,2735.4410220898085,8.506442183497004,4.205652626270134,9.48931360183813,0.75,4.061727440688002,1415001.3984196014,1.1062615300806642,1.947358556987082,2.239647276337777,3.5,5.498239664113889,303377.92630712054,7.410424758650297,2.7251222714477152,7.895611850766074,3.5,4.284933528129269,594108.9384461236,2.6866734184970293,4.2056526262701235,4.990563903058582,0.75,4.061727440687972,1415001.3984195944,-0.6079523149193253,1.9473585569870806,2.040051804902653,3.5,5.498239664113879,303377.9263071202,-0.6833270313496574,2.7251222714477064,2.809488783767154,3.5,4.284933528129245,594108.9384461199,0.1333750007961431,0.7573974013885881,0.769051178054853,0.75,3.3599076371609486,45892.60956292224,-0.13799508901158714,3.1449268942565514,3.147952956257363,1.5,2.1096522936565325,791255.341399671,-0.005325401778937904,1.2406443451188407,1.2406557745722477,1.5,2.2379785037144493,123136.84162603274,7.7873589583791265,2.9978087166669733,8.34444825308253,1.5,3.7617618888300735,718948.7885593465,-2.631354538888204,2.222397407138634,3.4442817748529335,0.75,2.684427558821774,395124.03124002717,7.751487116066617,2.654145832778444,8.193292537936255,1.5,3.942528960683812,563559.2114791478,1.8493227533791614,2.997808716666969,3.522336120799709,1.5,3.7617618888300957,718948.7885593444,-0.433762573888218,2.2223974071386356,2.264332176550663,0.75,2.684427558821783,395124.0312400277,-0.19979298393333916,2.6541458327784446,2.661654999823263,1.5,3.9425289606838194,563559.2114791479,-0.070961192513175,0.629958549951735,0.6339426358119356,2.0,3.6578398833939567,31747.822858998927,0.06651238979141148,2.141488485622892,2.1425211392308805,0.75,1.7763999123524685,366878.346176805,0.06371926831460954,0.8388989593219717,0.8413154040584518,1.5,2.195983089594428,56300.14506904824,4.0,ACL_1_8,ACL_1,ortho,gait_full,4.0,0.5
9.19886779244701,0.8602968518689473,9.239008568902538,1.25,2.920290735728875,59209.3262310605,-1.565051184691365,0.7243502632711589,1.7245487858001707,0.5,1.1443835413735657,41974.93357585354,3.069185852163206,0.8152268475866251,3.1756096435400893,0.25,1.204515396763833,53167.77669963632,-0.6891534846913703,0.7243502632711616,0.9998078962297006,0.5,1.1443835413735899,41974.93357585383,0.18671594255294352,0.8602968518689441,0.8803258013593889,1.25,2.920290735728844,59209.32623106006,0.3985609121632194,0.8152268475866233,0.9074390413302709,0.25,1.2045153967638251,53167.77669963608,-0.5446560752069586,1.065649820614003,1.1967705629879541,0.25,0.9102151571571684,90849.60184526833,0.17025594974952477,0.32727071327901436,0.3689081297494913,1.25,1.7248809564090912,8568.647435581763,-0.11964758805632598,0.29406827722448864,0.31747708105857814,0.75,1.2857827606954104,6918.211938978135,9.652689303585547,1.033266883591773,9.707834529094647,1.25,2.900598213429744,85411.95855435975,0.3041537326689657,1.0436573084213567,1.0870740869498159,0.75,3.715656096861834,87137.6485554386,2.5790036977399664,1.3278823492574634,2.9007812062315113,1.25,1.8380807706252993,141061.85982872423,-0.16836706141438307,1.033266883591777,1.0468944168810808,1.25,2.900598213429753,85411.95855436042,0.0653260076689675,1.043657308421355,1.0456997966430295,0.75,3.7156560968618186,87137.64855543831,0.8867676327399786,1.3278823492574627,1.5967555755170495,1.25,1.8380807706252915,141061.85982872406,-0.25029827969653673,0.7980640374775887,0.8363943069713446,0.25,1.4999441340518054,50953.623829314776,-0.0038771960775275116,0.18264103227331488,0.18268218117617724,0.75,2.0597485678199106,2668.6254029558554,-0.06493156063254145,0.21398717276549611,0.2236215948300783,2.0,1.838132586561662,3663.2807112830264,8.4490482413006,4.024841226383379,9.35872657370756,0.75,4.394116813722471,1295947.769853317,2.0862385291967844,2.6572600424711923,3.378375665022936,0.5,2.9372724549403233,564882.7436438692,6.8093152072722525,3.1879587788157795,7.5186338365036605,0.75,3.5269466284579853,813046.5880208497,2.62927947630063,4.024841226383367,4.80754172754547,0.75,4.394116813722446,1295947.7698533088,0.3720246841967933,2.657260042471189,2.6831759724188253,0.5,2.937272454940333,564882.743643868,-1.2844365827277053,3.187958778815779,3.436983926421219,0.75,3.5269466284579964,813046.5880208492,-0.1599174404619479,1.2431413232034272,1.253384991620639,0.75,1.4155989714508095,123632.04101684982,-0.14379861497974886,2.851868216868268,2.8554912656237437,1.25,1.7907797496828686,650652.4510238154,-0.3074525734865899,1.6373229849573703,1.6659392672043118,1.25,1.7349369351226551,214466.1245850392,7.440103876845824,2.327630820697343,7.79570464651634,1.25,4.0652768087030156,433431.1714720477,-2.3791139394545557,1.875749978504784,3.029623923652517,0.75,2.5665721426054056,281475.98533145204,7.4472287497177945,2.1408455148255716,7.748834465193589,1.25,4.310356683667711,366658.988725621,1.5020676718458568,2.327630820697342,2.7702116396161167,1.25,4.065276808703007,433431.1714720473,-0.18152197445456952,1.8757499785047875,1.8845127245711546,0.75,2.566572142605405,281475.98533145303,-0.5040513502821653,2.140845514825575,2.199383386785955,1.25,4.3103566836677345,366658.98872562224,-0.14881165456790055,0.7443590383703189,0.7590884576508999,2.0,3.165297505093324,44326.58682446774,-0.07215878759832103,1.7090588089767484,1.7105814517785118,0.75,1.7554955904291611,233670.9670121472,-0.1404894645808457,0.8242535428397597,0.8361406535638058,1.25,3.080885377779138,54353.70508742019,4.0,ACL_1_8,ACL_1,ortho,gait_full,4.0,0.5
9.282651061402204,0.6014855646326592,9.302117802533623,2.75,3.5320022946898013,28943.280717626254,-1.5939346430893329,0.745042972365092,1.7594648837390676,0.25,0.7455975531759267,44407.18395967306,2.669873300315278,0.8025103834907228,2.7878748815803807,0.25,0.8604517219107034,51521.83960547379,-0.7180369430893397,0.745042972365096,1.0347299562261163,0.25,0.7455975531759372,44407.18395967356,0.10293267359775855,0.6014855646326513,0.6102294812244343,2.75,3.532002294689717,28943.280717625494,-0.0007516396847091222,0.8025103834907221,0.8025107354874709,0.25,0.8604517219106992,51521.83960547372,-0.8824021586864055,1.1014400288528639,1.41131276009743,0.25,0.43571354747266217,97053.61099279286,0.21839309601526388,0.3329239689991841,0.3981631744916925,0.25,0.8174572328982261,8867.082652959258,-0.2404424212410195,0.31738620445114707,0.398179056089279,0.25,0.5969966825580412,8058.72254858795,9.733766043781339,0.6915129707934113,9.758298600875367,1.5,3.568211954119876,38255.4984046697,0.05304362124860923,1.0132937731457943,1.0146811797068114,0.75,3.028796746895026,82141.25620895554,2.180778672659524,1.0463493389344303,2.4188101534050075,0.75,1.5967299537663118,87587.76399318074,-0.08729032121859165,0.6915129707934162,0.6970005659638886,1.5,3.568211954119823,38255.49840467024,-0.18578410375139043,1.0132937731457927,1.0301844513982652,0.75,3.028796746895002,82141.25620895531,0.48854260765953694,1.046349338934432,1.1547817190219558,0.75,1.5967299537663064,87587.76399318106,-0.7651012707111932,0.9330161986380545,1.2066064732815285,0.25,0.5487126659220796,69641.55660663098,-0.014668697146775272,0.14628866529261558,0.1470222577335783,0.75,2.1333489146901887,1712.0318162467322,-0.20027618614439135,0.23706698021823594,0.31034062551708624,0.25,0.810208011195822,4496.064271612647,7.22352607449912,3.2740310556422405,7.93086428469675,0.75,4.357337862369985,857546.9315909804,2.4024673186464254,2.365744247566455,3.371734725932323,0.25,3.1586494163411247,447739.7221143279,7.079577101255686,2.76036211564074,7.598684816604022,0.75,2.8315989733921376,609567.920984288,1.4037573094991382,3.2740310556422356,3.56227651050309,0.75,4.357337862369977,857546.9315909779,0.6882534736464326,2.3657442475664525,2.4638260265043352,0.25,3.1586494163411243,447739.72211432684,-1.0141746887442686,2.7603621156407434,2.940773590189183,0.75,2.8315989733921625,609567.9209842896,-0.552782672878796,1.2692413000231098,1.3843923436365067,0.75,1.384776414127891,128878.25389500716,-0.12108429806694425,1.5234001837335673,1.5282046744588342,2.25,2.636285203723384,185664.25911387094,-0.520805177928994,1.619466371826536,1.7011494240173777,0.75,1.7254384526311703,209814.18456103533,6.479644827803806,1.705318893365623,6.700291756524814,0.25,2.4701202645262907,232649.58965658175,-2.546647791090491,1.55066663258659,2.981607280861031,1.0,2.8415247944315256,192365.86666533942,7.60795864440608,1.3700350683983902,7.730331870213242,1.5,4.168290045878642,150160.80546697526,0.5416086228038399,1.7053188933656223,1.7892603020145568,0.25,2.4701202645262805,232649.58965658158,-0.34905582609050156,1.5506666325865917,1.5894675130826559,1.0,2.8415247944315554,192365.86666533982,-0.3433214555938791,1.3700350683983922,1.4123971504192747,1.5,4.168290045878643,150160.80546697573,-0.5311062925138044,0.9182413247356831,1.0607737856867039,0.75,1.2263273781243744,67453.37307977398,0.2522199585010407,1.304394957505553,1.328556025402083,0.75,1.5301341343007135,136115.7009515625,-0.5968772839312761,1.1092596513616955,1.2596505333671904,0.5,1.2521938817156486,98436.5590972842,4.0,ACL_1_8,ACL_1,ortho,gait_full,4.0,0.5
9.399769814573544,0.6820507775981124,9.424482257938108,1.25,2.8185210711743105,37215.59241197109,-1.4965238361631512,0.6232757392623905,1.6211280761733646,0.5,1.0830801499938887,31078.086244404985,2.205959866363579,0.5002348985500589,2.2619668180002566,1.25,1.6090032861045407,20018.88758809153,-0.6206261361631572,0.6232757392623934,0.8795734466443906,0.5,1.0830801499939113,31078.086244405284,-0.014186079573598093,0.6820507775981187,0.6821982908772689,1.25,2.8185210711742883,37215.59241197179,-0.464665073636406,0.5002348985500594,0.6827507483591028,1.25,1.6090032861045411,20018.88758809157,-0.3742422415158105,0.672975621207699,0.7700347018639269,0.25,1.513694140255992,36232.77691270436,0.10377750916436272,0.24962245388429938,0.2703352379760703,1.25,2.1347781815618228,4985.067408886507,-0.11631736589564716,0.23463929389358262,0.2618880063076217,0.25,1.360528401206857,4404.53902739393,9.682502138127104,0.7893925276593976,9.714627538797378,1.25,2.9191816047639993,49851.280396771894,-0.008327438238675934,0.8035174663888719,0.8035606168918501,1.0,2.620258008174954,51651.227252389675,2.334086816543749,1.094589461909664,2.578000651141698,1.25,1.3498263981347642,95850.08939775791,-0.13855422687283225,0.789392527659413,0.8014598159039824,1.25,2.9191816047639967,49851.280396773844,-0.24715516323867548,0.8035174663888722,0.8406699670545682,1.0,2.620258008174943,51651.22725238976,0.6418507515437563,1.094589461909662,1.2688965589759347,1.25,1.3498263981347682,95850.08939775753,-0.4515013571140132,0.8260602108585565,0.9413973377057525,0.25,1.1029669646611355,54590.703381669155,-0.013679032461428393,0.14125700274326147,0.14191778166632465,0.5,1.964817805427451,1596.288509674169,-0.12938854230804167,0.22693071055871628,0.2612258453432274,0.25,1.3235282753188815,4119.861705006936,7.304532843861406,3.454453936136636,8.080188863135557,0.75,4.579851954454696,954678.1162360497,1.876651164365768,1.510706131652062,2.4091601459692398,1.25,6.298672238945863,182578.9080569329,7.599586737341772,2.121064746575927,7.890033855285297,3.25,4.297152834345877,359913.55502158013,1.4847640788614307,3.4544539361366513,3.760023452954414,0.75,4.579851954454698,954678.1162360581,0.16243731936577838,1.5107061316520607,1.5194139985316288,1.25,6.298672238945828,182578.90805693256,-0.4941650526581816,2.12106474657594,2.177869316197811,3.25,4.297152834345905,359913.55502158456,-0.1739637370793661,0.9612710460339166,0.9768855643122989,1.5,1.7552038668661647,73923.60503270154,-0.048851872841407414,2.3738797732258257,2.3743823793169474,1.25,1.8471268209422431,450825.6234772791,-0.23708659021125725,1.4184866730998358,1.438163583539731,1.25,1.9356180355735035,160969.314355365,6.346346488081661,2.1960268668749436,6.715552676200448,0.25,3.5551270598448808,385802.73849018104,-2.539280986685296,1.5484032526204665,2.97413862522699,0.75,2.4621543278057687,191804.2175259241,7.89845338659475,1.717209268845864,8.082968116553486,1.25,4.001467448931606,235904.64062891837,0.4083102830816949,2.196026866874949,2.233663199165635,0.25,3.5551270598449234,385802.7384901829,-0.3416890216853088,1.5484032526204676,1.5856557067238484,0.75,2.462154327805784,191804.21752592438,-0.05282671340520463,1.7172092688458551,1.7180216339322714,1.25,4.0014674489315825,235904.64062891598,-0.3844870855661104,0.8442202962372808,0.9276519970043094,0.75,1.7969348970774661,57017.6272513565,0.16249473432814868,1.3689084816261743,1.3785191220118977,1.0,1.796676056283928,149913.5612002787,-0.4710005003903723,1.0870042933700093,1.1846602066300762,0.75,1.6113112815795456,94527.42140941428,4.0,ACL_1_8,ACL_1,ortho,gait_full,4.0,0.5
9.46797006999712,0.9466041679256133,9.515172972526322,1.5,3.085982318967866,71685.12741426248,-1.2029830883598316,0.6894531246444855,1.386547482764944,0.75,1.2356858768676473,38027.827978175475,2.112354500680416,0.5443092573635836,2.181356024173153,1.25,1.7924358122385744,23701.873033575506,-0.32708538835983647,0.6894531246444862,0.763105800240406,0.75,1.235685876867643,38027.82797817556,-0.08238633499718478,0.9466041679256221,0.9501825924149673,1.5,3.085982318967918,71685.1274142638,-0.5582704393195682,0.5443092573635824,0.7797040791670635,1.25,1.7924358122385726,23701.873033575408,-0.08541236483386432,0.1921974901657346,0.21032153311660884,0.75,1.1399083270673005,2955.197403244121,0.06851639272050276,0.27076162481099,0.2792961753080724,1.5,2.027606646657296,5864.964286770128,-0.0206072389732537,0.12557084298830193,0.12725052026177952,1.25,2.215147999772216,1261.4464980003345,9.557226871840339,1.1074331741236072,9.62117423784522,1.5,3.062174471954948,98113.13665078471,0.18330421281711332,0.9296322561734446,0.9475318285707506,0.75,4.369359702235078,69137.31730227161,2.784266451526412,1.4138012890944784,3.122654921399527,1.5,1.9739821948349952,159906.9126558565,-0.2638294931596031,1.1074331741236347,1.1384262104371992,1.5,3.0621744719549673,98113.13665078962,-0.05552351218288397,0.9296322561734436,0.9312888875763791,0.75,4.3693597022350845,69137.31730227146,1.0920303865264156,1.4138012890944742,1.7864390418209712,1.5,1.9739821948349976,159906.91265585556,-0.003766171226697752,0.33473447567998293,0.33475566202002005,2.0,2.7652440436784556,8963.79296389923,0.002697581657594543,0.17923634347450434,0.1792566421890968,0.75,2.5305720663911253,2570.0569669944525,-0.008326606919055062,0.1589325177140577,0.1591504871802588,2.0,2.6173279483187315,2020.7642018297183,8.78486606638686,4.460089991989718,9.8522218073388,0.75,4.534648781605301,1591392.2286167825,1.6484400409641977,1.9467005281670522,2.5508817132552277,1.5,5.948313573141953,303171.452452271,7.1247053962807625,3.2208905899588998,7.818923402635303,3.5,4.228331425448305,829931.0081064336,2.965097301386901,4.46008999198972,5.35576369375449,0.75,4.534648781605265,1591392.2286167839,-0.06577380403579385,1.946700528167052,1.9478113716844396,1.5,5.948313573141973,303171.4524522709,-0.9690463937191948,3.2208905899589135,3.363508154541335,3.5,4.228331425448297,829931.0081064407,0.1333100467333134,0.6888324287056464,0.7016136282859374,1.5,2.7758690884581436,37959.22042603722,-0.026282368022489278,3.085845410761916,3.085957333144651,1.5,1.8084578894528338,761795.5131257485,-0.09787057774358406,1.3415878766834426,1.3451530325029384,0.75,1.8265175229948363,143988.65801839958,7.226578772008686,2.7822558863114843,7.7436676429816815,1.5,4.188429293867553,619276.586395771,-2.518490563285316,2.1184517179255256,3.2909926159957883,0.75,2.5026163613186343,359028.17237092566,7.871093880115711,2.4316346441685623,8.238140925737785,1.5,4.457688068692606,473027.76369872794,1.288542567008722,2.7822558863114875,3.066152273437891,1.5,4.188429293867567,619276.5863957724,-0.3208985982853287,2.1184517179255256,2.142618396159965,0.75,2.5026163613186334,359028.17237092566,-0.08018621988423863,2.431634644168556,2.432956405811675,1.5,4.4576880686925975,473027.76369872544,-0.1038441038813353,0.6121758394172259,0.6209209742608979,2.0,3.599645435068217,29980.796258595474,-0.03389248356663229,2.0933927335258735,2.093667078888438,1.5,1.8654981033909979,350584.33374180924,-0.04702982684365148,0.687008770639097,0.6886166245074159,1.5,2.4410832589262577,37758.8228475869,4.0,ACL_1_8,ACL_1,ortho,gait_full,4.0,0.5
9.535511409423945,0.98566331653423,9.586318897930296,1.5,2.9271740348634285,77722.59863355065,-0.8956025367398956,0.660356560421586,1.1127329826633,0.75,1.3247652543699149,34885.663053543256,2.23229069388,0.6503368573263384,2.3250934970405703,1.5,1.6959834437791197,33835.04262138847,-0.019704836739900696,0.6603565604215875,0.6606504881423882,0.75,1.3247652543699193,34885.663053543416,-0.1499276744239962,0.9856633165342289,0.9970007427878093,1.5,2.9271740348634636,77722.59863355046,-0.4383342461199862,0.6503368573263366,0.7842671351769579,1.5,1.6959834437791113,33835.042621388304,-0.1398988859168244,0.17485843523330968,0.22393563953290285,0.75,1.5077341789172936,2446.042571392826,0.062264154265956544,0.2701108893549245,0.2771943676458148,1.5,1.8467779131272282,5836.793833641814,-0.029244564729780858,0.12761315776777388,0.13092120760861126,1.5,2.463306507671182,1302.8096656089303,9.623602323501366,1.2192076276362809,9.70052518785387,1.5,2.886163886873814,118917.38319448245,0.1777029719239227,0.9586042646575862,0.9749361427551583,0.75,4.404968988433132,73513.8354648503,2.6726591138578772,1.5686152511716316,3.098977338590235,1.5,2.045906072416886,196844.97868014325,-0.1974540414985818,1.2192076276362973,1.2350932506457364,1.5,2.8861638868738617,118917.38319448564,-0.06112475307607515,0.9586042646575861,0.9605510770689513,0.75,4.404968988433134,73513.83546485027,0.9804230488578838,1.5686152511716296,1.8498062495677816,1.5,2.045906072416884,196844.97868014273,-0.007874108627125563,0.36118914793750884,0.3612749675447988,0.75,2.581306022504319,10436.613056040687,-0.01394462147808347,0.19145675494996117,0.19196390672242664,0.75,2.5623028285406066,2932.455591803938,-0.010939957069685315,0.17590950609333345,0.17624936026745477,2.0,2.3944040713033687,2475.5324240425516,8.930155452010595,4.437759799448801,9.972030306546328,0.75,4.455945525509669,1575499.488474479,1.8019993119311521,1.930629165272098,2.6409336405899304,1.5,5.353733445922016,298190.5442978335,6.949472585519748,3.3170675434097454,7.70052636541379,4.25,4.187293995517741,880235.0303369756,3.1103866870106445,4.437759799448807,5.419245093215196,0.75,4.455945525509629,1575499.4884744831,0.08778546693115948,1.9306291652720944,1.932623931861433,1.5,5.353733445922028,298190.5442978324,-1.1442792044802153,3.3170675434097503,3.508890420823692,4.25,4.187293995517723,880235.0303369779,0.16136182014804756,0.5997237034419087,0.6210524595165607,0.75,2.7009758325021243,28773.503265738036,-0.3562517159271836,2.946713940451181,2.9681708731052514,1.5,2.0889145915848677,694654.2186447929,-0.007752283436159235,1.3270577131274073,1.327080356221664,1.5,2.4918184112018853,140889.5946579368,7.7512421017228155,2.846531468182557,8.257390357665907,1.5,4.24625182306629,648219.6111213479,-2.2169869069830637,2.141107528154162,3.0821051884795816,0.75,2.800066823698031,366747.32508386736,7.764039935603296,2.719312934818218,8.226480350618512,1.5,4.382372061508598,591573.1771738849,1.8132058967228533,2.8465314681825635,3.3749751144658986,1.5,4.246251823066295,648219.6111213509,-0.0193949419830739,2.1411075281541647,2.14119536962253,0.75,2.800066823698036,366747.3250838685,-0.18724016439665697,2.7193129348182272,2.725751587476931,1.5,4.382372061508619,591573.177173889,-0.13796241900706047,0.6954716097914064,0.7090235462127686,0.75,3.3827846175823892,38694.46105725526,0.030855204741502443,2.1188478488163174,2.1190724976019992,0.75,1.7731833368890448,359161.344016077,0.03350692007623202,0.7437865862389217,0.7445409320930205,0.75,2.0873997970230738,44257.481196877576,4.0,ACL_1_8,ACL_1,ortho,gait_full,4.0,0.5
9.520174255241303,0.9232829130235164,9.564840259389618,2.75,3.408842226983201,68197.99507645032,-0.4037014148542483,0.7330685476357411,0.8368777257688824,0.25,1.486420588394913,42991.27078048651,2.338557194016214,0.7470727355627668,2.4549882732726496,0.25,1.4189902476832816,44649.61179731995,0.47219628514574724,0.7330685476357421,0.8719855659574992,0.25,1.4864205883949229,42991.27078048664,-0.13459052024134968,0.9232829130235225,0.9330412346836761,2.75,3.4088422269832193,68197.9950764512,-0.3320677459837732,0.7470727355627658,0.8175491790369421,0.25,1.418990247683284,44649.611797319834,-0.11741459151032708,0.22556645286200322,0.25429591218948705,0.75,1.4077827730802654,4070.4225732658483,0.05083703907152861,0.19662611688570356,0.20309168959637539,1.5,1.7299589235724924,3092.946504220708,-0.04557357389160387,0.14757115663796314,0.15444803951076788,1.0,2.209639069834384,1742.184670543165,9.65239733739532,1.237518396054327,9.731404119628836,2.75,3.60692316287532,122518.33214912337,0.2537437729061235,0.8573041549127303,0.8940672884740081,0.75,3.6327447328146825,58797.87365980299,2.5779270057119397,1.438440764905822,2.95208730916309,1.5,1.7665099045093926,165529.33097804856,-0.1686590276046259,1.237518396054332,1.248958625481815,2.75,3.6069231628753378,122518.33214912434,0.014916047906124535,0.8573041549127315,0.85743390562525,0.75,3.632744732814683,58797.873659803125,0.885690940711948,1.4384407649058235,1.6892484354298114,1.5,1.7665099045094013,165529.3309780489,-0.028531460202000723,0.3770695037929672,0.3781473983937122,0.75,1.9627045179059448,11374.513846508878,-0.001959483030063438,0.20070346602017683,0.20071303108233252,0.75,2.059286024879779,3222.5553113319256,-0.024205704999442287,0.16413989671681847,0.16591510434173215,2.0,2.3878584173590265,2155.3722093799565,9.141875033604316,4.272832864152684,10.091133722977865,0.75,4.30279201655749,1460581.4600748154,1.8579790819535156,1.933758134185586,2.6816984898578267,0.75,4.787386410652413,299153.9542980869,6.679006375369771,3.244807521342453,7.425490018361791,3.5,4.414733672578364,842303.5666738973,3.3221062686043648,4.272832864152699,5.412346140527578,0.75,4.302792016557464,1460581.4600748252,0.14376523695352247,1.9337581341855832,1.939094882899032,0.75,4.787386410652405,299153.9542980861,-1.4147454146301937,3.2448075213424508,3.539813616389668,3.5,4.41473367257835,842303.566673896,0.18116171925769184,0.6136941736994773,0.6398750716796889,0.75,2.9220801796754046,30129.66724049617,-0.0015536129082448014,3.2487787076691292,3.248779079149176,1.25,1.8132713723594323,844365.520801924,-0.12150659510129713,1.4210428364337455,1.42622810084249,0.75,1.8313982144250183,161549.05923799775,7.655574343347821,2.507106090562193,8.05564395165647,1.5,4.023444738329246,502846.7693644358,-2.1210108484470327,1.7934966154577383,2.777645968961553,0.75,2.8347628134924108,257331.10256910307,7.612301231540514,2.4478724262623768,7.9961996882874855,1.5,4.195751533804993,479367.529859178,1.7175381383478538,2.507106090562202,3.038999540311498,1.5,4.023444738329276,502846.76936443936,0.07658111655295116,1.7934966154577434,1.7951308523533533,0.75,2.8347628134924054,257331.10256910452,-0.3389788684594484,2.447872426262393,2.4712316946247235,1.5,4.1957515338050575,479367.5298591846,-0.10991020916791965,0.6369562076947427,0.6463694489997218,2.0,3.1132833895018495,32457.10767199618,-0.0862273632601849,1.7608721164804557,1.7629820670594363,0.75,1.9491492346527384,248056.39370572282,0.03820936301237245,0.679361532302209,0.6804351894146985,1.5,2.416232865845293,36923.10809584444,4.0,ACL_1_8,ACL_1,ortho,gait_full,4.0,0.5
9.029561455961169,1.793299433687888,9.205916735765369,1.75,2.7910398793519815,257276.0453606514,-1.9211016726058951,1.783479030105592,2.6213410856497767,1.0,1.3148250818539617,254464.42998046914,3.290591654158834,1.1381851506589693,3.4818757691222055,0.25,1.0459761636811038,103637.23526235009,-1.0560432876059043,1.7834790301055963,2.072685426234257,1.0,1.3148250818539593,254464.42998047036,-0.21869631096121922,1.7932994336878916,1.8065854353706496,1.75,2.7910398793520024,257276.04536065235,-0.9070627108411428,1.1381851506589649,1.4554134115704216,0.25,1.0459761636811014,103637.23526234929,0.07545893764641529,0.3187489540030041,0.3275590739832051,0.75,1.3253006261411233,8128.0716626536205,0.03830989848780605,0.25495552242471925,0.25781770058901604,0.25,2.2124445843615925,5200.297667729371,-0.1453743392185736,0.2597217308247744,0.29763917075185764,1.0,1.3594047080103813,5396.436906118386,9.955781408473028,1.740260602263143,10.106734903869125,1.75,4.177649422148321,242282.7647452136,-0.05976079468326934,1.2463736370695788,1.2478055119942475,8.0,6.424049038727102,124276.82985013271,0.9352205704754616,1.5037227684464496,1.7708245762312829,1.75,3.3748168156742517,180895.14590951294,0.01979053847308965,1.740260602263153,1.7403731293037041,1.75,4.177649422148338,242282.76474521638,-0.15753269468326875,1.246373637069584,1.256289693134603,8.0,6.424049038727109,124276.82985013376,-0.009170544524532228,1.5037227684464505,1.5037507317474974,1.75,3.3748168156742646,180895.14590951314,0.05294639216258269,0.18876652274453343,0.1960513212199715,0.5,4.128153596873531,2850.628466658533,-0.008223012218955751,0.1602173040210514,0.16042818467378825,0.75,4.104222962834502,2053.5667638570903,-0.003568426847496804,0.26153958649920656,0.26156392904286685,2.75,3.5144936749617304,5472.247524665026,8.546343690329154,7.285512025898943,11.230257163250851,1.75,3.5387303294799235,4246294.838413238,2.009617209279448,2.9569536441258344,3.575211347786473,1.0,6.90896100994727,699487.6075585975,8.944071094573482,5.723671287589195,10.618701462662836,4.5,4.193582474543969,2620833.396245235,3.2546566203291785,7.285512025898925,7.979440782145726,1.75,3.5387303294799324,4246294.838413217,0.6585215492794589,2.956953644125831,3.029393583602905,1.0,6.908961009947237,699487.6075585961,0.31766424957354106,5.723671287589163,5.732479706360041,4.5,4.193582474543998,2620833.3962452062,-0.059074204986649476,0.6939880397737365,0.6964977825117592,2.75,5.025901469055327,38529.55196021325,-0.13841203960248388,3.4334903126072174,3.436279036905258,1.75,2.0462512355943683,943113.8429876784,-0.00808185600770036,0.9084811561877103,0.9085171036060291,1.75,2.8164968848929397,66027.31772398841,8.50738612391637,7.680888306627271,11.46174785276174,1.75,3.4286169945198304,4719710.145363078,-1.967186288818828,3.0272010300082726,3.6102310135225335,1.75,7.221551048386795,733116.5997376274,8.927654751508216,6.303674743042983,10.928830432768425,3.75,4.720168272478495,3178905.427801589,3.238182238916397,7.680888306627266,8.33557852769183,1.75,3.4286169945198344,4719710.145363073,-0.5737675938188358,3.027201030008274,3.0810964489609556,1.75,7.221551048386792,733116.5997376279,0.22656832150827275,6.303674743042991,6.307745117741299,3.75,4.720168272478542,3178905.427801597,0.050580557252022776,0.5664648407515182,0.5687185671134432,4.5,6.084276641540861,25670.612408704237,0.012886659492396252,3.411587063221297,3.411611401659308,1.75,2.0267724106507665,931114.7284536861,0.13907517605387668,0.9336986541510768,0.9439995134309915,1.75,2.5374536749951146,69743.62582880695,4.0,ACL_10_1,ACL_10,ortho,gait_full,4.0,0.5
8.872526315979739,1.9323263613812267,9.080507056031719,1.75,2.8577846683131627,298711.50074567395,-1.945774831550262,1.7387301565118476,2.6094486490939355,1.0,1.5713260108759095,241856.12353429032,3.4893997393181153,0.9789253971493941,3.624114439961496,0.25,1.447124815876767,76663.63962404251,-1.0807164465502737,1.7387301565118547,2.0472250963213567,1.0,1.5713260108759126,241856.12353429224,-0.06166117097979385,1.9323263613812283,1.9333099252048072,1.75,2.8577846683131773,298711.50074567436,-0.7082546256818609,0.9789253971493921,1.2082713056196643,0.25,1.447124815876759,76663.63962404215,0.06394075595523761,0.2749249543669599,0.2822625565068846,1.0,1.6453918992953875,6046.715701512491,-0.0025887869883761817,0.261336929250408,0.26134975111544295,1.0,1.9206090331304888,5463.759283463672,-0.1963003356132387,0.3086075058281866,0.3657491140322343,1.0,1.340473939953819,7619.093992499796,9.910549443098475,1.9104592983552118,10.0930097094361,1.75,4.10149880436454,291988.554845726,0.061936024035043065,1.2167075873108681,1.2182829819434826,8.0,6.856960909072898,118430.23228101418,1.0202363826499323,1.4422879573860978,1.7666569640152503,1.75,3.5675423619249687,166415.58908506643,-0.025441426901462373,1.910459298355217,1.9106286915239945,1.75,4.101498804364546,291988.55484572763,-0.03583587596495697,1.216707587310871,1.2172352126955648,8.0,6.85696090907291,118430.2322810147,0.07584526764993768,1.4422879573860985,1.444280809484726,1.75,3.567542361924973,166415.58908506655,0.03592953762750098,0.1993657217584189,0.2025774486125771,1.0,3.9901882598353717,3179.7357729081814,-0.018758768792016742,0.15683459363523566,0.15795246489789846,5.25,6.204279331914743,1967.7674570234944,0.0007608443085184103,0.2762310281578143,0.2762320759817459,2.75,3.8025695430376523,6104.303965833085,9.677519545532446,7.735517212375729,12.38921349792325,1.75,3.491323771905784,4787058.1562964665,1.9651592747946847,3.0846200360153326,3.6574214607970466,8.0,7.386653721333661,761191.1245954857,8.478350475909018,6.521511821965575,10.696379912679962,4.5,4.412370655139517,3402409.3851057314,4.385832475532466,7.735517212375728,8.892342382431998,1.75,3.491323771905795,4787058.156296465,0.6140636147946957,3.0846200360153353,3.1451478327102493,8.0,7.386653721333645,761191.1245954873,-0.14805636909093436,6.521511821965545,6.5231922501536586,4.5,4.41237065513954,3402409.3851057007,-0.07694049344634477,0.8334460205522695,0.8369899095605521,3.5,4.94562550699376,55570.648552836356,0.18585066699782424,3.7180172552793955,3.722659369453357,1.75,2.05084893912886,1105896.2775606692,-0.08947641347774454,0.9486627271150476,0.9528730232230315,1.75,2.4850279862209845,71997.17608251167,8.787667227412076,7.553650970344263,11.58795660509285,1.75,3.4246065307671523,4564611.724183893,-2.026117302353652,2.8569328779062375,3.5024586780943547,1.75,6.286653982903612,652965.4001385341,9.216418093277115,6.125934587075664,11.066591030449063,4.5,4.829335515090981,3002165.976910633,3.5184633424120966,7.553650970344271,8.33290029183601,1.75,3.424606530767171,4564611.724183901,-0.6326986073536617,2.8569328779062335,2.926153276335479,1.75,6.286653982903598,652965.4001385326,0.5153316632771937,6.125934587075678,6.147571983174014,4.5,4.82933551509102,3002165.976910646,-0.015255005072645923,0.5775288447425773,0.5777302845528026,5.25,5.820579878856314,26683.16678943865,-0.16211200558993077,3.6907499035481073,3.6943084810146476,1.75,2.101703941930764,1089735.236661813,0.05914758868390932,0.9209147263907709,0.9228122076189226,1.75,2.431172446962023,67846.79454622303,4.0,ACL_10_1,ACL_10,ortho,gait_full,4.0,0.5
9.095404188297683,1.5570487237656965,9.227717923554199,1.75,3.0860127726621327,193954.50380187033,-2.311581486572898,1.442401278763845,2.724689049790112,0.75,1.58896157793725,166442.1593927511,2.7536471768009743,1.143799029829308,2.9817526716584735,0.5,1.4894137727139443,104662.29869999157,-1.446523101572904,1.442401278763849,2.042780098875961,0.75,1.588961577937265,166442.15939275202,-0.2845390432977434,1.5570487237656936,1.5828339127467452,1.75,3.0860127726620945,193954.50380186967,-1.4440071881990013,1.1437990298293068,1.8421272975038532,0.5,1.4894137727139392,104662.29869999133,0.6490377723483881,1.2940326421592452,1.447677626030255,0.25,0.7197439070789339,133961.74514976225,-0.08874749453668801,0.31451461327461216,0.3267958992242992,1.0,1.412488691998741,7913.564835559317,-0.017280586768932054,0.5251331074937546,0.5254173572172182,1.0,0.9642325281987211,22061.19182440635,9.907758033618997,1.5370922827599072,10.026281560900925,1.75,4.579079756378626,189015.26680013794,0.2680723779701081,1.3481003146519428,1.3744952739806768,0.75,4.196628910806462,145390.3128835573,1.0214168545162574,1.1914898288888771,1.5693758004491885,1.75,3.3018215212783453,113572.12845259292,-0.02823283638093093,1.5370922827599107,1.5373515469046715,1.75,4.579079756378598,189015.26680013875,0.17030047797010853,1.3481003146519441,1.3588144506007869,0.75,4.196628910806471,145390.31288355755,0.07702573951626174,1.191489828888876,1.193976958275858,1.75,3.30182152127834,113572.12845259272,0.6611228658495182,0.8936278229386971,1.111599806440805,0.25,0.6522855731561253,63885.94260952645,0.004068591712970794,0.1389767339600276,0.13903627591647852,5.25,5.776988783432248,1545.1641165653043,0.06510967514043137,0.24898564677915705,0.2573579649028327,2.5,3.2052126146170856,4959.509715131111,8.459181443759956,6.536572851452836,10.690394536255573,2.5,3.29406356368382,3418142.7806716627,1.573837062610173,3.599390782341285,3.9284318886355694,1.0,5.327099594404017,1036450.4372416066,8.404965998790713,5.144998280269469,9.854666952505486,3.5,4.38490513395932,2117681.015252277,3.167494373759975,6.536572851452832,7.263594513059723,2.5,3.2940635636838294,3418142.780671659,0.22274140261018208,3.599390782341292,3.6062761592035915,1.0,5.327099594404026,1036450.4372416104,-0.22144084620925716,5.144998280269454,5.1497614849957385,3.5,4.38490513395933,2117681.015252264,0.3923216036471473,1.3646345113193294,1.4199097119789041,0.75,3.067092449996441,148978.1978593374,0.2244398869153479,3.241289170148109,3.249050437798403,1.75,2.226770093597684,840482.5714653971,0.4696868158340212,1.744246446863679,1.806377970515825,1.0,1.6819588377450252,243392.058328728,8.05021241090843,6.095560640558941,10.097612558594008,1.75,3.232963099440684,2972487.258878572,-2.34814322195983,3.008267933988235,3.816209186286535,0.75,5.10980285024394,723974.0852904398,8.74008300935884,4.75644148539406,9.950516901873023,3.5,4.41492371816327,1809900.8606467617,2.7810085259084554,6.0955606405589435,6.69999014506043,1.75,3.232963099440699,2972487.2588785747,-0.9547245269598443,3.008267933988231,3.1561329004084286,0.75,5.109802850243884,723974.0852904379,0.038996579358886126,4.756441485394085,4.75660134309988,3.5,4.414923718163253,1809900.8606467806,0.3104711930461307,1.1481013720654547,1.189339784187037,1.0,1.9615142886356771,105450.94085325497,-0.06182418710546177,2.945655446636884,2.946304166309513,1.75,1.9135707708474536,694151.6506087763,0.29497741085745166,1.2312562913372345,1.2660978350323826,1.75,1.792620830775064,121279.44675460034,4.0,ACL_10_1,ACL_10,ortho,gait_full,4.0,0.5
9.211936733407645,1.3334754481012254,9.30795010466826,3.25,2.978037622663422,142252.6132187595,-1.688855911536309,1.4972842185746973,2.2570100401026085,0.75,1.3645675321490784,179349.4740662755,3.0685737552472676,1.2308537664482877,3.306228347493901,0.5,1.4233048669047164,121200.109117673,-0.823797526536315,1.4972842185746986,1.708947745228097,0.75,1.364567532149091,179349.47406627584,-0.4010715884076934,1.3334754481012223,1.3924852565526953,3.25,2.9780376226634657,142252.61321875887,-1.129080609752712,1.230853766448287,1.670276629094561,0.5,1.42330486690472,121200.1091176728,0.7034163566731464,1.2913179602857556,1.4704749727186406,0.25,0.7113242613623578,133400.17935798655,-0.046904048844533135,0.267675804633323,0.27175416498023963,0.25,1.1199352258833972,5732.0406747649295,0.047548811889509136,0.47645751946930553,0.4788242447610058,0.75,0.9359827831825502,18160.9421729033,9.950832942389807,1.4457779843046927,10.05531452652031,3.25,4.038504746026801,167221.92996197531,0.21649796168974156,1.2737547864079448,1.2920226868414355,0.75,3.724750930508953,129796.32512748144,0.9324611518347891,1.0843908449319912,1.430170375952942,2.0,3.1176366861718803,94072.63478653999,0.014842072389872936,1.445777984304702,1.445854165195437,3.25,4.038504746026791,167221.92996197753,0.11872606168974252,1.2737547864079446,1.2792760193255812,0.75,3.724750930508953,129796.32512748138,-0.011929963165206453,1.0843908449319926,1.0844564668964098,2.0,3.117636686171878,94072.63478654019,0.7978670156275922,0.844659312788261,1.161912702962842,0.25,0.48197745673009784,57075.96137997369,-0.005480725285730356,0.1370600853862633,0.137169622569093,0.25,3.802338064052639,1502.8493258192757,0.07635199571540827,0.21432807902856768,0.22752176315641034,2.5,3.2342354426018214,3674.933987577686,7.140863525229811,5.04064607643396,8.74071191344427,2.5,3.174813776666297,2032668.7058000043,1.425951590449537,2.984320494507477,3.307492517337404,1.5,4.402660517299184,712493.5924443197,8.588238339135328,3.6719254298194444,9.34028233684339,1.25,4.028344995853732,1078644.7358835624,1.8491764552298264,5.040646076433937,5.3691308822234145,2.5,3.1748137766663236,2032668.7057999852,0.07485593044954758,2.9843204945074824,2.985259155293029,1.5,4.402660517299193,712493.5924443223,-0.038168505864630775,3.671925429819447,3.6721237992467883,1.25,4.028344995853729,1078644.7358835635,0.513716664572637,1.2564084004972689,1.3573749961966077,1.0,2.8577914340795116,126284.9663859718,-0.05541486304394226,2.649012157315865,2.649591707537867,0.75,2.1108815407794514,561388.1463392427,0.5845076696504411,1.6260094207622218,1.7278761102254074,1.0,1.7893549967901412,211512.89937356504,8.085410497909882,5.790605314104791,9.945097929304163,0.75,2.900622739430213,2682489.1080198544,-2.4593686623409674,3.3098051405546363,4.123506309652829,1.0,4.796493474415479,876385.6392439067,8.380090295563589,4.775683793080392,9.645365159147152,0.75,4.2424191926891455,1824572.8145732456,2.8162066129099217,5.790605314104807,6.439109378659165,0.75,2.9006227394301938,2682489.108019869,-1.0659499673409827,3.3098051405546327,3.4772200680020404,1.0,4.796493474415436,876385.6392439052,-0.32099613443637237,4.775683793080389,4.7864594649713466,0.75,4.242419192689113,1824572.8145732437,0.5602817588423342,1.295300969024837,1.4112831925762246,1.0,2.0714347159620066,134224.44583890206,0.1262183347029005,2.621222898698384,2.624260000967117,0.75,2.2088922444773025,549669.7037981309,0.5727239580289096,1.5332099687455079,1.6366873679358869,1.0,2.1429353521481267,188058.7756282256,4.0,ACL_10_1,ACL_10,ortho,gait_full,4.0,0.5
9.044248354600262,1.6530005564890449,9.194065430452548,1.75,2.674032087303863,218592.93732479084,-1.323469570660376,1.750922707881431,2.194835308955732,0.75,1.1815727374331546,245258.63975440737,3.4154764083974545,0.802218537785364,3.5084232467999152,0.75,2.0068985678369176,51484.36731188606,-0.45841118566038225,1.7509227078814344,1.8099367790377132,0.75,1.1815727374331573,245258.6397544084,-0.23338320960029946,1.6530005564890295,1.669394669416546,1.75,2.67403208730391,218592.9373247869,-0.7821779566025251,0.8022185377853661,1.1204271230925251,0.75,2.0068985678369153,51484.36731188634,0.08041965967100179,0.3778453027342225,0.38630867769170807,1.0,1.4803082647923853,11421.528425084482,0.012522720553313754,0.19614208313282938,0.19654143406860078,1.75,2.0076498561809935,3077.738888873719,-0.1498556368203619,0.2496932337834125,0.29121027262796567,0.75,1.2742360166570765,4987.740689774024,9.920796845452214,1.7152336016797551,10.067980748743311,1.75,3.886159787048809,235362.15043009396,0.03146187901637566,1.2332584496625125,1.2336596992263404,6.25,6.807603527087935,121674.44746328211,0.9673140786640602,1.3978743917086263,1.6999262753944542,1.75,3.3262037087064313,156324.4069628616,-0.015194024547728393,1.7152336016797622,1.7153008968438412,1.75,3.886159787048869,235362.15043009594,-0.06631002098362511,1.2332584496625134,1.2350398465421408,6.25,6.807603527087931,121674.44746328228,0.022922963664065453,1.3978743917086265,1.3980623295325236,1.75,3.3262037087064193,156324.40696286163,0.12390140986142117,0.3641753328491952,0.3846754897591864,0.25,1.9941191678027896,10610.110600023278,-0.013021209124799028,0.14764709911190033,0.14822016652004905,0.25,4.573815041060184,1743.979771378419,0.015574743264114137,0.24425718416285447,0.24475323213986303,2.75,3.651160752891248,4772.94148538572,8.443690356561289,6.8474277871730225,10.871208494828684,1.75,3.3878310787755055,3750981.458717867,2.1429863352626985,2.292119760456083,3.13786606301096,1.0,6.041246112110526,420305.0413761879,8.712211385707285,5.280770982527014,10.187696962471302,3.5,3.993708517914858,2230923.396549097,3.1520032865612997,6.847427787172985,7.538062882401682,1.75,3.3878310787755446,3750981.4587178254,0.7918906752627081,2.292119760456073,2.425057491656895,1.0,6.041246112110494,420305.04137618415,0.08580454070733319,5.280770982527039,5.281468033521134,3.5,3.9937085179148695,2230923.3965491173,0.03589042486372437,0.6883096091119327,0.6892446884762481,2.75,4.0363303105334,37901.610626429705,-0.010668519926953194,3.2709040205175692,3.2709214189208873,1.75,1.8903239018871136,855905.1000903313,-0.013037962042662743,0.8811352772349601,0.8812317318629396,1.75,2.5360161210491396,62111.952673592634,8.086797033577659,6.515818717116131,10.385190408297834,2.75,3.518935400275047,3396479.261186916,-1.9786050765405256,3.0849936569499303,3.6649780234447853,0.75,5.070986588704298,761374.8701035499,9.072807686397708,5.433884798962676,10.575582410569876,4.5,4.755241592956326,2362170.086629961,2.8175931485777106,6.515818717116151,7.098924193512228,2.75,3.5189354002750206,3396479.2611869355,-0.5851863815405367,3.08499365694993,3.1400046121879837,0.75,5.070986588704267,761374.8701035497,0.37172125639776044,5.433884798962669,5.446584315041446,4.5,4.755241592956295,2362170.0866299556,0.19112966280301752,0.9611497963545135,0.9799691214704256,1.75,3.0344978253967128,73904.76361933442,-0.08379681511305762,3.294292711116643,3.2953583071859325,1.75,2.187421321899458,868194.1049946728,0.28424567419172303,1.3025707359305636,1.3332239592054282,0.75,2.3973424495147055,135735.4850251521,4.0,ACL_10_1,ACL_10,ortho,gait_full,4.0,0.5
9.192042099583901,1.8500777874148848,9.376375940629128,1.75,2.6787776537335377,273823.02881550055,-1.6311483085346448,1.715079262065978,2.3668843823905323,1.0,1.6557985437131304,235322.40420556636,2.860375264765551,0.7858908619984144,2.966373392251085,0.25,1.8539145454257946,49410.12662265439,-0.7660899235346487,1.7150792620659783,1.8784010876567616,1.0,1.6557985437131284,235322.40420556636,-0.3811769545839356,1.8500777874148695,1.8889371853483594,1.75,2.6787776537335852,273823.028815496,-1.337279100234425,0.7858908619984153,1.551109228551106,0.25,1.8539145454257817,49410.126622654476,0.008193252229529113,0.36366489066293034,0.36375717461374935,0.25,1.19085031839719,10580.19724146104,-0.010330713574366745,0.19176382235932277,0.19204188920340662,1.75,2.6199388987155037,2941.8728831378367,-0.2135136172519384,0.2872062810659054,0.3578763929567234,1.0,1.474621471658597,6599.018963945443,9.929625164262724,1.872099739746527,10.104563985562097,1.75,4.263461196271777,280380.6102562981,0.03740844318989295,1.3180603419436563,1.318591087724515,8.0,7.531284228714491,138984.01652678815,0.925260110260823,1.5678755306983767,1.820532875672007,1.75,3.6554336391159974,196658.80556200893,-0.006365705737222687,1.8720997397465282,1.8721105623783418,1.75,4.263461196271823,280380.6102562984,-0.060363456810107276,1.3180603419436592,1.3194418562114443,8.0,7.53128422871449,138984.01652678876,-0.019131004739173736,1.5678755306983765,1.5679922433178828,1.75,3.6554336391159943,196658.80556200887,-0.06375656287262686,0.189826814381632,0.20024764360064212,0.5,4.031747250622675,2882.7421132859217,-0.017287114593902392,0.15024291556440705,0.15123418267136654,5.25,6.14409031747051,1805.8518370499953,-0.004654473278750696,0.28067577523001797,0.28071436536535527,2.75,3.7539887513886416,6302.334094539722,9.751799349788214,7.844833513192017,12.515550463652424,1.75,3.743751483985595,4923329.893903577,2.440060127905948,2.961687179994353,3.8373798847572145,8.0,6.3840576486565865,701727.2785117414,8.572924269708976,6.29538492768758,10.63611310215913,4.5,4.109451382549129,3170550.938590565,4.460112279788225,7.8448335131919835,9.024079698119793,1.75,3.7437514839856276,4923329.893903537,1.088964467905956,2.9616871799943443,3.1555402967644945,8.0,6.384057648656567,701727.2785117372,-0.05348257529096921,6.295384927687607,6.295612104761224,4.5,4.109451382549142,3170550.938590593,-0.11726786020473533,0.7324165776575444,0.7417451006003257,2.75,4.75142812630169,42914.75466482862,0.1884724552803814,3.816505849781887,3.8211567316479944,1.75,2.09000838678431,1165263.8426323063,-0.08682459409451992,1.0419842058426942,1.0455953305965497,1.75,2.377107876389526,86858.72273122951,8.904422296118401,7.591698069337473,11.70139376329131,2.75,3.6450560864818553,4610715.373682304,-1.227427807754077,2.7660916808221923,3.0261926921400297,8.0,6.8717594914926545,612101.1651889143,9.05956440319789,6.290699770440268,11.029442904222659,3.5,4.9244488299063836,3165832.6477881116,3.635218411118439,7.591698069337472,8.417166534678802,2.75,3.6450560864818438,4610715.373682303,0.16599088724591568,2.7660916808221994,2.7710676933922898,8.0,6.8717594914926385,612101.1651889173,0.35847797319793157,6.290699770440276,6.300905495171739,3.5,4.9244488299063525,3165832.6477881195,-0.06448354731635401,0.7062549597656298,0.7091926367835835,3.5,4.603423408183342,39904.235561487,-0.2820114900910032,3.642474453340195,3.6533752371990618,1.75,2.0829904120917497,1061413.4442009763,0.00289776781354536,0.8362523445312394,0.8362573651647536,1.75,2.9479846058052064,55945.495533394,4.0,ACL_10_1,ACL_10,ortho,gait_full,4.0,0.5
8.798834352326171,1.7194104713154348,8.965258408353007,1.75,2.630590465116299,236510.86197599015,-1.9184329545805583,1.688937074343504,2.555952550872705,0.75,1.3999252295946345,228201.63986100155,4.022093751811679,0.9511594566452862,4.133030662882663,0.25,1.4624958189910153,72376.4273550534,-0.08642991458057153,1.6889370743435073,1.6911471169671817,0.75,1.3999252295946387,228201.63986100248,0.09256100767377534,1.7194104713154283,1.721900086825809,1.75,2.630590465116278,236510.86197598843,0.1065774768117025,0.9511594566452908,0.9571118380467947,0.25,1.4624958189910051,72376.4273550541,0.0647354944283245,0.23422652498170163,0.24300771437113539,0.25,1.4077387546144735,4388.9668545792465,0.045884786856167495,0.24598470258131236,0.25022767146910957,1.0,2.1453118349182105,4840.744711425818,0.05719138935515859,0.31187542349915137,0.3170759133064957,0.75,1.4760145456544853,7781.357890031271,9.977944232630925,1.7773216513106942,10.135000905856423,1.75,4.202199337548371,252712.2414697063,-0.0302640236204295,1.4271409958567638,1.427461849991352,8.0,6.9326241688384975,162940.58056438502,0.9163472504529043,1.588404566685832,1.8337724370491022,1.75,3.644058070302255,201843.83442636856,0.02779868263098727,1.7773216513106946,1.777539034444474,1.75,4.202199337548439,252712.24146970644,-0.1653515036204309,1.4271409958567638,1.436688046099282,8.0,6.932624168838508,162940.58056438496,0.23015039545290678,1.5884045666858304,1.6049916734972585,1.75,3.644058070302258,201843.83442636824,0.02184589493824792,0.23471475306094391,0.23572920572154998,0.25,3.0892207674420122,4407.281356867381,-0.014540291987634617,0.14747440962819205,0.14818947866251994,0.75,4.436809290695191,1739.90123816992,-0.003970079192530736,0.26576660640336586,0.2657962577011884,2.75,3.8711073612533604,5650.601939020412,8.493526071499526,7.070692554075377,11.05145593673065,1.75,3.5002267888529373,3999575.715054208,2.0683977704232808,3.136455374219026,3.7570762104540028,1.0,6.594269204471119,786989.1433833842,8.782361275022602,5.4770649529592745,10.350271014033952,3.5,4.166841614035584,2399859.777714025,3.210362261499555,7.070692554075371,7.765379517082048,1.75,3.5002267888529546,3999575.7150542005,0.7834817404232866,3.1364553742190235,3.232830950118502,1.0,6.594269204471127,786989.1433833827,0.11998318002265045,5.477064952959265,5.478378999523766,3.5,4.166841614035579,2399859.777714017,-0.10083417988643471,0.8499452829357091,0.8559056699298309,3.5,4.650529803835966,57792.56138721868,-0.14722472359508276,3.30250229497232,3.3057822867719358,1.75,2.070744681162672,872528.353473236,-0.04301667443167334,1.0235533231531304,1.0244568510274004,1.75,2.7951703258041327,83813.12510124399,8.640936425693146,7.874044358873497,11.6904386948642,1.75,3.6374310415762827,4960067.045065257,-2.016262119045749,3.0997671580736847,3.6978195422398676,8.0,7.0454619565615335,768685.0657438783,8.863702356164925,6.438350289573396,10.955253256311945,3.5,4.732927235170962,3316188.486791977,3.380720690693169,7.874044358873504,8.56912171427087,1.75,3.6374310415763045,4960067.045065266,-0.6375563440457593,3.099767158073688,3.1646539346515006,8.0,7.045461956561556,768685.0657438798,0.1710457511649659,6.438350289573403,6.440621949799685,3.5,4.7329272351709415,3316188.4867919832,0.014109511211844943,0.636763382841896,0.6369196841320672,2.75,5.672256766535501,32437.56216716922,0.027053333364005575,3.4695269463601464,3.469632417759159,1.75,2.0445823115125994,963009.4139618984,0.07469047425194471,0.8690549351742117,0.8722586470162585,1.75,2.804252041750854,60420.65543702398,4.0,ACL_10_2,ACL_10,ortho,gait_full,4.0,0.5
8.577954269169279,1.7615459137093397,8.756959714996155,1.75,2.8116788844356444,248244.30073266773,-1.9597971811181494,1.630330279315922,2.5492708390386802,1.0,1.550605214539461,212639.01683164854,4.298459604443891,0.7901351002355547,4.370476913067976,1.75,2.3006112299094386,49945.202850967864,-0.1277941411181634,1.6303302793159227,1.635331208703137,1.0,1.5506052145394689,212639.01683164862,0.31344109083067495,1.7615459137093326,1.7892147225884236,1.75,2.8116788844356213,248244.30073266572,0.3829433294439199,0.7901351002355572,0.8780427496368548,1.75,2.30061122990943,49945.20285096818,0.0606835692360011,0.27997269903282535,0.28647374710249723,1.0,1.379260329078654,6270.7869186091575,-0.03412659525351738,0.2106322660859368,0.2133789493368413,1.75,2.2944819968150476,3549.276249394255,0.0038821088049994378,0.3553986788274998,0.3554198808185977,1.0,1.3118375245098644,10104.677277371724,9.922169306038311,1.8756130035866545,10.097889278305251,1.75,4.0204174559373715,281434.0213147018,0.06283392430403141,1.4239171505921047,1.425302828802982,8.0,7.34997350568494,162203.71773594077,0.9575383278084709,1.5431385999464728,1.8160827040272707,1.75,3.7059446849447513,190502.3069834667,-0.02797624396163859,1.8756130035866456,1.8758216358304218,1.75,4.020417455937441,281434.02131469914,-0.07225355569596889,1.423917150592106,1.425749146259977,8.0,7.349973505684944,162203.7177359411,0.2713414728084742,1.5431385999464748,1.5668129861316056,1.75,3.7059446849447473,190502.30698346725,0.04582996808887139,0.20959598528122156,0.2145480436196821,0.25,3.591751613670964,3514.445003718018,-0.028436128846697252,0.13626402844195945,0.13919949307025906,3.5,5.860694854838772,1485.4335870092586,0.005936261319470175,0.2843973273566011,0.2844592747758996,2.75,3.8344889019465795,6470.548086530156,9.644181308112818,8.025125712631395,12.5464288069271,1.75,3.569556010424388,5152211.737893573,1.9913366547596398,3.1160035126556247,3.6979588374495878,8.0,6.816913906453903,776758.3300845511,8.476413828643466,6.495560346161627,10.679040013271115,4.5,4.350366548245125,3375384.6938859755,4.361017498112839,8.02512571263138,9.133516098545165,1.75,3.569556010424396,5152211.737893556,0.7064206247596448,3.116003512655626,3.195075584390455,8.0,6.81691390645388,776758.3300845516,-0.18596426635649416,6.4955603461616125,6.498221827468548,4.5,4.350366548245124,3375384.6938859606,-0.01078638216700126,0.916660699239141,0.9167241589321422,2.75,4.661926106240191,67221.5326787203,0.15173230009040195,3.654650142140784,3.6577985663976054,1.75,2.0810396254692463,1068521.4642545811,-0.07968153105576592,0.915859948918635,0.919319635613553,1.75,2.5442074944607618,67104.10236154213,8.847965634004364,7.940131120374683,11.888321078658027,2.75,3.6875211613426897,5043656.1262254,-1.946521073991199,3.357559355960935,3.8809984695040347,1.0,6.392781741499154,901856.87944663,9.165609675719649,6.2953853792431875,11.119364990899191,4.5,4.7770162417719595,3170550.4217667086,3.587749899004383,7.940131120374669,8.713072451583786,2.75,3.6875211613427044,5043656.126225384,-0.5678152989912065,3.3575593559609365,3.4052340657536737,1.0,6.392781741499171,901856.8794466306,0.4729530707196897,6.295385379243173,6.313126141642657,4.5,4.777016241771928,3170550.4217666946,0.027082249465834124,0.6871930053071831,0.6877264534531502,2.75,5.528395675701016,37778.83986220918,-0.0882543532114959,3.819541896658908,3.820561363359252,1.75,2.1138964294129186,1167115.9652863357,0.042934159541246304,0.961819176248556,0.9627769574802693,1.75,2.947136172452755,74007.78167889205,4.0,ACL_10_2,ACL_10,ortho,gait_full,4.0,0.5
8.9392471871676,1.5499945481137882,9.072630454970945,1.75,2.9975485773624175,192199.9386020996,-2.3071989997357822,1.3230368386566371,2.659622849357469,0.75,1.462075729720774,140034.21473278795,3.2135653984168697,1.0233878538159358,3.372584360581684,0.25,1.5162837848980277,83786.34130599379,-0.4751959597357963,1.3230368386566402,1.4057872088590726,0.75,1.46207572972078,140034.2147327886,-0.04785182716764266,1.5499945481137893,1.550733019106046,1.75,2.997548577362443,192199.9386020999,-0.7019508765831045,1.0233878538159384,1.240990625457655,0.25,1.5162837848980428,83786.34130599424,0.6054632664417986,1.1915928827410642,1.3365924454408429,0.25,0.6012316584633635,113591.5843118895,-0.1135633991558961,0.2467449564195112,0.2716242241522428,0.5,1.507954439954934,4870.649846443094,0.18126128439881092,0.49507756979198825,0.5272167043380243,0.75,0.9651037320411696,19608.15548183985,9.881379521013049,1.6197497584310423,10.013253742826727,1.75,4.768737997082093,209890.12160530535,0.27918879114127987,1.4199069262939144,1.4470943509102512,0.75,4.886868223064497,161291.20812083848,1.0104815354414471,1.2366595815426633,1.596997136531365,1.75,3.6304511168232207,122347.53333503405,-0.06876602898690849,1.6197497584310396,1.6212088226629042,1.75,4.768737997082124,209890.12160530468,0.1441013111412809,1.4199069262939168,1.427200359868955,0.75,4.886868223064468,161291.20812083903,0.32428468044145176,1.2366595815426653,1.2784707562515047,1.75,3.630451116823217,122347.53333503446,0.5753148878264692,0.894044264786151,1.0631567934936936,0.25,0.7630403618805558,63945.71273534542,0.010650920488599258,0.161518958062129,0.16186974986306196,0.25,4.733195744227217,2087.070469229541,0.0532241133244796,0.25334214823265966,0.25887265268914744,2.5,3.2265299911295577,5134.584638787214,8.755804824829404,6.706166516012683,11.028906902816596,1.75,3.2747330642315813,3597813.552573321,1.6253082250091173,3.1247462490951157,3.52216779093732,1.0,5.028051312617431,781124.6112638748,8.377238153032028,5.446321569444573,9.992023704456104,1.75,4.430529892807553,2372993.6236309777,3.4726410148294273,6.706166516012684,7.551947097164098,1.75,3.2747330642315773,3597813.552573322,0.34039219500912216,3.1247462490951206,3.143231771228007,1.0,5.028051312617414,781124.6112638772,-0.28513994196793,5.446321569444553,5.45378065421616,1.75,4.430529892807551,2372993.623630961,0.3796187204680253,1.1777970870254115,1.2374636766933103,0.75,2.511041401595585,110977.2906649231,0.2225707528411717,3.2218510074793443,3.2295296336178665,1.75,2.2637059854812907,830434.3244799876,0.5133701687313867,1.6454908544698081,1.723713747200234,1.0,1.2396014271268432,216611.2123786992,8.024891567303047,6.507051714526403,10.331534575390654,0.75,3.409534719492228,3387354.3037861795,-2.166812212104431,3.221976144869394,3.8828089626753908,0.75,4.909410099688898,830495.6450851663,8.648535555221848,5.093100983691935,10.036774625347539,3.5,4.393659098399109,2075176.0197014299,2.76467583230307,6.507051714526393,7.070017996670274,0.75,3.409534719492238,3387354.3037861707,-0.7881064371044374,3.221976144869397,3.3169627725244237,0.75,4.90941009968891,830495.6450851677,-0.04412104977811019,5.093100983691912,5.0932920883370745,3.5,4.393659098399084,2075176.0197014106,0.3203635168030552,1.0387661094030043,1.0870454511853107,0.25,2.2099475938101096,86322.94025181523,-0.07211057981562577,3.017836316955102,3.0186977277717757,1.75,1.9590288131312896,728587.3650493226,0.3303976827195177,1.420470534410744,1.4583892374381993,0.75,1.9365008507850896,161419.23224846696,4.0,ACL_10_2,ACL_10,ortho,gait_full,4.0,0.5
9.163768157276314,1.4272506165030745,9.274248819317913,1.5,3.125866996230338,162964.0010671454,-1.7600281231961046,1.5133572417522145,2.321195626310948,0.75,1.276094294753589,183220.44760396017,3.228876321109338,1.057070414239246,3.3975049900891245,0.25,1.44326865566476,89392.02212086153,0.07197491680388154,1.51335724175222,1.5150678301029343,0.75,1.2760942947535943,183220.4476039616,-0.2723727972763742,1.4272506165030756,1.453007661027486,1.5,3.125866996230347,162964.00106714558,-0.6866399538906378,1.057070414239245,1.2605047746592897,0.25,1.443268655664778,89392.02212086141,0.7291559763909319,1.1789962981208857,1.386254200675102,0.25,0.5605265772547882,111202.58167881209,-0.05837495388268084,0.24850906110744023,0.25527316485151075,0.25,1.2994360558061897,4940.577075911602,0.2569548436499812,0.4638767424687107,0.5302899432183953,0.75,0.9584822597653231,17214.539620028674,9.978084863682566,1.5163883229192003,10.092651341086585,2.0,4.705166035006338,183955.49590957366,0.3262829541036892,1.4784566666997454,1.514032589295076,0.75,5.041443782402448,174869.93564057042,0.8871234635107242,1.187013892154311,1.481887316795238,1.5,3.8322254693282627,112722.0541762717,0.027939313682618087,1.5163883229192063,1.5166456907052417,2.0,4.705166035006336,183955.4959095751,0.19119547410368953,1.4784566666997447,1.4907681994953659,0.75,5.041443782402413,174869.93564057033,0.2009266085107292,1.1870138921543119,1.2038992824048662,1.5,3.8322254693282276,112722.05417627186,0.7857001136418492,0.9072258089771523,1.200159713142823,0.25,0.5138546837874973,65844.71369938592,0.008694697386777705,0.17448194458729627,0.17469844518372785,0.25,3.7141831335288145,2435.527743386979,0.07616651925935412,0.23214379780867003,0.24431962982355354,2.5,3.475791564402807,4311.317115459375,7.3823691561976466,5.257254623714033,9.063007256807253,0.75,2.88329965539158,2211104.538028022,1.7510695655799453,2.9792488992541983,3.455744294245118,1.0,4.873283891385351,710074.1510601259,8.540407160386858,4.2811126671642015,9.553349157972868,4.25,4.178131617979922,1466235.0569201903,2.0992053461976865,5.257254623714076,5.660864709924445,0.75,2.88329965539159,2211104.538028057,0.46615353557994943,2.9792488992542006,3.0154971600784264,1.0,4.873283891385344,710074.1510601272,-0.12197093461309823,4.281112667164205,4.282849819669633,4.25,4.178131617979958,1466235.0569201927,0.4720731213263902,1.1048619078160673,1.2014877723979551,0.75,1.9990714032103976,97657.59862274874,-0.044046299488343245,2.7218683531023413,2.722224716682785,0.75,2.1045622091778022,592692.8006179192,0.5919547965011027,1.5729746224935235,1.6806723785762963,1.0,1.4618824285665168,197940.4167598196,8.19260230207969,6.575503602039404,10.505045459229324,0.75,3.2832267371908515,3458983.7263609357,-2.5499032908678254,3.4643091720335315,4.30156306849199,1.0,3.919637355140894,960117.7048417843,8.168333718457715,5.3689173463928395,9.774811978165678,3.5,4.476537910877375,2306023.6331390087,2.932386567079716,6.575503602039389,7.199731842174579,0.75,3.2832267371908537,3458983.726360921,-1.17119751586783,3.4643091720335404,3.6569306338254064,1.0,3.919637355140916,960117.7048417891,-0.5243228865422342,5.36891734639284,5.394459005474963,3.5,4.476537910877383,2306023.6331390105,0.5324849435933462,1.203510031561097,1.3160458241344795,1.0,2.0561603215025577,115875.42859007223,0.045640065181193845,2.651120486244473,2.6515133128338,0.75,2.415814496926108,562281.2774823336,0.6053263651067418,1.58467968531288,1.6963577786943027,0.75,1.9104286405232878,200897.25800331056,4.0,ACL_10_2,ACL_10,ortho,gait_full,4.0,0.5
8.853088588637712,1.7484778759189248,9.024098428144788,1.75,2.8215259701117503,244574.31195696053,-1.4979537400725276,1.761478415910886,2.3122870966031006,1.0,1.3267602471688653,248225.56312588646,3.9094535978875764,0.7053378532786854,3.9725720788053556,1.75,2.692397743269364,39800.14239509606,0.33404929992746235,1.7614784159108843,1.7928734323710487,1.0,1.3267602471688658,248225.56312588596,0.038306771362235016,1.7484778759189274,1.7488974501983134,1.75,2.82152597011173,244574.3119569613,-0.006062677112400339,0.7053378532786856,0.7053639084341882,1.75,2.6923977432693795,39800.14239509609,0.10284162224390644,0.47395714747337936,0.48498636775363185,0.25,1.2254688181099285,17971.113747587104,0.027745722153593305,0.18235108592000965,0.18444984042831575,1.75,2.4495313094421225,2660.1534978956633,0.04028096582474015,0.3310559217828223,0.33349749557567604,0.75,1.2891224171853521,8767.858316806622,9.941965999121216,1.7449592397025513,10.093937322764868,1.75,4.091343024106842,243590.8603710573,0.14557679533160237,1.3501681013477793,1.3579935586136211,8.0,6.630421540180747,145837.58802565513,0.99235043661578,1.4287455833994325,1.7395612467328978,1.75,3.5230712321074997,163305.11552679265,-0.008179550878730027,1.7449592397025637,1.744978410547227,1.75,4.091343024106903,243590.8603710608,0.010489315331602937,1.3501681013477749,1.3502088459320585,8.0,6.630421540180752,145837.58802565414,0.3061535816157839,1.4287455833994314,1.4611789615305697,1.75,3.523071232107482,163305.11552679242,0.19375309715807634,0.5564603232672458,0.5892269121730904,0.25,1.3010493419538716,24772.167561717124,-0.017678474325850534,0.15722934403838984,0.1582200843168531,5.25,4.715875418745587,1977.691865935496,0.03251308792854056,0.25719313145897177,0.2592400581629331,2.75,3.7810067276424686,5291.902722461983,8.479165802296587,7.190167775887617,11.117318262434003,2.75,3.4874174107044134,4135881.0305770515,2.446624434398825,2.8145008411229755,3.7292607990966933,1.0,6.973538129160699,633717.3515353571,8.763824605783094,5.667272121964182,10.436598824584646,4.5,4.049526024226479,2569438.322683623,3.196001992296605,7.19016777588759,7.868477704116353,2.75,3.48741741070439,4135881.030577019,1.1617084043988335,2.81450084112298,3.0448286325395797,1.0,6.97353812916069,633717.3515353592,0.10144651078314329,5.6672721219642,5.6681800164552545,4.5,4.0495260242265,2569438.3226836394,-0.0005296742041774927,0.7913719202075413,0.7913720974659985,2.75,4.164608542862074,50102.35337586393,-0.015292461245409682,3.4431551780087544,3.4431891378806707,1.75,1.965575219730377,948425.6180989549,-0.03792692315571838,0.9430504887759898,0.9438128394341184,1.75,2.6693112684663896,71147.76845079419,8.226446502574422,6.97203076024026,10.783488998531752,1.75,3.6339606999410736,3888741.237396506,-2.1591676249575293,3.1876348693010947,3.850067647801652,0.75,3.793310775329689,812881.3308954535,8.988545375866511,5.755892565758928,10.67353021275389,3.5,4.992916399827954,2650425.3251677123,2.9662307675744444,6.972030760240244,7.576789418232596,1.75,3.6339606999410727,3888741.237396488,-0.7804618499575373,3.187634869301095,3.2817886524307673,0.75,3.7933107753296933,812881.3308954537,0.29588877086656135,5.75589256575893,5.763492811939982,3.5,4.992916399827959,2650425.3251677146,0.21943565423496017,0.9125557265016048,0.9385680371291133,0.25,2.644631690789864,66620.67000858314,-0.09127444841457484,3.3049043057764425,3.306164468878258,1.75,2.1811324933346725,873795.6917427133,0.26331696902446416,1.2293768255340238,1.2572601979448583,0.75,1.9915225719725698,120909.60893036202,4.0,ACL_10_2,ACL_10,ortho,gait_full,4.0,0.5
9.006225337822153,2.0048503049428428,9.226674351079005,1.75,2.7299570451404374,321554.348966127,-1.8041866799519954,1.680682480082828,2.4657216337156895,1.0,1.4542563855689397,225976.16742210055,3.3097847280583714,1.1561388356114684,3.505899592586398,0.25,1.4116038852770174,106933.55002843971,0.027816360047998003,1.680682480082826,1.6809126535140602,1.0,1.4542563855689346,225976.16742209994,-0.11482997782218982,2.0048503049428428,2.008136118154358,1.75,2.729957045140464,321554.348966127,-0.6057315469416068,1.156138835611471,1.3052079198998603,0.25,1.4116038852770252,106933.55002844024,-0.07997067788211092,0.33467433999138957,0.34409624114424225,1.0,1.6014150115532777,8960.594948398437,-0.0305320209458006,0.23993314613623848,0.2418679782812689,1.75,2.0688938366257505,4605.436907953671,-0.05018636100307976,0.31789459714163953,0.3218317040357844,1.0,2.02457234018057,8084.642638709193,9.944266779291729,1.9871035074878598,10.140859042861981,1.75,4.476861286181028,315887.63948182744,0.11221430810053805,1.4020539474133238,1.406537351939068,6.25,7.06196554730097,157261.1865554212,0.9890851937822984,1.614356582153109,1.8932608628766492,1.75,3.757424444504066,208491.8845586676,-0.0058787707082191346,1.9871035074878733,1.9871122035294455,1.75,4.47686128618106,315887.63948183187,-0.02287317189946093,1.4020539474133193,1.4022405119843075,6.25,7.0619655473009715,157261.1865554202,0.30288833878230287,1.6143565821531092,1.6425250439830046,1.75,3.757424444504062,208491.88455866763,-0.07392134644383255,0.24198442011367946,0.25302336856073754,0.75,3.226784586519259,4684.525488005625,-0.02315353182776307,0.15296124349366697,0.15470367819553646,5.25,6.187654915754167,1871.771670090131,0.005879767702983505,0.293381317124407,0.2934402305511174,2.75,4.3191887773712505,6885.969109155116,9.881448529735392,7.834091103037668,12.61015497353239,2.75,3.867177517318784,4909841.4570574295,2.615741102589815,3.0808369483934572,4.041492028739398,8.0,6.506852088609891,759326.358611535,8.532941316982374,6.345946867516562,10.63400814201344,3.5,4.106424087132934,3221683.5063449005,4.598284719735415,7.834091103037644,9.083898159625402,2.75,3.8671775173187704,4909841.4570574,1.3308250725898256,3.0808369483934643,3.3559874368686287,8.0,6.506852088609896,759326.3586115384,-0.1294367780175849,6.345946867516579,6.347266775931752,3.5,4.106424087132924,3221683.506344917,-0.10732588569755627,0.8378569592781373,0.8447029832737488,2.75,4.918380879438438,56160.44357561715,0.16043566582530977,3.982533566621034,3.9857638179064327,1.75,2.103086851824919,1268852.2910725242,-0.10473099497518383,1.1145695671371967,1.1194792991819411,1.75,2.235726181456209,99381.45087678586,8.801861660539862,7.4707106124333515,11.54488136560986,1.75,3.5272480460078373,4464923.94809449,-1.4018638806120918,2.7517098148829446,3.0882242867201084,1.0,6.090478020754014,605755.8066662814,9.08830970794063,6.146742223968678,10.971773480862941,3.5,4.953484312765667,3022595.3897447824,3.541645925539894,7.4707106124333515,8.267694534549376,1.75,3.527248046007831,4464923.948094492,-0.02315810561210192,2.7517098148829375,2.7518072612700606,1.0,6.09047802075401,605755.8066662784,0.3956531029406803,6.146742223968694,6.159462748145019,3.5,4.953484312765672,3022595.389744798,-0.03309487427615558,0.6487192751870507,0.649562905885617,3.5,4.7765607404705275,33667.178518084715,-0.21059711459341401,3.5976761788096328,3.6038347676120437,1.75,2.0796640345442703,1035465.659119822,-0.011212738642872026,0.7984572474093933,0.7985359737973353,1.75,2.5790471277504765,51002.719794980345,4.0,ACL_10_2,ACL_10,ortho,gait_full,4.0,0.5
8.900305129300005,1.94525776724196,9.110403897504169,1.75,2.9243028753805023,302722.5172868349,-2.014937732279397,2.053646160155569,2.8770534607624083,1.0,1.6469611587130388,337400.49401511083,3.603320258818527,1.0342700362455457,3.7488173329047894,0.25,1.6619995019486917,85577.21174243193,-0.7617535072794042,2.0536461601555716,2.1903723329548783,1.0,1.6469611587130408,337400.49401511165,-0.13973464930005708,1.9452577672419635,1.950270123144535,1.75,2.924302875380528,302722.517286836,-0.7639912111814507,1.0342700362455395,1.2858448890273857,0.25,1.6619995019486826,85577.21174243093,-0.03984206065159706,0.4695069458570068,0.4711943993777301,1.0,1.2075891935837162,17634.94241351651,0.08856984680149434,0.2914059725539918,0.30456864349860113,1.75,2.2476211088150317,6793.442051525751,0.04916131132868481,0.3373071340166522,0.340870851188663,0.75,1.779868151970634,9102.158952566875,9.954674114931363,1.9595077928383227,10.14569896678778,1.75,4.380105992191722,307173.6700444073,0.027220016055301624,1.3956070212378984,1.3958724465374943,8.0,6.816088118404916,155818.1554354133,1.1217664506757892,1.64029977168664,1.9871948346493358,1.75,3.7313439144519043,215247.632964075,0.01872191493142523,1.9595077928383304,1.9595972290990933,1.75,4.3801059921916785,307173.6700444098,-0.04134091894469651,1.3956070212378986,1.3962191909967836,8.0,6.816088118404919,155818.15543541338,0.22702086567579768,1.6402997716866403,1.6559353291863281,1.75,3.7313439144518914,215247.632964075,0.03660449816218304,0.2086981721987654,0.21188396910764815,0.25,3.4971187713228358,3484.3972205522473,0.002232965194721641,0.16485598007181151,0.16487110207370592,0.75,4.495002641160028,2174.201450623571,-0.0005249671016056378,0.29780455239306536,0.29780501509627366,2.75,3.62580976976323,7095.007881828848,9.108131880062523,7.156256449714046,11.58318059596263,1.75,3.838681500079794,4096978.727063216,1.8852793344443697,2.8336783457386128,3.4035292177372187,1.0,5.6481933589146065,642395.6032065023,8.842798270673066,5.580232930902064,10.456293837633984,4.5,4.509459367685443,2491132.6205837377,3.828035495062556,7.1562564497140535,8.115778590223666,1.75,3.838681500079795,4096978.727063224,0.6204387344443729,2.8336783457386114,2.90080630003226,1.0,5.648193358914645,642395.6032065018,0.18886754067311276,5.58023293090206,5.583428204163076,4.5,4.509459367685436,2491132.6205837345,-0.05019302044710771,0.746692731261676,0.7483778285202103,2.5,4.308132361031391,44604.05822982169,-0.3377389975530631,3.57319171131554,3.5891178075234906,1.75,1.8924026287697238,1021416.1293442814,0.04131980862335964,1.0431513303685216,1.0439693600074131,1.75,2.741969182709901,87053.25261927879,8.804768060464138,8.087324934298053,11.955281895107635,1.75,3.620214454635319,5232393.051747078,-1.9350931899011834,2.956722184769777,3.5336654809859547,1.0,6.875732945377598,699376.992486009,8.980303202837893,6.486966638293967,11.078203003250998,1.75,4.425331948490791,3366460.582161757,3.6246390704641698,8.08732493429805,8.862439448823011,1.75,3.620214454635301,5232393.051747074,-0.5521867399011912,2.9567221847697787,3.0078424615714963,1.0,6.875732945377598,699376.99248601,0.2244571578379313,6.4869666382939934,6.490848725863511,1.75,4.425331948490772,3366460.582161784,0.055327231559175696,0.6361767410452537,0.6385780675837234,1.75,5.971824449615798,32377.667960768707,0.001079791479750728,3.4012261844236966,3.40122635582506,1.75,2.055093256293761,925467.3451920701,0.0835553155756943,0.9772674229145887,0.9808328637699063,1.75,2.892018590614646,76404.29852627702,4.0,ACL_10_3,ACL_10,ortho,gait_full,4.0,0.5
8.766324444359002,1.9525743050670141,8.98114640124378,1.75,3.0145358727998923,305004.34276345605,-1.7892847064157724,1.9634610144643971,2.656448553225704,1.0,1.5498065543086283,308414.33262507967,3.991410828315545,0.8778119966658051,4.086797560668376,0.25,2.4884977789912983,61644.4457536115,-0.5361004814157774,1.9634610144643965,2.0353336044726884,1.0,1.5498065543086281,308414.3326250794,-0.005753964359066055,1.9525743050670166,1.9525827831141471,1.75,3.014535872799888,305004.342763457,-0.37590064168442594,0.8778119966658058,0.9549110921489875,0.25,2.4884977789913125,61644.44575361161,-0.1115956650953827,0.6131665773170779,0.6232389942925755,1.0,1.916598698214843,30078.653263353495,0.025903553057433856,0.2709722689606244,0.2722075763212116,1.75,1.9999987365086782,5874.079653932758,-0.04966218374522358,0.47767612280779725,0.48025077906759733,1.0,1.9662880588290519,18254.35688153284,9.928758144286364,2.068655961627452,10.141971000516103,1.75,4.411415276108936,342347.18881695607,0.019846258712043888,1.3229504568065318,1.323099310388104,8.0,7.054060930885722,140015.83787671372,0.9988292886058393,1.5453954455649561,1.8400834304318259,1.75,3.767306335394636,191059.7767979015,-0.007194055713585747,2.068655961627459,2.0686684707836673,1.75,4.41141527610897,342347.18881695846,-0.04871467628795633,1.3229504568065318,1.3238470571974887,8.0,7.054060930885718,140015.83787671375,0.10408370360584605,1.5453954455649574,1.5488965428747083,1.75,3.767306335394645,191059.77679790178,0.07075780606407246,0.22481033978445436,0.2356827443683621,0.25,3.443863174466361,4043.236626706176,-0.012748132130960956,0.15205124149188012,0.15258471388723865,5.25,5.6380546864327,1849.5673110113023,0.0020100955593666324,0.29523475451126757,0.29524159726482685,2.75,3.8141674053273826,6973.103958343067,9.688174684369198,7.81554389472745,12.447628492418294,1.75,3.861847818411689,4886642.042769283,1.5216176965655492,2.764568770843174,3.155655384103718,8.0,5.832545212603072,611428.9554615642,8.416916199297638,6.347395455624892,10.542006800229572,4.5,4.779073645439698,3223159.029758165,4.408078299369237,7.815543894727469,8.972952728270768,1.75,3.8618478184116927,4886642.042769305,0.25677709656555514,2.7645687708431796,2.776468074018141,8.0,5.83254521260308,611428.9554615669,-0.23701453070231637,6.3473954556248895,6.351819027479573,4.5,4.779073645439673,3223159.0297581633,-0.038328159679152346,0.7472938220594852,0.7482760882940629,3.5,4.533643045206704,44675.87028814358,0.02482393043055879,3.6033027534745328,3.603388261167421,1.75,2.1260016259994607,1038707.2919197308,-0.017853860109731504,0.9702212911448131,0.9703855492079043,1.75,2.9058896173182114,75306.9407963411,9.15938343261363,8.136333547079504,12.251294970531417,1.75,3.8241216108706433,5296037.151229688,-2.2407617727329305,3.1596044559069725,3.873514378433159,8.0,6.472256665105324,798651.4033022707,9.202270332731223,6.3032736669150315,11.154059269911098,3.5,4.435942503268749,3178503.7822096352,3.9792544426136747,8.13633354707952,9.057283782039306,1.75,3.824121610870632,5296037.151229708,-0.857855322732938,3.159604455906976,3.273990847960399,8.0,6.472256665105333,798651.4033022725,0.4464242877312739,6.303273666915037,6.319062712515275,3.5,4.435942503268723,3178503.7822096404,-0.007012707189910188,0.6666644871374593,0.6667013697843908,5.25,5.787224348387013,35555.57307126688,0.012956807552641156,3.77067964385068,3.7707019048728645,1.75,2.0479938409410456,1137444.3604472578,0.11921378382606175,1.0052042557516307,1.0122487451389195,1.75,3.2048178741060256,80836.64932862029,4.0,ACL_10_3,ACL_10,ortho,gait_full,4.0,0.5
8.922904534197672,1.5312075639475864,9.053332089915605,1.75,2.8256178564948953,187567.8866429337,-2.168833419560967,1.7484161804921463,2.7858208022073607,1.25,1.9664486591925894,244561.06439056963,3.3267851793855696,1.1691952832760593,3.5262610850892,0.25,1.3691532740577568,109361.521021128,-0.915649194560974,1.748416180492143,1.9736698274298299,1.25,1.9664486591925814,244561.06439056867,-0.16233405419773198,1.531207563947587,1.53978860531002,1.75,2.825617856494874,187567.88664293385,-1.0405262906143995,1.1691952832760668,1.5651557660165212,0.25,1.3691532740577688,109361.52102112943,0.6639001200290404,1.3306637814938864,1.4870875793826615,0.25,0.7966996284546685,141653.32554350948,-0.13652494500428014,0.24298345080412198,0.27871135242953576,0.25,1.576072685461611,4723.295242019339,0.19034023470669964,0.6956884522956279,0.7212571161560124,1.0,0.9932895672217483,38718.6485820092,9.88214185085386,1.5427113844382956,10.001834130601889,1.75,4.305106649569767,190396.81573596713,0.39182705462003525,1.3550413253828726,1.4105550092880406,1.0,3.7077272286654015,146891.641716599,1.045256647272275,1.153141170578218,1.5563727117722734,1.75,3.22518934748221,106378.82178110539,-0.05381034914609766,1.542711384438284,1.5436495617045707,1.75,4.305106649569767,190396.81573596434,0.3232661196200351,1.355041325382875,1.3930678295006218,1.0,3.707727228665389,146891.64171659952,0.15051106227228245,1.1531411705782195,1.1629222412306153,1.75,3.225189347482217,106378.82178110571,0.7091459128387599,0.8495310778654991,1.106612388307322,0.25,0.5506630623096365,57736.34899963868,0.034501095366132,0.14777252456072948,0.1517466460799524,0.25,3.7479449337988044,1746.9376782407173,0.0891044745313897,0.2637878095082738,0.2784306301876437,2.75,3.0607955818789727,5566.728758830068,8.144264790749906,6.5251379132873435,10.43582645358136,1.0,3.455533407668461,3406210.759154938,0.94089116062866,3.675791341851033,3.7943007478290602,1.0,4.8209016162101,1080932.3377461424,8.335529757353134,4.883260648446697,9.660605099908993,4.5,4.7584820918287685,1907711.4626696196,2.864168405749944,6.525137913287359,7.1260708278767675,1.0,3.4555334076684634,3406210.759154954,-0.3239494393713375,3.6757913418510513,3.6900386485911163,1.0,4.820901616210164,1080932.337746153,-0.31840097264682865,4.883260648446693,4.893629914496034,4.5,4.758482091828744,1907711.462669616,0.3904046836382466,1.134214256564095,1.1995239875883776,0.25,2.80282666860942,102915.38204535608,0.43142526168493517,2.8982386956710795,2.930173253155027,1.75,1.8914435897486455,671983.2073358808,0.4621497433362379,1.5359064899770531,1.6039299022149884,0.75,1.8190626190406833,188720.7392845022,7.98556187204083,6.3882935642568075,10.226411544394113,2.75,3.3484798556940008,3264824.0182709065,-2.700557491112521,3.457658212129893,4.387301115117726,1.0,4.262336052921699,956433.1334488121,8.556381868172027,4.9826675782617835,9.901446705883144,1.0,4.355172226002964,1986158.5715927742,2.805432882040859,6.388293564256836,6.977159043533505,2.75,3.3484798556940025,3264824.0182709354,-1.3176510411125317,3.4576582121299015,3.700216828518876,1.0,4.262336052921726,956433.133448817,-0.19946417682791984,4.982667578261761,4.986658415542272,1.0,4.355172226002938,1986158.5715927575,0.48083770830506795,1.4319582913140154,1.5105328363829185,1.0,2.294058374244331,164041.75545326024,-0.16751047723934154,2.8433920963489907,2.848322027714714,1.75,1.9928090153264946,646790.2966862298,0.4007264366143545,1.6172377424428372,1.6661451295080039,1.0,3.187556739309519,209240.89408007317,4.0,ACL_10_3,ACL_10,ortho,gait_full,4.0,0.5
8.996916738358712,1.4870485830392839,9.118981537720005,1.75,2.936090787584484,176905.74313835788,-2.0086005861192944,1.877976013051398,2.7497763945737836,1.0,1.1567116384913447,282143.5126053596,3.2972362880948833,1.0893888296410617,3.472540159836376,0.25,1.3876134536558464,94941.63619486679,-0.7554163611193028,1.8779760130513994,2.0242153502636913,1.0,1.156711638491343,282143.51260535995,-0.236346258358762,1.4870485830392839,1.5057134661546097,1.75,2.9360907875844875,176905.74313835785,-1.0700751819050922,1.0893888296410628,1.5270327164392843,0.25,1.3876134536558546,94941.63619486694,0.7372934016933536,1.2363676866300606,1.4395161050587533,0.25,0.9847329350019536,122289.24696584599,-0.08176667613171139,0.29635494634015624,0.3074281111835824,0.25,1.4589486408808698,7026.124751532852,0.3165202584285634,0.5725445078899739,0.6542111948833167,0.75,1.575257862465665,26225.043407865684,9.908869684476537,1.4205644165012628,10.010179902747389,1.75,4.203647537889466,161440.40797837658,0.4493369475675213,1.4112833067534953,1.4810888779443245,0.75,4.178216093316674,159337.74870357628,1.1579867021003603,1.2454438297560495,1.700606813851657,1.75,3.2326284810502357,124090.44942985591,-0.027082515523414258,1.420564416501252,1.4208225519313167,1.75,4.203647537889448,161440.40797837416,0.38077601256752236,1.4112833067534978,1.4617492752411096,0.75,4.1782160933166645,159337.7487035768,0.26324111710036896,1.24544382975605,1.272959629685744,1.75,3.2326284810502313,124090.44942985593,0.761706516112798,0.8154565484439743,1.1158701533282698,0.25,0.5342983117298423,53197.612548253805,0.02294349374588882,0.15580913869432006,0.1574893380706564,0.25,3.034775227373804,1942.1213726745495,0.0984356060837302,0.25360659094429405,0.2720402020206899,0.25,3.186518967529718,5145.321423958547,7.680972875579292,5.709624556640164,9.570640359619265,3.5,3.8244511708410243,2608030.1801005336,1.2685927290408667,3.61635893061093,3.8324116985502465,0.25,4.2151822732749915,1046245.0353310857,8.836276711601116,3.9471987877654127,9.677818162898133,4.25,3.945964133347054,1246433.9172742073,2.40087649057932,5.70962455664017,6.19386959023234,3.5,3.8244511708410402,2608030.18010054,0.003752129040872134,3.616358930610943,3.616360877108625,0.25,4.215182273275053,1046245.0353310928,0.1823459816011583,3.947198787765426,3.9514083979187653,4.25,3.9459641333470223,1246433.9172742157,0.4679192763803651,1.0928312685687405,1.1887929301480082,1.0,2.9318438949305405,95542.44493906417,0.11769553611748834,3.0545892108918355,3.0568558170968405,1.75,2.084571002298375,746446.265720536,0.5435910849871342,1.4497236713222912,1.548286146314586,1.0,1.897047365310234,168136.27070870972,8.187302963014135,6.397480101109916,10.39036483730371,1.75,3.870750684274174,3274263.9424024057,-2.358583595712047,3.6267957092284386,4.3262644041297085,1.0,4.205322043453742,1052295.4689195484,8.238314832582411,5.336253289591966,9.81557081638294,5.25,4.545345272748702,2278051.1086254106,3.007173973014162,6.397480101109932,7.069006079221555,1.75,3.870750684274199,3274263.942402422,-0.9756771457120592,3.6267957092284435,3.7557413394884747,1.0,4.205322043453746,1052295.4689195512,-0.51753121241754,5.3362532895919825,5.361290677300349,5.25,4.5453452727487065,2278051.108625425,0.6080674042026901,1.3897565327863195,1.5169605098604413,1.0,1.9476940972199517,154514.09413540218,-0.047628592878329205,2.4718092186141765,2.4722680469733844,1.75,2.186849623662856,488789.5524071235,0.4747129474292424,1.6641093341340698,1.7304948016128496,0.75,2.81926604286259,221542.5631799627,4.0,ACL_10_3,ACL_10,ortho,gait_full,4.0,0.5
8.954782425574859,1.8036703004483676,9.134623957345143,1.75,2.9993700791012756,260258.14186305195,-1.49463185511189,1.8828844793045616,2.4039921681904914,1.0,1.6069413194578088,283623.9659283596,3.761243717589781,0.747837098556331,3.8348682675009504,1.75,2.956532379642544,44740.86990465142,-0.2414476301118953,1.8828844793045623,1.898302115178894,1.0,1.6069413194578126,283623.9659283599,-0.19421194557490487,1.8036703004483687,1.8140961475411106,1.75,2.9993700791013076,260258.1418630523,-0.6060677524101947,0.747837098556324,0.9625894485650079,1.75,2.9565323796425123,44740.869904650586,-0.05775994229748069,0.3818944603617373,0.38623773739653,1.0,1.246679506345252,11667.495972573015,0.03348148216695094,0.19940530109154123,0.20219664624197917,1.75,2.4579064079990656,3181.0111486980722,0.06546952170161938,0.36062840282272146,0.36652299135839467,0.75,1.210366775822843,10404.22965810274,9.953039656293736,1.9561865130607319,10.143454247623756,1.75,4.399810200557378,306133.4240424508,0.06693646763221169,1.413418931940627,1.415003027511694,8.0,6.811799958971062,159820.7741008049,1.0581296225699566,1.576119789612087,1.8983655836974314,1.75,3.7295355151893186,198732.32408401216,0.017087456293787787,1.9561865130607232,1.9562611418323637,1.75,4.399810200557393,306133.42404244805,-0.0016244673677863507,1.4134189319406307,1.4134198654548558,8.0,6.811799958971073,159820.77410080575,0.16338403756996434,1.5761197896120878,1.5845655350724734,1.75,3.7295355151893084,198732.32408401227,0.03002757808901312,0.2606132345783588,0.26233740389674987,1.25,3.6041066377653657,5433.689730472641,-0.008546270738235275,0.15622210438310705,0.15645569545854704,5.25,5.387191895190491,1952.4284053589797,0.005344497650340797,0.27579079879464047,0.2758425789375534,2.75,3.7576738382700907,6084.850987765886,9.061088021908882,7.289416421503722,11.629226453503636,1.75,3.9182997775126926,4250850.28790783,2.177267442423609,2.7248080697439256,3.4878464032665577,8.0,6.570171027369689,593978.3936352015,8.882957793415892,5.533802126653219,10.465653593376757,4.5,4.0532304124684195,2449844.431249942,3.780991636908925,7.2894164215037405,8.211667889318443,1.75,3.9182997775126758,4250850.287907852,0.9124268424236157,2.72480806974393,2.873517315019482,8.0,6.570171027369713,593978.3936352036,0.22902706341593798,5.5338021266532085,5.538539462053918,4.5,4.0532304124684035,2449844.4312499324,-0.0080678698766791,0.7116343122792848,0.7116800439365695,2.75,4.960245852732325,40514.153807414055,-0.31668238258239506,3.6745759900815393,3.688196908832524,1.75,1.9534513402309084,1080201.5980377933,0.058266128336543516,0.9081503947818874,0.9100176268918249,1.75,2.56035830124287,65978.99425973007,9.299599740497401,8.016410121274147,12.277841282812135,1.75,3.6898431154453197,5141027.03531443,-1.5701973732701757,3.154458355490238,3.5236525520469146,1.0,5.507521402147444,796049.2726702921,8.823185413293178,6.8502484729332895,11.170250891464988,3.5,5.0350218616241715,3754072.8004524964,4.119470750497425,8.016410121274136,9.012927964688846,1.75,3.6898431154453393,5141027.035314416,-0.1872909232701852,3.1544583554902386,3.1600135136517338,1.0,5.507521402147439,796049.2726702922,0.0673393682932239,6.850248472933313,6.85057944494094,3.5,5.035021861624163,3754072.8004525215,0.09199347004500572,0.7125209329628268,0.7184350203331813,3.5,5.064882876427973,40616.30046643898,0.14152367053568948,3.55388620263144,3.5567029803704457,1.75,2.053052408948549,1010408.5797225365,0.1552673647067149,1.1041969231226665,1.1150599981958513,1.75,3.8656301355998246,97544.31156120931,4.0,ACL_10_3,ACL_10,ortho,gait_full,4.0,0.5
9.255652514522653,1.8431445548252388,9.437387632156021,1.75,3.1499393858726097,271774.97790723026,-1.1845825112483812,1.7685461461141647,2.128612505105329,1.0,1.5441869129611807,250222.25860520508,2.7405356253650925,1.4911119572800273,3.1199279451677584,0.25,1.1851568428468533,177873.84462019673,0.06860171375161282,1.7685461461141627,1.769876172523071,1.0,1.5441869129611783,250222.25860520455,-0.49508203452269994,1.843144554825236,1.908477946136411,1.75,3.1499393858726203,271774.9779072294,-1.6267758446348801,1.4911119572800235,2.2067656236743836,0.25,1.1851568428468402,177873.8446201959,-0.1834300657618855,0.3892442234883513,0.4302994940090672,1.0,1.5089504430693566,12120.925891998522,-0.0074030910299481036,0.28112218036275594,0.28121964022576307,0.5,1.8264819695517596,6322.379843678324,-0.0763423129561356,0.34554730251371674,0.3538800460918906,1.0,1.330239882312297,9552.236265145828,9.969080150031749,2.079504159397829,10.183658310583182,1.75,4.5473505367375475,345947.05274996586,-0.03349777486169639,1.4361291733822945,1.4365197887813441,8.0,6.7373977498133275,164997.7279018363,1.0179876090304696,1.5630980793618083,1.8653617284173454,1.75,3.974546323318605,195462.15861774914,0.03312795003180367,2.07950415939783,2.0797680183198763,1.75,4.54735053673757,345947.05274996615,-0.10205870986169462,1.4361291733822987,1.4397510142029275,8.0,6.737397749813345,164997.7279018373,0.12324202403047411,1.5630980793618092,1.5679490432382377,1.75,3.9745463233186022,195462.15861774937,-0.08096367352841603,0.27059135296330666,0.2824443250088922,1.25,3.2151256081346262,5857.603799637302,-0.010839966740025485,0.15398054386635712,0.15436162984467347,5.25,6.40101706517607,1896.8015878548415,-0.004451894051361736,0.2754092623550723,0.27544524165722956,2.5,3.7581385616944303,6068.0235261438465,9.533815935070974,7.512378796227645,12.13793563427587,1.75,4.155119007428811,4514907.765888079,2.13130840224914,2.781246172252672,3.50397000217866,0.75,6.107061245714458,618827.0590266236,8.192483567835216,5.945772782423154,10.12269731788193,3.5,4.142015542182588,2828182.5373733914,4.2537195500710245,7.512378796227653,8.633073913077965,1.75,4.155119007428788,4514907.765888089,0.8664678022491475,2.781246172252684,2.9130905792653743,0.75,6.107061245714457,618827.0590266291,-0.46144716216474263,5.945772782423149,5.963652191708853,3.5,4.1420155421825955,2828182.5373733877,-0.11779865354853697,0.7439948946189,0.7532628531905953,3.5,4.563700380796499,44282.307863254784,-0.032866159954725124,3.516825441121939,3.5169790115655637,1.75,2.1119567337664877,989449.3951329582,-0.038007299588154686,1.0743426333614208,1.0750147202154656,1.75,2.494593022510847,92337.32383736157,8.777963706879211,7.677820024682843,11.661970981386872,1.75,3.604915944107163,4715922.733725063,-1.681064790730182,2.927198071965139,3.3755691939507235,1.75,5.997816093171427,685480.3665552455,8.94125675526317,6.259205184831403,10.914381425869246,3.5,5.018210635288121,3134213.7995663886,3.597834716879238,7.677820024682841,8.47899374816389,1.75,3.6049159441071597,4715922.733725061,-0.29815834073018943,2.92719807196514,2.94234378492103,1.75,5.99781609317144,685480.3665552458,0.18541071026321285,6.25920518483141,6.261950708629119,3.5,5.018210635288122,3134213.799566397,-0.0942955548690257,0.7901833728339621,0.795789805395441,3.5,4.872100828325524,49951.1815001501,-0.060264988691135196,3.7191225234438474,3.719610760986863,1.75,2.073740741502146,1106551.4426432387,0.029942536432108768,1.036236695562067,1.0366692069881212,1.75,3.2030816595446883,85903.47761753181,4.0,ACL_10_3,ACL_10,ortho,gait_full,4.0,0.5
8.75967063223295,1.8909877423017838,8.961454358905144,1.75,2.571989354372724,286066.95619218226,-1.833359835549485,1.7102145414035352,2.5071980504607407,1.0,1.5579500986414956,233988.3249020905,4.1129268519835644,1.052522497067481,4.245464744477405,0.25,1.5944399294478695,88624.51846436453,-0.5032861955494914,1.7102145414035335,1.7827312675383182,1.0,1.557950098641495,233988.32490209007,0.45315228276699526,1.8909877423017747,1.9445260689722066,1.75,2.5719893543727044,286066.9561921796,0.9098027119835885,1.052522497067487,1.3912385063553518,0.25,1.5944399294479,88624.51846436551,0.008781345981404304,0.3177594751203457,0.3178807890798101,1.0,1.2694099432984152,8077.705514194357,-0.022962631899497623,0.26584298724645355,0.26683286216631913,1.0,2.1546145126103156,5653.8201218341,0.03387534297703431,0.36831964893622504,0.36987417138037065,1.0,1.306447383432159,10852.768701883839,9.98086665736518,1.8834741865371682,10.157025856197071,1.75,4.175008373856483,283798.0035937493,-0.0251107123461326,1.330180319865388,1.3304173146917913,8.0,6.614757655776683,141550.37467650432,0.9250411935640729,1.6311595135688202,1.8752020073838753,1.75,3.538854857908435,212854.9078900497,0.03732465736523476,1.883474186537172,1.883843980110692,1.75,4.175008373856496,283798.00359375053,-0.13479227234613292,1.330180319865388,1.336992385932478,8.0,6.614757655776687,141550.3746765043,0.14077828356407632,1.63115951356882,1.6372232235798871,1.75,3.538854857908451,212854.90789004974,0.016452228916939045,0.2052088570504285,0.2058673136956874,0.25,3.9407542734268564,3368.8540359180533,-0.0014648077435233152,0.14561247784515532,0.14561984537119707,3.5,4.796493395620758,1696.2412162760738,0.0020069019929830024,0.285325783979953,0.28533284188712704,2.75,3.522943707935814,6512.8642459148605,8.871205149296939,7.4657875911068405,11.594665374922961,2.75,3.668877952882456,4459053.318360227,1.982374625410431,2.84881456976649,3.470670483982163,1.0,6.451192614422361,649265.4794747424,9.03612753123095,5.723736330618793,10.696389967793593,4.5,4.332893265201946,2620900.4845461473,3.6580062592969727,7.4657875911068174,8.313783383549294,2.75,3.6688779528824513,4459053.318360199,0.7228327454104341,2.8488145697664855,2.9390868702288113,1.0,6.451192614422388,649265.4794747402,0.3300118662310069,5.7237363306187845,5.733242138118593,4.5,4.332893265201957,2620900.484546139,-0.0969327160688821,0.7383835347072485,0.7447188702935229,2.75,5.016742291745982,43617.3642381113,-0.32029701766621066,3.6963768515348545,3.710228026427566,1.75,1.9526215908525792,1093058.0484012966,0.042135933486277484,1.084969701744393,1.0857875899981897,1.75,2.801541227613141,94172.85555964416,8.746184925484489,8.601731371744503,12.267254515270546,1.75,3.53471595655734,5919183.357439666,-2.008245101177412,2.887399998696217,3.5171191533517865,7.25,6.656408635632371,666968.624733251,9.065228883767785,6.846320008010031,11.360038396377726,1.75,4.66737124075676,3749770.3985988037,3.5916476054845146,8.601731371744465,9.32146528790595,1.75,3.534715956557332,5919183.357439614,-0.5874952911774168,2.8873999986962158,2.9465623138882613,7.25,6.656408635632367,666968.6247332502,0.31726193376784356,6.846320008010038,6.853667105039221,1.75,4.667371240756776,3749770.3985988116,0.07437936856292748,0.6004992048543204,0.6050880807770807,7.25,5.794775238243928,28847.947912976088,0.0014887264253708322,3.5357696327251356,3.535769946137278,1.75,2.1113684384902753,1000133.6875915292,0.07573929726984967,1.013631859352028,1.016457567950763,1.75,2.956670010092209,82195.97451384304,4.0,ACL_10_4,ACL_10,ortho,gait_full,4.0,0.5
8.539848040738343,1.7708625919955303,8.72152273852632,1.75,2.843072026975735,250876.54995233455,-1.7507750851826145,1.7721478181814596,2.4911285170342974,1.0,1.5909930465081954,251241.14174575647,4.501366366766135,0.847881051342513,4.580524145234805,1.75,2.74067232494258,57512.24751949232,-0.4207014451826236,1.7721478181814612,1.8213998999297385,1.0,1.5909930465081934,251241.141745757,0.6729748742615993,1.7708625919955414,1.8944259027780905,1.75,2.8430720269757352,250876.54995233766,1.298242226766154,0.8478810513425207,1.5505918729905814,1.75,2.7406723249425946,57512.247519493365,0.00993885972997481,0.43718244673945333,0.4372954066415826,1.0,1.3285711194312637,15290.300990091388,-0.044283245657815745,0.22683717321952532,0.2311192527683823,1.0,2.046593509253954,4116.413951922807,-0.033742494226836194,0.3421253851643538,0.34378530377330774,1.0,1.3438693956565686,9364.01740290679,9.917539907816646,1.9885179177991448,10.114929625684207,1.75,4.233840117311278,316336.2819003573,0.09198442996734477,1.3183444738733094,1.3215495780138975,8.0,7.347457583436921,139042.93992929786,0.906493923026504,1.6049959748174594,1.843296859343125,1.75,3.7730438144822322,206080.9698693476,-0.026002092183293274,1.9885179177991443,1.9886879137275795,1.75,4.2338401173112805,316336.2819003573,-0.017697130032655262,1.3183444738733106,1.3184632494702644,8.0,7.347457583436931,139042.93992929807,0.12223101302650832,1.60499597481746,1.6096435940063676,1.75,3.773043814482259,206080.96986934775,0.05515467131965803,0.19146752471816253,0.19925323282215446,0.5,4.45725056729882,2932.8005358027576,-0.009072935576801815,0.13255934946936046,0.13286948216848302,5.25,6.251427682502305,1405.7584905481779,0.0018883844021289876,0.2904073512854938,0.2904134908648467,2.75,3.8230557521469217,6746.919988849775,9.693798131350748,8.138285764512235,12.657069858235031,2.75,3.6214308145606022,5298536.423861411,1.7630475773138656,2.9989409782511287,3.4787905586433525,1.0,6.399882047329544,719491.790097852,8.456145785835785,6.612630963272426,10.734676977335532,4.5,4.544606320008179,3498151.3012892082,4.480599241350776,8.138285764512222,9.290181093307893,2.75,3.621430814560596,5298536.4238613965,0.5035056973138721,2.9989409782511305,3.040915154729144,1.0,6.399882047329565,719491.7900978527,-0.24996987916416052,6.612630963272408,6.61735394224295,4.5,4.544606320008188,3498151.301289188,-0.02999044546357297,0.8167798356696565,0.8173302433996033,2.75,4.997454184462611,53370.34406043414,0.09412752123830571,3.6914658597696968,3.6926657287249403,1.75,2.1476754214093776,1090158.2171255276,-0.023925826027868552,0.911778425013007,0.9120922878033316,1.75,2.6744507016835324,66507.42930350137,9.039494075332415,8.290292678663068,12.265455794052837,2.75,3.795245820070824,5498355.520542705,-2.211319671531254,3.09596415651254,3.8045931120307066,1.0,6.351696023242426,766799.5253488362,9.23400172392239,6.396850227490659,11.233275598432941,4.5,4.717186721174322,3273576.3168853945,3.8849567553324333,8.290292678663034,9.155426898222553,2.75,3.795245820070826,5498355.520542661,-0.7905698615312596,3.0959641565125335,3.195308242466119,1.0,6.351696023242407,766799.525348833,0.48603477392244576,6.396850227490653,6.4152881957406285,4.5,4.717186721174338,3273576.316885388,0.004612230074036772,0.6823232049212747,0.6823387931521231,3.5,5.369900065937258,37245.19773016252,-0.009106436925078853,3.8662258339881466,3.8662365585399465,1.75,2.091615346901547,1195819.9087232864,0.07499316302796158,1.0487604428286699,1.0514382725310727,1.75,2.9048452760261685,87992.65601986561,4.0,ACL_10_4,ACL_10,ortho,gait_full,4.0,0.5
8.8380873295469,1.3730356770945285,8.9441050203624,1.75,3.343264609906209,150818.43601258076,-2.1974241745869993,1.587360350885887,2.7107906386558005,0.75,1.6690204359226197,201579.02879449146,3.468183743053207,1.2229479977548365,3.6774855921935465,0.25,1.2322849839223795,119648.24114123319,-0.8673505345870095,1.5873603508858918,1.8088697668469536,0.75,1.6690204359226308,201579.02879449268,0.37473558545305186,1.373035677094534,1.4232546257009977,1.75,3.343264609906246,150818.43601258198,0.26505960305322257,1.2229479977548332,1.251342638282292,0.25,1.2322849839223717,119648.24114123252,0.6362611108502152,0.9566437810023599,1.1489105817733778,0.25,0.6017769591753513,73213.40865189183,-0.20351438730782084,0.2515604918132733,0.3235750096694948,0.25,1.27058257698144,5062.627098582842,0.15653227247689816,0.4232517583917245,0.45126976777584893,0.25,1.2015270005406897,14331.49475859172,9.877243250596603,1.5227794286943415,9.993937733441747,1.75,4.632233452826709,185508.654522628,0.36784129652591974,1.2826209965058033,1.3343252377540527,0.75,4.285126648346344,131609.33011250876,1.051645686778336,1.2250670901167304,1.6145426676946482,1.75,3.602275777879027,120063.59146409076,-0.06629874940334295,1.5227794286943441,1.5242220024088093,1.75,4.632233452826722,185508.65452262867,0.25815973652591995,1.282620996505803,1.3083436361448286,0.75,4.285126648346342,131609.3301125087,0.26738277677833927,1.2250670901167295,1.2539070637829448,1.75,3.602275777879038,120063.59146409054,0.7097475066336307,0.8793862122308288,1.1300715169556041,0.25,0.5368754852044816,61865.70104400279,0.029718387319109675,0.16060411570173028,0.16333053763819974,0.75,3.4455878025854294,2063.4992479687503,0.07817789769253781,0.2565905586159088,0.26823590076357984,2.5,3.0450729019367984,5267.106694680078,8.258035201092106,6.573911817239588,10.555162810839,1.0,3.3806271986506102,3457320.415908032,1.4814408648937865,3.4540608169402085,3.7583511229392754,1.75,4.540684015471055,954448.5869309675,8.114236638759847,5.111501613846677,9.590009644319961,3.5,4.629861830314232,2090204.5527724728,3.0448363110921277,6.573911817239598,7.2448150247047405,1.0,3.3806271986506187,3457320.415908042,0.2218989848937938,3.4540608169402107,3.4611811981776643,1.75,4.540684015471066,954448.5869309687,-0.5918790262401121,5.111501613846667,5.145655403353398,3.5,4.629861830314233,2090204.5527724652,0.3969046670667935,1.2162239557332495,1.279349063093742,0.75,2.9735771578346024,118336.58087711394,0.44962659393515625,2.9421541858965643,2.976312370629535,1.75,1.9935395649821253,692503.5561337122,0.4678278297520652,1.6475380440746117,1.7126717388232118,0.75,1.4916634492749479,217150.64524807833,7.800325684997038,6.1004307247597644,9.902541886789344,1.75,3.192696797450786,2977221.8661009073,-2.530670736414389,3.3840946278270008,4.225682291208334,0.75,5.272076524326056,916175.0166531502,8.776357737800502,4.639372958532362,9.927146447505047,3.5,4.23905041597993,1721905.2480245808,2.645788364997064,6.100430724759766,6.649469986393412,1.75,3.192696797450784,2977221.8661009087,-1.109920926414397,3.3840946278269977,3.561463310632322,0.75,5.272076524326053,916175.0166531486,0.028390787800549405,4.6393729585323555,4.639459826875667,3.5,4.239050415979937,1721905.2480245754,0.38954083670775114,1.2417688136076261,1.3014345353921828,1.0,2.711036253079365,123360.77503373275,-0.07328360219890301,2.896511182329485,2.8974380952336145,1.75,1.9194127527638678,671182.1697204553,0.36862910256048254,1.4536846398321666,1.499695451529584,1.0,3.0766028889632357,169062.5930753835,4.0,ACL_10_4,ACL_10,ortho,gait_full,4.0,0.5
9.098116489544772,1.4498162703856636,9.212908925806305,1.75,3.064458232578694,168157.6246203708,-1.9974748918777578,1.729111571494594,2.6419183882850295,1.0,1.203171875587702,239186.98238919085,2.9533554547690666,1.0657150319301452,3.1397542852102407,0.5,1.4885644918784082,90860.07269936267,-0.6674012518777659,1.7291115714945962,1.8534430818572554,1.0,1.2031718755876972,239186.98238919134,0.11470642545518629,1.4498162703856692,1.4543468574984848,1.75,3.0644582325787133,168157.62462037208,-0.24976868523091564,1.0657150319301432,1.094592584208319,0.5,1.4885644918783978,90860.07269936232,0.6708731068426659,0.9218478284662376,1.1401202324021134,0.25,0.6158140131809406,67984.27470827619,-0.19690607253421008,0.2437383940132361,0.31333752746359494,0.25,1.2414766390017384,4752.67753649589,0.24791956531521658,0.5446338696328725,0.5984063525877401,0.75,1.3288966096931014,23730.130355235233,9.91781599845903,1.4467433944644525,10.022781082549713,1.75,4.307826910457273,167445.35646816925,0.32554808401137625,1.2834819722309732,1.3241251934939486,0.75,3.8879507679472667,131786.47442102872,1.1122442232432315,1.12648597424226,1.5830533352677896,1.75,3.019146386478712,101517.6574182437,-0.025726001540923592,1.4467433944644412,1.446972106359268,1.75,4.307826910457306,167445.35646816663,0.2158665240113756,1.2834819722309732,1.3015084821969707,0.75,3.887950767947258,131786.47442102872,0.32798131324323565,1.126485974242258,1.1732614337824656,1.75,3.019146386478698,101517.65741824338,0.7776137904619442,0.8606881825369278,1.1599428238819844,0.25,0.5164450117424556,59262.7514444165,0.022345313262133595,0.1745251982283818,0.17594987309298873,1.0,2.7243091578429226,2436.7236898418487,0.09800443622268401,0.2413617074286425,0.26050017914042933,0.25,2.866544600362871,4660.449018603181,7.511835548215817,5.595802944220066,9.366999727446391,1.25,3.413525870950665,2505057.6812979574,1.6235368492647853,3.0350635010667966,3.4420171929303995,0.5,3.6642696925085345,736929.4306467127,8.612301622300969,4.203930036940985,9.583567550186231,1.25,4.312961893932452,1413847.3732045952,2.2986366582158473,5.595802944220076,6.049524037231011,1.25,3.413525870950632,2505057.681297967,0.36399496926479635,3.0350635010668,3.0568125217549635,0.5,3.664269692508524,736929.4306467143,-0.09381404269897964,4.203930036940995,4.204976674144845,1.25,4.312961893932418,1413847.3732046015,0.4505897966525518,1.116506418108154,1.2040007253004827,1.0,2.583575603590163,99727.0174705999,0.09209528453418386,3.0971599719006995,3.098528914336185,1.75,2.0483140655401355,767395.0713847851,0.5727449724421948,1.588832544335512,1.688912566534297,1.0,1.5564447022180763,201951.3586383006,7.696869066035037,5.8950438371125085,9.695016001078349,1.75,3.5256501519502166,2780163.2108551045,-2.0978908280914363,3.4428338384223887,4.031656082254092,1.0,4.308642237250852,948248.396793764,8.52090786716599,4.807398709896116,9.783504138939284,1.75,4.0376791244950025,1848887.5050358668,2.54233174603506,5.895043837112545,6.419890384451768,1.75,3.525650151950219,2780163.210855138,-0.6771410180914452,3.442833838422388,3.5087924984769554,1.0,4.308642237250859,948248.3967937637,-0.22705908283396142,4.807398709896138,4.8127578562616735,1.75,4.037679124495011,1848887.5050358847,0.5629960011343543,1.2665600967631314,1.3860515776860205,1.0,2.28863554455381,128333.95831526894,-0.03895445535059732,2.4358321941694836,2.436143659094057,1.75,2.3157453477342056,474665.76051282196,0.5741732094020421,1.6879494312561032,1.7829324599863126,1.0,2.3692661568336146,227934.6215291659,4.0,ACL_10_4,ACL_10,ortho,gait_full,4.0,0.5
9.202729048186704,1.8729125165337568,9.391380262183413,1.75,2.8610457072808546,280624.18477476225,-1.4623057364011804,1.7943508178198748,2.314742517888902,1.0,1.2951162754027945,257577.02524498792,2.9622491338105563,0.980086508198163,3.120174593562588,0.5,1.6973603328171025,76846.21346882201,-0.13223209640118874,1.7943508178198766,1.7992165474810178,1.0,1.295116275402793,257577.0252449884,0.010093866813249992,1.8729125165337543,1.8729397162578523,1.75,2.8610457072808466,280624.1847747615,-0.2408750061894282,0.9800865081981615,1.0092523629691545,0.5,1.697360332817101,76846.21346882178,0.019061296606678026,0.39613872412507894,0.3965970521571904,0.75,1.376182740167196,12554.08688521837,-0.05808441595928576,0.2546787327055514,0.2612184072186281,1.75,2.204831289691817,5188.967274143083,0.04171809046843768,0.5104460373696122,0.5121479826560604,1.0,1.6611529856695266,20844.632789739822,9.948421172118168,1.8742934586331201,10.123441104037893,1.75,4.196603367479863,281038.2813601859,0.015878896297688006,1.3074860335181198,1.3075824513936314,6.0,6.717077604132897,136762.33452824745,1.0297350583619442,1.491362259028464,1.8123232818882398,1.75,3.645149857284744,177933.37609331723,0.00487917211822535,1.8742934586331026,1.8742998093675933,1.75,4.196603367479854,281038.2813601806,-0.09380266370231084,1.307486033518117,1.3108465461535106,6.0,6.717077604132896,136762.33452824692,0.2454721483619503,1.4913622590284645,1.5114291128848605,1.75,3.645149857284742,177933.37609331732,0.0821323469621801,0.31082154350731794,0.32148989770409186,0.25,2.3986582550244053,7728.857409078236,-0.007422251903749639,0.15058140504686082,0.150764217801206,5.25,4.799051658800788,1813.9883910097942,0.016227673218004855,0.2708252104114213,0.2713109507050185,2.5,3.6922226916467205,5867.712719502226,8.760751876725216,6.97832206437727,11.200346078569135,2.75,3.769971276858823,3895765.2842336837,1.9619956226516138,2.05945181891526,2.844427643259267,1.0,5.716437810018969,339307.3811873703,8.74354044052981,5.430137510321,10.292516350056257,4.5,4.299695900487841,2358912.4516184153,3.54755298672525,6.978322064377282,7.828289150753059,2.75,3.7699712768588065,3895765.2842336977,0.7024537426516239,2.0594518189152606,2.175955664759429,1.0,5.716437810018919,339307.3811873704,0.037424775529873104,5.4301375103210034,5.430266475488901,4.5,4.299695900487834,2358912.451618419,0.016669442988159196,0.5502696996284681,0.5505221273107377,2.75,4.85675441733282,24223.968148942553,-0.28143465484141417,3.620274156053955,3.6311968316159735,1.75,2.0372366477725627,1048517.0145210861,0.059542338243558035,0.8125049595521929,0.8146837419148739,1.75,2.2960887519270243,52813.23116964931,8.81522608496668,7.682387533083719,11.693044476848497,1.75,3.5637815795440324,4721527.798395243,-1.5423924825555944,3.0079943283390134,3.380385251648646,1.75,6.090306730404523,723851.5934506053,8.973147262117097,6.122979167200728,10.863160022277755,3.5,4.39403364075354,2999271.4862866136,3.6606887649667152,7.682387533083731,8.50997769929122,1.75,3.5637815795440266,4721527.7983952565,-0.12164267255560432,3.0079943283390103,3.0104529259076815,1.75,6.090306730404506,723851.5934506039,0.22518031211715134,6.1229791672007385,6.127118413654125,3.5,4.394033640753533,2999271.486286625,0.1365748956337545,0.827679794325815,0.8388721857664576,1.75,4.797253985456588,54806.092454020276,0.015932256248437807,3.431124355399313,3.43116134552188,1.75,2.038048639002757,941809.149599711,0.29344386224854924,1.376147358839913,1.4070859439044274,1.75,3.333796559349282,151509.16325548428,4.0,ACL_10_4,ACL_10,ortho,gait_full,4.0,0.5
9.21525712137573,1.8805598271277324,9.405183096382165,1.75,3.069798736739637,282922.2985818945,-1.4519837774599256,1.7161744541503967,2.248001700863504,1.0,1.4834553182285122,235621.39811090942,2.7058719053383493,0.8520000394484417,2.8368374707267834,0.5,2.2853276782378353,58073.699553729464,-0.12191013745993283,1.7161744541503987,1.720499008629159,1.0,1.4834553182285046,235621.39811090997,-0.0024342063757720658,1.8805598271277133,1.8805614025517206,1.75,3.069798736739644,282922.29858188896,-0.4972522346616334,0.8520000394484439,0.9864906751186947,0.5,2.285327678237836,58073.69955372976,-0.054277215736118455,0.3664916564271717,0.3704890691758627,1.5,1.3849509431554636,10745.32763668679,-0.10304866135885765,0.4082711365370309,0.42107522788344054,1.75,2.112823827670413,13335.017717246712,-0.05493061044126217,0.34945006767729864,0.3537410377141989,1.0,1.543062601668254,9769.26324485387,9.9380899845955,1.881522403736437,10.114630942238058,1.75,4.39087434258196,283210.2917683498,-0.016699736198394436,1.4009575023570655,1.4010570311731223,8.0,7.105507849326143,157015.10578412702,1.0387578800200348,1.57832304521401,1.8894765328940561,1.75,3.851792800924432,199288.29901927407,-0.005452015404437072,1.8815224037364178,1.8815303027679458,1.75,4.390874342581903,283210.291768344,-0.12638129619839333,1.4009575023570673,1.406646421613953,8.0,7.105507849326135,157015.10578412743,0.25449497002004184,1.5783230452140093,1.5987092683846944,1.75,3.8517928009244256,199288.29901927387,-0.03689771902125253,0.22827306533929995,0.23123588395482994,0.25,3.422637428343795,4168.687682206718,-0.011135745710299672,0.13292531113736664,0.13339094112228983,5.25,5.666462549921827,1413.5316310204669,0.0007329632904864852,0.28159579599579826,0.28159674990612454,2.75,3.9089388605664634,6343.696426611845,9.543311899747598,7.62933062769815,12.218080366514092,1.75,3.9153523697137596,4656551.788476763,1.9830039955233048,2.882614276374525,3.498824075688804,1.0,6.253907504568661,664757.8579645916,8.380603104549461,6.0817022274323636,10.354786834075334,3.5,4.422362443574879,2958973.3961753654,4.330113009747609,7.629330627698147,8.77248907117692,1.75,3.9153523697137658,4656551.7884767605,0.7234621155233094,2.882614276374522,2.9720132063898492,1.0,6.25390750456866,664757.8579645903,-0.32551256045047994,6.081702227432355,6.090407245017913,3.5,4.422362443574874,2958973.3961753566,-0.07924295728863825,0.7303589030817128,0.7346452025233485,2.75,5.000920012170962,42674.020689630845,0.057641681110213734,3.6323896284799106,3.6328469519771454,1.75,2.0921482663569697,1055543.3396941635,0.007163757248892644,0.9261327999298946,0.9261605058109028,1.75,2.6170424712539,68617.99811180099,8.729981664177046,7.635383011367825,11.597915915678636,2.75,3.6685867618321812,4663934.255818515,-1.667319836841421,2.754402786120348,3.2197344838530455,1.75,5.913142046155356,606938.8372154147,9.096789892628452,5.81358483769441,10.795802657315367,3.5,4.4555392373522045,2703823.689999711,3.5754443441770913,7.635383011367812,8.43106612407898,2.75,3.668586761832161,4663934.255818498,-0.24657002684143067,2.754402786120348,2.765417054681648,1.75,5.913142046155333,606938.8372154147,0.34882294262850605,5.813584837694408,5.8240403596106995,3.5,4.455539237352197,2703823.689999708,-0.04390409696057178,0.7449700155695944,0.7462626171983191,3.5,4.734628395991716,44398.6790669977,-0.06736255920085232,3.7486634117692836,3.74926860722459,1.75,2.046600804592659,1124200.509337883,0.06223278115299145,0.9473184323570691,0.949360380115734,1.75,2.695334878293904,71792.99850587102,4.0,ACL_10_4,ACL_10,ortho,gait_full,4.0,0.5
8.947125304316604,1.8408410499847485,9.134535947843842,1.75,2.727966443001991,271095.82061633747,-1.8391077050325741,1.7416996958330337,2.5329498576116865,1.0,1.5477785405816722,242682.5843983193,3.6590649873975063,1.1581957741052737,3.837990884975319,0.25,1.1415435994773626,107313.45733066756,-0.36880351503258246,1.7416996958330344,1.780318472399046,1.0,1.5477785405816795,242682.58439831945,-0.1038546643166546,1.840841049984755,1.843768305023519,1.75,2.727966443001983,271095.8206163395,-0.5131437176024687,1.1581957741052746,1.266780930575685,0.25,1.1415435994773524,107313.4573306677,0.06523384685034023,0.3747768217373097,0.38041177805952964,1.0,1.176132227621986,11236.614290467143,0.0012846203644246402,0.27300386045705527,0.27300688283253227,1.75,1.9574778629170944,5962.53331517789,0.03920746845629781,0.26673749446456363,0.2696036285660575,0.75,1.9328429501255433,5692.001138159345,9.976071982100525,1.8638136212279497,10.148685304349817,1.75,4.072609478995561,277904.10377145297,0.04202655952703489,1.408161932595941,1.4087889338428288,6.25,6.635814627852485,158633.63777523788,0.9807113771664184,1.629137667042126,1.9015478809325614,1.75,3.596758257111804,212327.59134177197,0.03920405210056828,1.8638136212279455,1.8642258909198561,1.75,4.072609478995642,277904.1037714517,-0.10670239547296384,1.4081619325959422,1.4121987925260409,6.25,6.63581462785248,158633.63777523817,0.12724144716642027,1.6291376670421276,1.6340991169609238,1.75,3.5967582571118273,212327.59134177232,0.036209774105978136,0.24556105655472993,0.24821639800198783,0.25,3.3525346587620453,4824.02419837275,0.0016938611508617197,0.14954135879034178,0.14955095170028218,3.5,4.343063187221861,1789.0103891487006,0.004637476440591148,0.27862589445899644,0.2786644850906065,2.75,3.8615422794760064,6210.591462473132,8.767841013848837,7.198555778669343,11.344348431829111,2.75,3.724668278536335,4145559.1962009566,1.7837697121348741,2.791290024883475,3.3125721711298186,1.0,6.320122901759566,623314.0942704618,8.978054253631127,5.562486024286206,10.561567542345376,4.5,4.471607739759951,2475311.3832179927,3.5077367188488635,7.19855577866933,8.007710171289554,2.75,3.7246682785363494,4145559.1962009394,0.5488170321348852,2.7912900248834718,2.8447319975307543,1.0,6.320122901759561,623314.0942704604,0.3134119286311641,5.562486024286196,5.571308446620736,4.5,4.471607739759931,2475311.383217985,-0.07462069232088533,0.8389771232701737,0.8422890602953029,3.75,4.709669501436918,56310.82237971063,-0.34307244544171106,3.562153523646446,3.5786361129413744,1.75,1.9501935092736817,1015116.7134330573,0.031643131900020084,1.0875879723098154,1.0880481999017404,1.75,2.7404659489769667,94627.81512803605,8.61606279322433,8.134392614495644,11.84925657007839,1.75,3.4827480542582165,5293470.382873417,-1.9263598494107481,3.0763998625420013,3.6297518349978475,1.0,6.6350069867005494,757140.9684946797,9.180553850565472,6.459237114022806,11.225164279345856,1.75,4.524035268839613,3337742.5029062424,3.4028402982243535,8.134392614495631,8.81746365470143,1.75,3.4827480542582214,5293470.382873402,-0.4175593594107565,3.0763998625420066,3.104608177029751,1.0,6.635006986700533,757140.9684946826,0.48602798056552643,6.459237114022794,6.477496992902592,1.75,4.524035268839607,3337742.502906229,0.0032303023666039763,0.6175836914247501,0.6175921394959627,7.25,5.472636885658974,30512.77132257889,-0.014212559448634221,3.456306367336418,3.456335588703207,1.75,2.0865441569463563,955684.4597376498,0.08673888649727565,0.9313263090347955,0.9353567919949919,1.75,2.689035391394722,69389.49552530405,4.0,ACL_10_5,ACL_10,ortho,gait_full,4.0,0.5
8.76411823869973,1.8691908766684349,8.961229995671898,1.75,3.0210691449575013,279510.17412559054,-1.5779173912232367,1.6397474469462658,2.2756526499647394,1.0,1.643019649654619,215102.13968525638,4.122649199395273,0.7581962047711839,4.19178934420659,1.75,2.5913645713382936,45988.92311407508,-0.10761320122324557,1.6397474469462687,1.643274867709088,1.0,1.6430196496546245,215102.13968525713,0.07915240130021578,1.8691908766684493,1.8708660123194703,1.75,3.021069144957515,279510.1741255949,-0.04955950560469706,0.7581962047711855,0.7598142072409619,1.75,2.5913645713382665,45988.92311407528,0.09935665616105073,0.34542986302778006,0.3594350224934907,1.0,1.2903288842140086,9545.743521624532,-0.03677505704870843,0.20722846775335652,0.21046625066347258,1.75,2.4955532998376593,3435.492314163371,0.004623284915320827,0.3054593379403817,0.3054943238398785,1.0,1.8131903866261727,7464.483605665231,9.923843015482738,1.9655066537028028,10.116613890116373,1.75,4.2475335421002525,309057.33501442504,0.0927575394630874,1.4418647415201578,1.4448452837470998,8.0,7.2287887167349085,166318.39478749508,0.9709113091461606,1.633748809268184,1.900474662291797,1.75,3.7876467162717957,213530.83087058738,-0.013024914517203915,1.9655066537028099,1.9655498096329682,1.75,4.247533542100328,309057.3350144273,-0.05597141553690989,1.44186474152016,1.4429507033146363,8.0,7.228788716734909,166318.3947874956,0.11744137914616384,1.6337488092681864,1.6379644835346614,1.75,3.787646716271803,213530.83087058802,0.05861894161740191,0.2247621848171875,0.23228047709641875,0.25,3.8336993891976667,4041.454741444487,-0.004339642348849409,0.13410553407058165,0.13417573090567408,3.5,5.581471662371428,1438.7440745040062,0.005674911307479635,0.2950886149368645,0.29514317759979625,2.75,4.0637707365872595,6966.187248493308,9.69986338942679,7.931606010305059,12.52987325060591,2.75,3.7602966971861314,5032830.768549585,1.7079389857415401,2.944258801503533,3.4037795858790356,8.0,6.528633757621556,693494.6720394046,8.413883730347674,6.425776077107034,10.5869749041419,4.5,4.5990048137864585,3303248.3563427897,4.439759094426828,7.931606010305055,9.089655368563376,2.75,3.760296697186123,5032830.768549578,0.47298630574155437,2.9442588015035294,2.9820087081781033,8.0,6.528633757621515,693494.6720394026,-0.2507585946522901,6.425776077107033,6.430667000079621,4.5,4.599004813786436,3303248.356342789,-0.016765988371523443,0.8954139419512435,0.8955708937916299,2.75,4.838174996070021,64141.30700077042,0.08507767853670362,3.691606543621642,3.6925867741050205,1.75,2.1130024555909075,1090240.4208471477,-0.004619566686537224,0.9081152556753441,0.9081270054274716,1.75,2.70669477282047,65974.04581729393,8.879422973953256,7.814473119621423,11.828361783765944,2.75,3.839161925820439,4885309.202811163,-2.064744282775055,3.14333233759545,3.7608120317061253,1.0,6.22561424699073,790448.2075161382,9.294815236680149,5.864718261554971,10.990382639901025,4.5,4.36166295530432,2751595.309048873,3.6662004789533005,7.814473119621435,8.631744672380165,2.75,3.839161925820451,4885309.202811177,-0.5559437927750647,3.1433323375954503,3.192117116475898,1.0,6.225614246990719,790448.2075161383,0.6002893666801987,5.864718261554962,5.895359837292849,4.5,4.361662955304296,2751595.3090488645,-0.013536571806983427,0.631545735978086,0.6316907909795646,3.5,5.469335437488829,31908.023979545596,-0.04234256569123777,3.8156686606194756,3.8159035916153514,1.75,2.0498910485638286,1164749.070280112,0.072859226005468,0.9940826719225576,0.9967491286330814,1.75,2.704993393054592,79056.63454807045,4.0,ACL_10_5,ACL_10,ortho,gait_full,4.0,0.5
9.046757490434482,1.459971935474429,9.163805931113194,1.75,3.278220204017609,170521.62199299835,-1.8271896853991034,1.390303590869075,2.2959891596460813,0.75,1.794175364137174,154637.69956800615,3.227161671902777,0.9404636477879971,3.361405112361352,0.25,1.4532332943371686,70757.79246561558,-0.3568854953991149,1.390303590869077,1.435378462848639,0.75,1.7941753641371696,154637.69956800656,-0.20348685043452377,1.4599719354744352,1.4740844448920591,1.75,3.2782202040176696,170521.62199299978,-0.9450470330971943,0.9404636477880022,1.333261327563552,0.25,1.453233294337168,70757.79246561637,0.6896584577864935,0.892437486614681,1.127862339078477,0.25,0.5718736664213726,63715.639014035994,-0.13011395342736132,0.2042109640068819,0.24213995683719275,1.0,1.8411372977274432,3336.183236695822,0.18552282332082848,0.4168517477130366,0.45627195568470397,0.25,1.073619567744584,13901.296480097108,9.89277895043462,1.5176491004274355,10.008513084079498,1.75,4.543409356416201,184260.76393555067,0.29351424719135794,1.4165222860194064,1.4466119037578653,0.75,4.0653981866875615,160522.8553181445,1.0277256101205223,1.2031557365571894,1.5823411945936543,1.75,3.5461301894817234,115806.86298937259,-0.04408897956531703,1.5176491004274526,1.5182893762874607,1.75,4.543409356416216,184260.7639355548,0.1447852921913596,1.4165222860194113,1.4239024431556386,0.75,4.065398186687581,160522.8553181456,0.174255680120529,1.2031557365571894,1.2157091627789687,1.75,3.546130189481696,115806.86298937256,0.7142001505422506,0.9407550781107359,1.1811443485136397,0.25,0.6087086957204718,70801.73979024951,0.01669344513869624,0.1549477561082901,0.1558444039213241,0.25,3.811588948366328,1920.7046089444543,0.07925417547568409,0.2638346906189307,0.27548133930325924,2.5,3.347903357835316,5568.720261308652,8.309747988832688,6.600980406763402,10.612485758218158,2.5,3.632980252915352,3485856.534231508,1.291699284692769,3.680023931797714,3.900136302833494,1.0,5.304791090664851,1083416.5742101383,8.233521800538703,5.061789994071251,9.665019357664317,4.25,4.611709710872193,2049749.171935495,3.0496436938327154,6.600980406763394,7.271400758437668,2.5,3.632980252915351,3485856.5342314993,0.05674660469278198,3.680023931797719,3.680461427015382,1.0,5.304791090664889,1083416.574210141,-0.4311205244612513,5.061789994071256,5.080116420978128,4.25,4.611709710872161,2049749.171935499,0.37083238508050054,1.2684006461342359,1.3214979594907588,0.75,3.1594517883409927,128707.36979196584,0.4552900588782951,2.97178153496974,3.0064554760216398,1.75,1.9306364324360086,706520.5545580492,0.5171432194792376,1.7663520726298134,1.840499050240719,0.75,1.68430920794925,249599.9845068522,7.954151572062474,6.000177298161931,9.963466005398008,1.75,3.494610302780659,2880178.2971050884,-2.8300306689795893,3.722645294789897,4.676233695848233,1.5,3.702473837512884,1108653.4491235872,8.464878727310689,4.60104245260132,9.634508992092778,3.5,4.083164878115495,1693570.001376921,2.740929077062522,6.000177298161959,6.596576370729361,1.75,3.4946103027806363,2880178.297105116,-1.3212301789795942,3.7226452947898956,3.9501566015371847,1.5,3.702473837512885,1108653.4491235865,-0.22964714268926087,4.601042452601325,4.606769959612152,3.5,4.08316487811547,1693570.0013769248,0.46142989963398934,1.3468593012767123,1.4237090748154366,1.0,2.393051568582425,145123.3707674032,-0.14716330631113878,2.9253600506807436,2.929059313985169,1.75,1.9411389747553103,684618.5141775606,0.3340609292967565,1.420818134683036,1.4595618782109905,1.0,3.3303694835067277,161505.8693279797,4.0,ACL_10_5,ACL_10,ortho,gait_full,4.0,0.5
9.148832713295356,1.4591422332436084,9.264460916464508,1.75,3.0180836390833843,170327.6864529913,-1.6527165271060815,1.4767685352348274,2.216374793582801,1.0,1.3115585108670702,174467.96193520245,3.039213720470883,0.8888843214102671,3.1665336529946213,0.25,1.5742021884993258,63209.23760045808,-0.18241233710609278,1.4767685352348292,1.4879917900943305,1.0,1.3115585108670689,174467.96193520285,-0.3055620732954027,1.4591422332436095,1.490793157172293,1.75,3.0180836390834,170327.68645299153,-1.1329949845290932,0.8888843214102679,1.4400670025443514,0.25,1.5742021884993587,63209.2376004582,0.7149720189613166,0.9171156556401349,1.1628783744303854,0.25,0.5474863497499161,67288.09150178905,-0.1275623075331883,0.21059684514873037,0.24621773593669086,0.5,1.587542214658439,3548.0826567985696,0.21726506306113905,0.48099125588211256,0.5277847059758483,0.25,1.0955231146661644,18508.240269081576,9.889401914266879,1.5694066988943707,10.013156725450767,1.75,4.295450765375528,197043.1414929137,0.3224152643673202,1.3482803439912956,1.386294156624176,0.75,4.171959317975089,145429.1893258837,1.0682484857171528,1.2269029965452736,1.626790026453556,1.75,3.2473467548608057,120423.33925829075,-0.047466015733060536,1.5694066988943798,1.5701243292122204,1.75,4.295450765375526,197043.141492916,0.17368630936732068,1.3482803439913011,1.359421501983451,0.75,4.171959317975104,145429.1893258849,0.21477855571715923,1.2269029965452714,1.2455604324671345,1.75,3.247346754860805,120423.33925829029,0.7961383864003544,0.8938112913261083,1.196969070110922,0.25,0.5304407915191486,63911.93493834575,0.007289955898171045,0.16059287111389817,0.16075824616361795,1.0,3.441468340230437,2063.2192485040187,0.10001796185739993,0.25829072067246833,0.2769795824237075,2.75,3.2328514456604123,5337.156895195347,8.072579698792602,6.21850585371661,10.190012661722568,2.75,3.866709189874221,3093630.1936775977,1.5990749020522221,3.6363853572282436,3.9724474834335197,0.5,4.6990716100971754,1057863.883635753,8.726196250560546,4.328731312243015,9.740863194650156,3.5,4.062019694683669,1499036.2649509497,2.8124754037926225,6.2185058537166,6.82494197408638,2.75,3.866709189874244,3093630.1936775874,0.36412222205223144,3.6363853572282476,3.6545702153408226,0.5,4.69907161009722,1057863.8836357552,0.061553925560601214,4.3287313122430096,4.329168934027062,3.5,4.062019694683672,1499036.2649509464,0.45829525252906494,1.2285102249808726,1.3112100942919993,1.0,3.218781767657785,120739.04796904881,0.19133244025132934,3.327166486033863,3.332663338604644,1.75,2.0434699395200786,885606.8828783529,0.5447615942689784,1.739467107503845,1.8227756342123604,1.0,1.6866426872174394,242060.2419635156,8.141572165802465,6.497413557812897,10.416409183217617,1.75,3.6400016542165523,3377341.1078076176,-2.6480483476892687,4.014406253302987,4.809118174702924,1.0,4.199276418922301,1289242.5200870493,8.300842501139392,5.313634741751202,9.855896732285068,1.75,4.150159420894136,2258778.206702539,2.928349670802491,6.497413557812892,7.12682360773296,1.75,3.640001654216557,3377341.107807612,-1.1392478576892808,4.0144062533029885,4.172929815825777,1.0,4.199276418922288,1289242.5200870507,-0.3936833688605647,5.313634741751201,5.328198641535689,1.75,4.150159420894155,2258778.206702538,0.6008570301782765,1.369421226970197,1.4954409609179553,1.0,2.342331477584406,150025.19807929333,-0.07295719665030755,2.58087853646025,2.5819095205882547,1.75,2.2949627834999733,532878.4018176568,0.5426680392080485,1.7025281633253806,1.7869221437135985,1.0,2.555904492909521,231888.77428645562,4.0,ACL_10_5,ACL_10,ortho,gait_full,4.0,0.5
9.169272470794436,1.9020087255847786,9.364464471386995,1.75,2.933251931890486,289411.3895359348,-1.308854020804969,1.747356377066447,2.183197919624355,1.0,1.5911527845901132,244262.37371114836,3.251305797835312,0.7799755992674922,3.3435536972643636,0.25,2.8071931171812636,48669.42245217081,0.1614501691950205,1.747356377066448,1.754799266471206,1.0,1.5911527845901174,244262.3737111486,-0.3260018307944982,1.902008725584782,1.929744642661824,1.75,2.933251931890491,289411.38953593577,-0.9209029071646659,0.7799755992674933,1.206823972200179,0.25,2.8071931171812885,48669.42245217094,0.025011764283429674,0.3882666453678996,0.38907142822085017,0.75,1.1970286915357755,12060.119203502141,-0.01525999641304339,0.20256466630779726,0.20313865099216188,0.75,2.414701502446406,3282.60135410078,0.04570618494575896,0.43262385139944404,0.4350315530418272,1.0,1.3492271167308894,14973.073767578859,9.976239434223615,1.9927522740665915,10.17331877386902,1.75,4.349924130714307,317685.9194839164,0.0838584356461155,1.159065150588349,1.162094772614267,1.0,6.642986379390318,107474.79994109669,0.9589219370311437,1.488124756284868,1.7703238606502083,1.75,3.5565938555444543,177161.23061011336,0.03937150422367695,1.992752274066577,1.9931411744134806,1.75,4.349924130714289,317685.91948391165,-0.06487051935388333,1.1590651505883496,1.160879066737632,1.0,6.642986379390314,107474.79994109682,0.10545200703115004,1.4881247562848672,1.4918563657587123,1.75,3.5565938555444676,177161.23061011315,0.05654086116838067,0.28494882224823187,0.2905042173227724,0.25,3.0255083562241385,6495.909789584043,-0.019403669705660164,0.15269270991913203,0.15392064858391988,5.5,5.869789891760597,1865.2074557361943,0.013085661202837188,0.2681849284018102,0.26850398572646833,2.75,3.814521679332794,5753.89168415594,9.108044450213134,7.458901082230773,11.772496721662812,2.75,3.8150198871190852,4450816.45010153,2.298121049646985,2.796234465382493,3.6194319366750736,8.25,6.8923916257383135,625516.7712125698,8.956621249956127,5.8076609859427135,10.674736078367781,4.5,4.242923975825123,2698314.73717761,3.8479401552131676,7.458901082230778,8.392964243496179,2.75,3.815019887119064,4450816.450101537,1.0631683696469916,2.796234465382495,2.9915304055969028,8.25,6.892391625738317,625516.7712125707,0.29197892495618827,5.8076609859427055,5.81499594327112,4.5,4.2429239758251605,2698314.7371776025,-0.03129072356257056,0.7055890901798924,0.7062825734519842,2.75,5.065847700839845,39828.52451788327,-0.250996753319058,3.8973480008711783,3.905421975929269,1.75,2.0959577144464587,1215149.020911044,0.03223325045638353,1.0013655482592219,1.0018841967390624,1.75,2.500884622419742,80218.76335643895,9.037488307636842,7.856093830706638,11.974740297289939,1.75,3.477979973012792,4937462.254003651,-1.4394858358525866,3.1894078474424012,3.4992058940490183,1.0,7.190175019981752,813794.59190959,9.13041507667609,6.575872920220179,11.251959124316047,4.5,4.693323895797225,3459369.987557702,3.82426581263686,7.856093830706623,8.737460688470634,1.75,3.4779799730127947,4937462.254003634,0.06931465414739366,3.189407847442407,3.1901609581033337,1.0,7.190175019981704,813794.5919095927,0.435889206676133,6.575872920220175,6.590303791433424,4.5,4.693323895797213,3459369.9875576976,0.08691314559225496,0.7781407976592993,0.7829795628613757,1.75,4.976896238108194,48441.46814720074,0.025867852328599242,3.5721813468515355,3.572275006291949,1.75,2.0800705715054906,1020838.3770935901,0.287865586327835,1.3790365112957501,1.4087612626980561,1.75,3.517855591021961,152146.9741474871,4.0,ACL_10_5,ACL_10,ortho,gait_full,4.0,0.5
9.362286152294278,1.9407074074828823,9.561315141699918,1.75,2.928599942478033,301307.819070176,-1.2047621767947618,1.7852810227637506,2.1537595578141113,1.0,1.3200860154510767,254978.64860585463,2.4048534734348634,1.2988516183696153,2.733191496260936,0.25,1.2074569979992824,134961.3593871472,0.26554201320522663,1.7852810227637512,1.8049212977350206,1.0,1.3200860154510783,254978.6486058548,-0.519015512294335,1.9407074074828747,2.0089107355631937,1.75,2.9285999424780265,301307.8190701736,-1.7673552315651149,1.298851618369617,2.193298894606468,0.25,1.2074569979992889,134961.35938714765,-0.044681654780875754,0.369667874592982,0.37235841306468426,1.0,1.3702433832270564,10932.364941210522,-0.048437112810325374,0.3064872238241142,0.31029110890390144,1.0,1.8660265221444494,7514.777802563109,-0.026012847152760036,0.3872170665365961,0.38808984118912404,1.0,1.3946720315138599,11994.973717744857,9.981097350986666,2.0269271575001726,10.184828817004476,1.75,4.438402878815605,328674.83683658176,-0.035271655660549864,1.263179642554816,1.2636719902957212,1.0,6.80098005170715,127650.06186419234,0.816769168861403,1.5051088782139825,1.7124440459416772,1.75,3.8280236848567495,181228.31596483206,0.044229420986729134,2.026927157500158,2.02740966346037,1.75,4.438402878815581,328674.8368365769,-0.18400061066054874,1.2631796425548145,1.2765104911783387,1.0,6.800980051707165,127650.06186419199,-0.03670076113859057,1.5051088782139832,1.5055562696713487,1.75,3.8280236848567535,181228.31596483215,-0.03055659907030217,0.22478006053524444,0.22684748480195088,1.0,3.5230231180456872,4042.0967005029706,-0.012930987653058919,0.15560659838937277,0.15614295982846974,7.25,6.859328920901567,1937.0882424003973,-0.00524084186152191,0.2742886491241138,0.27433871302050816,2.75,3.898627922052079,6018.772631788498,9.348970660750076,7.409084546782714,11.928863576927188,2.75,4.129672606161143,4391608.719549398,2.0130897117360305,2.8116274535418797,3.4580021869582227,1.0,7.181757229315274,632419.9275803396,8.462829978389829,6.066150395665921,10.412380701163947,3.5,4.3588025339222805,2943857.7534524463,4.08886636575011,7.4090845467827195,8.462467842085843,2.75,4.129672606161129,4391608.719549405,0.778137031736034,2.8116274535418877,2.917318319564975,1.0,7.18175722931532,632419.9275803433,-0.2018123466101054,6.066150395665923,6.069506474671734,3.5,4.358802533922302,2943857.7534524472,-0.12159970889359503,0.7003917209478524,0.7108692228358895,1.75,4.879113287417019,39243.94839293027,-0.07181745490253398,3.631135263141651,3.6318454050330207,1.75,2.0495697512877125,1054815.1886488865,0.02435026221551058,1.0832577874917193,1.0835314344454523,1.75,2.441289773531063,93876.38938871285,9.079709035460699,7.454471214951662,11.747776694471579,2.75,3.587044433917362,4445539.970533102,-1.65604831826169,3.0124926561805228,3.4376748007859836,10.75,6.859319944041097,726008.972420713,9.228996586321172,6.018967998100294,11.018273628499307,4.5,4.797995950001558,2898238.0699949376,3.8664865404607256,7.454471214951658,8.397550789492541,2.75,3.587044433917344,4445539.970533096,-0.14724782826170543,3.012492656180519,3.0160891774729324,10.75,6.859319944041064,726008.9724207114,0.5344707163212264,6.018967998100292,6.042651297961878,4.5,4.797995950001557,2898238.0699949358,-0.07697766266168951,0.749187559182145,0.7531318339986411,3.5,4.881378303362839,44902.784185654746,0.019869855447873046,3.89260236311766,3.8926530757960838,1.75,2.0640497117146803,1212189.788281343,0.12927845970361748,0.988944944188776,0.9973590240128583,1.75,2.594521881068129,78241.65837068508,4.0,ACL_10_5,ACL_10,ortho,gait_full,4.0,0.5
9.326946861488315,1.8011589780901336,9.499268994053248,1.5,2.031198375443552,259534.09019582625,-0.515445714589685,1.1197796063380803,1.2327167766602096,0.75,1.5472155952177586,100312.5097565993,2.8522519793583228,0.9332107168380619,3.0010370867043417,0.25,1.3428082783219688,69670.67067350257,0.39551701541030954,1.1197796063380796,1.1875773980039126,0.75,1.5472155952177573,100312.50975659913,0.002032303511624054,1.801158978090132,1.8011601246452944,1.5,2.0311983754435556,259534.09019582585,-0.1445500406416601,0.9332107168380622,0.9443394285271136,0.25,1.342808278321968,69670.6706735026,0.039306665073145855,0.16837057327995023,0.17289784228205846,0.75,2.102064228241966,2267.897061019543,0.05002990173185748,0.24001914694787455,0.24517785782750592,2.5,2.2652154781851777,4608.755600898153,0.011134454946020375,0.14699159295453162,0.14741270123790443,0.75,1.8117013075065136,1728.5446024266344,9.784861827665258,1.721798983589275,9.935195656170528,1.5,2.2555552623615918,237167.3416621492,0.29080472686272985,1.3654858521761557,1.3961085207314468,0.75,5.681344259941003,149164.17049413436,1.749794479103533,2.106565941837136,2.738503384407144,1.5,2.2938630280545316,355009.6289427033,-0.15145952733467938,1.7217989835892746,1.7284477800354583,1.5,2.2555552623615935,237167.341662149,-0.07923782313726736,1.3654858521761524,1.3677829671072694,0.75,5.6813442599409765,149164.17049413364,1.5631612141035327,2.1065659418371325,2.6231837618790257,1.5,2.293863028054532,355009.6289427024,0.00830331540599289,0.47516599970997603,0.4752385425521717,0.75,2.0596522133660096,18062.67646900208,-0.009051435088138073,0.1994252993688661,0.19963060513237102,1.75,4.4769438578621035,3181.668294471315,-0.012033116187603641,0.19701426733059763,0.19738140088923412,2.5,2.5949002757465265,3105.177618853853,9.161551607813326,6.320944310269578,11.130515030139273,0.75,3.5853613835023297,3196346.9694269625,0.8455451136405924,4.274670838567541,4.35749438522888,0.75,6.378247810231287,1461825.012197955,9.144616686678605,6.01559721082574,10.94584049532859,4.0,4.335176445476962,2894992.8012713087,4.015094807813357,6.320944310269583,7.488345831307419,0.75,3.5853613835023452,3196346.969426969,-0.5078123613593953,4.274670838567545,4.304728118296109,0.75,6.378247810231276,1461825.0121979567,0.40686109667864784,6.01559721082575,6.029340407945557,4.0,4.335176445476947,2894992.801271318,0.11314734877138587,1.4569199530154608,1.461306973920458,1.75,2.8396918678914815,169809.26335665304,-0.09141597751263425,3.453194393423743,3.454404203291468,1.5,1.9720726592836098,953964.1250901978,-0.05560758682644728,1.1235728458318093,1.1249480626247825,0.75,2.586032993488199,100993.27757170085,8.13631579099793,4.788545990876233,9.4408584015215,1.75,3.6994547459589846,1834454.1207461597,-2.0698263824811223,3.1599913314477748,3.777529148589057,0.75,3.1276974545323397,798850.814649056,9.02132029791645,4.285128046560634,9.987319074357236,0.75,3.6056133089309497,1468989.9959195387,2.7222440059979625,4.7885459908762495,5.508247011067027,1.75,3.699454745959003,1834454.1207461723,-0.18731991248113034,3.1599913314477717,3.1655384951753467,0.75,3.1276974545323495,798850.8146490544,0.5447174879164983,4.285128046560621,4.319611037704958,0.75,3.605613308930944,1468989.9959195298,-0.141345939018673,0.6465097808604875,0.6617806065648539,1.5,3.155308135319737,33438.43814731743,0.022894524202914893,2.5494306981611707,2.5495334953604813,0.75,1.8222482969037934,519968.888336649,-0.004241686281143877,0.9956063656491384,0.9956154012587359,1.5,2.8519449811563873,79299.27878644827,4.0,ACL_11_1,ACL_11,ortho,gait_full,4.0,0.5
9.0994524911273,1.7599683661775276,9.26809172851825,1.75,2.2499338957447854,247800.58979454025,-0.5175905102605012,1.1543678078445079,1.2650948470764791,0.75,1.749980584406077,106605.56075113862,3.5449914699132647,0.8360715938202401,3.642249336845423,0.25,2.1387998249775535,55922.24094874406,0.393372219739493,1.1543678078445083,1.2195518599266337,0.75,1.749980584406078,106605.56075113874,0.2295266738726461,1.7599683661775292,1.7748721486249766,1.75,2.2499338957448076,247800.58979454063,0.5481894499132806,0.8360715938202409,0.9997636635672168,0.25,2.1387998249775975,55922.24094874417,0.06461596197829796,0.1629914214470699,0.17533233018390307,0.75,2.233125969399957,2125.2976535317416,0.026868332112585946,0.22450894181016817,0.22611097324816787,2.5,2.7290697687997962,4032.3620998159645,-0.014020863012432421,0.15905363480337853,0.15967042100458026,0.75,1.458220616726442,2023.8535595572557,9.791623177670708,1.8109235070773686,9.95767685768039,1.75,2.670311039571532,262358.5237903594,0.37147088094686603,1.3260468981998212,1.3770951280201407,2.5,5.59180260523384,140672.1210270365,1.5292942730022292,2.1041284350136524,2.6011723211795132,1.5,2.3262781068473894,354189.08858805377,-0.14469817732923493,1.8109235070773724,1.8166952168726085,1.75,2.6703110395715535,262358.52379036037,0.0014283309468694095,1.3260468981998197,1.3260476674519122,2.5,5.591802605233809,140672.12102703616,1.3426610080022316,2.1041284350136538,2.4960158359759212,1.5,2.3262781068473926,354189.0885880541,0.037378732902139375,0.49339328861645304,0.494807141142009,0.75,2.0894569669153062,19474.997685835104,-0.018844706289937695,0.21337947181615544,0.21420999497618098,1.75,3.944019343100023,3642.4683531566016,0.020560719440824923,0.18469934265658966,0.18584022805006625,2.5,3.0174360177214936,2729.108288024484,9.751094896080817,7.031665489787379,12.021986991867866,0.75,3.7085014507354552,3955554.487070005,0.656001156770261,4.630226057772747,4.676465638039231,0.75,6.075929240001455,1715119.4702295056,9.188617431473169,6.469971830807042,11.237936901113532,4.0,4.368150122695141,3348844.177180925,4.604638096080858,7.0316654897874,8.405177663568226,0.75,3.708501450735477,3955554.4870700296,-0.6973563182297308,4.6302260577727505,4.682445854535076,0.75,6.075929240001456,1715119.470229509,0.4508618414732183,6.469971830807052,6.485662024152459,4.0,4.368150122695146,3348844.1771809356,0.33658213959243766,1.6288626282166891,1.663274180131948,3.25,3.003389130509432,212257.67982800433,0.1681042864784466,3.841226984825529,3.844903613887382,1.75,2.1547251003329295,1180414.6450708408,-0.11166964472851124,1.1654353335007432,1.1707730890850627,0.75,2.4265316193514117,108659.24881567546,8.689962316851362,5.159474172577846,10.106216839440687,0.75,3.3146202734239925,2129613.9391917484,-1.7582433460166038,3.142098751253009,3.600583872990238,0.75,2.171745271718989,789822.7681888794,8.918833446092737,4.709284459519946,10.085779600993593,4.0,3.3879105369386147,1774188.9263874453,3.2758905318514078,5.159474172577861,6.111598196394433,0.75,3.3146202734239787,2129613.939191761,0.12426312398338332,3.1420987512530014,3.144554958433352,0.75,2.1717452717189887,789822.7681888752,0.44223063609277974,4.70928445951994,4.730002965768102,4.0,3.3879105369386173,1774188.9263874406,-0.09792475332593455,0.7673719608711373,0.773594844634554,1.75,2.5649663930992865,47108.81773222496,-0.07466311655497596,2.7233074259964365,2.7243307283553215,1.75,1.881084391178627,593312.4275885795,0.031957756558703435,1.00716905249089,1.007675939228313,1.5,2.0071181523313806,81151.22257541474,4.0,ACL_11_1,ACL_11,ortho,gait_full,4.0,0.5
9.375798331822496,1.435144900243712,9.485000539994768,1.5,2.3943321380177127,164771.42177107363,-0.3708682031523458,1.4432094273782432,1.4900995521718965,0.75,1.5341123694931735,166628.2829792509,3.0462776900096866,1.4721166013871374,3.3833319453950073,0.5,1.0960145947808855,173370.18393237406,0.5400945268476481,1.4432094273782436,1.5409592951159428,0.75,1.5341123694931704,166628.28297925106,-0.046819166822539414,1.4351449002437087,1.435908395085662,1.5,2.3943321380177127,164771.42177107287,0.049475670009700996,1.472116601387135,1.4729477689322583,0.5,1.0960145947808955,173370.18393237347,0.7222602489444562,1.082430975912689,1.301275022745232,0.25,0.5025230227872743,93732.5875226098,-0.05945704682598276,0.22989499002641006,0.23745914776337906,0.5,2.6383749282774076,4228.168251819573,0.19271345548104268,0.3289338529188361,0.38122953127935183,0.25,0.6024779538485251,8655.798824175288,9.912830730669436,1.5364592567675113,10.031197343418729,1.5,2.6762732752878677,188856.59119329895,0.3355468626852961,1.3671489417801599,1.4077243785871423,0.75,4.863744252963827,149527.7013585912,1.5610806565423945,1.7259607811063755,2.3272115146991177,1.5,2.277590174646409,238315.53287447375,-0.023490624330513618,1.5364592567675073,1.5366388180499664,1.5,2.6762732752878287,188856.59119329794,-0.03449568731470148,1.3671489417801568,1.3675840674173987,0.75,4.863744252963815,149527.7013585905,1.3744473915423967,1.7259607811063775,2.2063649403566568,1.5,2.277590174646417,238315.5328744742,0.7273609326968815,1.063733539982098,1.2886360892418474,0.25,0.6518145885383032,90522.43307029258,0.038063479752203803,0.2509089502026437,0.2537796874902307,0.5,2.682657261788059,5036.451775431711,0.15773740047872573,0.334563701439725,0.36988370852314567,0.25,1.2578116156903452,8954.63818792998,7.87381391859075,5.709192519016194,9.725832861189005,0.75,3.3402930480025796,2607590.339390509,1.0063931426610204,3.673771135840138,3.8091234577166526,4.75,5.6695410170151295,1079727.5498447914,9.14177829975476,4.977954507269579,10.409233476020823,4.0,4.174313196264727,1982402.4862953722,2.7273571185907888,5.709192519016208,6.3271917998049085,0.75,3.34029304800259,2607590.3393905214,-0.34696433233896834,3.673771135840143,3.6901190504437116,4.75,5.669541017015149,1079727.5498447942,0.40402270975481114,4.977954507269574,4.994323320174925,4.0,4.174313196264734,1982402.486295368,0.6014494221696743,1.7685282447281032,1.8680025588390667,0.75,1.6319676440062212,250215.3727490809,-0.18201265952098022,3.073025085085713,3.0784105934381065,1.5,1.9338537751125877,755478.6539747675,0.40464203864012727,1.3854871133542321,1.443367493296659,0.25,1.6975507245706312,153565.96485811024,7.963077631449535,4.857842600457188,9.32787436103792,0.75,3.5341044845730494,1887916.0590951014,-1.578563649630521,2.6194054408193783,3.0582916897066887,0.75,3.9334272435912037,548911.1374955582,8.709264841285382,4.446924702329248,9.778876897877169,1.5,3.8052030615774104,1582016.545954039,2.549005846449579,4.857842600457197,5.485988109361053,0.75,3.5341044845730543,1887916.0590951082,0.3039428203694634,2.6194054408193708,2.6369804893946913,0.75,3.9334272435911966,548911.1374955548,0.23266203128543148,4.446924702329253,4.453006953619989,1.5,3.805203061577439,1582016.545954042,0.3446498968966952,1.232362438072223,1.279648674520556,0.25,1.662843744919873,121497.48579144396,-0.17304660943944541,2.263468655276545,2.2700738936118134,1.5,1.9478045465214822,409863.230361929,0.598045709246788,1.4899318822765102,1.605476777836577,0.75,1.6479552862667692,177591.8390897766,4.0,ACL_11_1,ACL_11,ortho,gait_full,4.0,0.5
9.327182589655944,1.2751823993566387,9.413948439013776,1.75,2.614975320631124,130088.56871640631,-0.31828605057925247,1.391095711167886,1.4270435479070094,0.75,1.5434766351292986,154811.9551545653,3.084391733211413,1.4557751072235479,3.4106822670419827,0.25,1.113828484946117,169542.78754176988,0.5926766794207413,1.3910957111678846,1.512088927265483,0.75,1.5434766351292926,154811.95515456505,0.0017965753440080156,1.2751823993566453,1.2751836649329924,1.75,2.61497532063113,130088.56871640772,0.08758971321142842,1.455775107223545,1.4584077347135074,0.25,1.1138284849461229,169542.7875417692,0.7270487596489956,1.0780779758162948,1.3003276590334079,0.25,0.4736220403526444,92980.16976200564,-0.035446713119225245,0.21037244240897415,0.21333784004736198,0.25,2.226982317371172,3540.5413305231905,0.20746666769658284,0.3049138093500347,0.3688019107020375,0.25,0.656704572214767,7437.799102615734,9.884526113342945,1.3797565330885186,9.98035994220444,1.75,3.1631740281844034,152301.19313626143,0.2003180114765356,1.4167030665162896,1.4307951930302854,0.75,4.2053561988915975,160563.92267161774,1.7478333600642617,1.5342393348587038,2.325685230460306,1.75,2.0101386578470803,188311.28398338542,-0.0517952416570073,1.3797565330885144,1.3807283721495496,1.75,3.163174028184304,152301.19313626052,-0.16972453852346056,1.4167030665162872,1.4268335563945969,0.75,4.205356198891583,160563.92267161715,1.561200095064265,1.5342393348587096,2.1888892327973943,1.75,2.0101386578470826,188311.28398338676,0.7953618199351896,1.014039011643689,1.2887496039750803,0.25,0.6368369379750877,82262.00945923502,0.023116493074067664,0.2642250852043669,0.2652343641071013,0.75,2.065297029355524,5585.193178786234,0.13913252988450261,0.3329737751041996,0.36087310204447787,0.25,1.0793062730217293,8869.723655457059,7.094803337355562,4.517093307700658,8.41072923985939,1.0,3.772644866922715,1632355.549566473,1.3151132623903754,3.248893801141854,3.504972727998468,1.5,5.385143563142492,844424.8972364811,9.292148185556803,4.20005388472168,10.197277604189866,1.75,4.157232695839296,1411238.2167389574,1.948346537355588,4.517093307700662,4.919368473706724,1.0,3.772644866922749,1632355.5495664761,-0.038244212609613214,3.248893801141856,3.249118888390529,1.5,5.385143563142494,844424.8972364819,0.5543925955568519,4.200053884721664,4.236484838232495,1.75,4.157232695839292,1411238.2167389465,0.620408859015216,1.6796204400724355,1.7905395765114167,0.75,1.70649469948028,225692.48733764974,-0.3203386945755253,2.79495166781747,2.8132493143477366,1.5,2.603468678390372,624951.4005888209,0.45776839639546196,1.3319649535527893,1.4084326544891514,0.75,1.848414823838792,141931.54718213849,7.697990727408942,4.28685234113552,8.811138645712775,0.75,3.250898671138114,1470168.2519476144,-1.7243418393058871,2.305201285472278,2.8787684424635223,0.75,4.061412131121604,425116.2558392492,8.739240488613973,3.8940536290166707,9.56754816990684,1.75,3.613582783600887,1213092.356415552,2.2839189424089876,4.286852341135522,4.857302618758039,0.75,3.2508986711380876,1470168.2519476158,0.15816463069410103,2.3052012854722777,2.310620915889416,0.75,4.061412131121578,425116.255839249,0.26263767861403153,3.894053629016667,3.9029004875714737,1.75,3.6135827836008865,1213092.3564155495,0.298379297953761,1.2512027591010708,1.2862886728217393,0.25,1.5549073216352074,125240.69805502912,-0.07403884593202667,2.120475087983309,2.121767270334984,1.75,1.8533727070762487,359713.347367167,0.6699355508082628,1.455573748607371,1.6023447131849267,1.0,1.663366821611493,169495.64161778556,4.0,ACL_11_1,ACL_11,ortho,gait_full,4.0,0.5
9.036130848674642,1.819893592502312,9.217574160396024,1.5,2.23623096348682,264962.6573251006,-0.38319243302176603,0.9599163794036867,1.0335743302601044,0.75,1.5556441317503225,73715.3147651077,3.8543752596649252,0.8642210704930309,3.9500742652513736,1.5,2.007503855339698,59750.647709134675,0.5277702969782271,0.9599163794036868,1.095436416146537,0.75,1.5556441317503105,73715.31476510773,0.29284831632530506,1.8198935925023165,1.8433048647485186,1.5,2.2362309634868165,264962.6573251019,0.8575732396649394,0.8642210704930277,1.2175015072161244,1.5,2.007503855339671,59750.64770913425,-0.003824237290597883,0.15936513141158773,0.1594110093459276,0.75,2.0517880001590467,2031.8094877088674,0.02875344245226592,0.17434992428591414,0.17670499865979955,2.5,2.6584934060659364,2431.8546075540767,-0.00812501005483466,0.11540722159986858,0.11569288044556734,0.75,1.9870613312056846,1065.5064500317653,9.844202513044076,1.9121369268357684,10.02818980398717,1.5,2.4574041912845908,292503.59274653177,0.16327398597792034,1.3007836365453873,1.3109906420723834,0.75,5.016277469154437,135363.41972918715,1.6101022277301285,2.1002711801231886,2.646425554176345,1.5,2.2748360537480616,352893.10547781794,-0.09211884195587698,1.912136926835773,1.9143545930710553,1.5,2.457404191284566,292503.59274653305,-0.2067685640220777,1.3007836365453869,1.3171147665150493,0.75,5.016277469154438,135363.41972918707,1.4234689627301287,2.100271180123192,2.5372037596361974,1.5,2.2748360537480696,352893.105477819,0.05864776176532997,0.47835083739612166,0.48193265462889495,0.75,2.06407865879475,18305.621631456317,-0.03490573243024958,0.21488806287182052,0.21770459278870455,1.5,3.132613048598379,3694.153883482,-0.014911153863959182,0.17492525051126917,0.1755596359530998,2.5,3.0476291238779725,2447.9091495621174,9.132937753840585,6.605988347707137,11.271629610023972,0.75,3.868843079541262,3491126.5814497643,1.2998171995849572,4.095320498062284,4.296646917560947,1.5,5.340137820009367,1341732.1546256554,9.175812935102995,5.958241277005624,10.94057503676187,4.0,4.240442321638158,2840051.1666144384,3.9864809538406156,6.605988347707136,7.715640766998969,0.75,3.868843079541222,3491126.5814497625,-0.053540275415036566,4.095320498062287,4.095670463177018,1.5,5.340137820009336,1341732.154625657,0.4380573451030513,5.958241277005617,5.974322836323148,4.0,4.240442321638165,2840051.166614432,0.24728099884952756,1.3567250577908898,1.3790760583918906,3.25,2.7988113250843014,147256.2428663385,-0.11223210568346825,3.6249719780634853,3.6267089609302317,1.5,2.005993203130169,1051234.3183401863,-0.05062498452344389,1.1482555302383208,1.1493709809199493,1.5,2.359164221604164,105479.30376537793,8.757821495785725,5.04751482562852,10.108256193181205,0.75,3.2915375769750015,2038197.2266422447,-1.5536814378923987,2.920164440993588,3.3077615350709286,0.75,2.4386699878570903,682198.2996428657,8.75154725082973,4.65042954872689,9.910402326403183,0.75,3.4518121313211783,1730127.738574147,3.3437497107857608,5.047514825628522,6.05459065860935,0.75,3.2915375769749677,2038197.2266422468,0.3288250321075863,2.9201644409935907,2.9386197889798478,0.75,2.4386699878570908,682198.2996428668,0.2749444408297719,4.650429548726877,4.658550142825046,0.75,3.4518121313211925,1730127.7385741372,-0.28053565952228987,0.9329488602886412,0.9742144692917882,0.75,2.977976383201084,69633.54170934219,0.030869739922796433,2.5833508932711893,2.583535325597069,0.75,1.986446092631549,533900.3968661239,0.09476663279871995,1.009830528228048,1.014267425501453,0.75,1.824500168013561,81580.62828581633,4.0,ACL_11_1,ACL_11,ortho,gait_full,4.0,0.5
9.229535420026588,2.046126001076553,9.453621299893863,1.75,2.231508927702149,334931.329795845,-0.34897024691918604,1.19632071515998,1.2461795563865279,0.75,2.1504838865678466,114496.64445877852,3.5454123105367965,1.135994590074607,3.7229601341385115,0.25,1.7769598476654997,103239.61926883884,0.5619924830808073,1.1963207151599813,1.3217483892784665,0.75,2.150483886567862,114496.6444587788,0.0994437449733498,2.046126001076555,2.0485411078852818,1.75,2.231508927702153,334931.3297958456,0.5486102905368118,1.1359945900746038,1.2615296110522545,0.25,1.7769598476655017,103239.61926883829,-0.025647098557562736,0.22300555322349477,0.22447550074103473,0.75,1.543612395066405,3978.538487487236,-0.03781685175996406,0.2426680224003986,0.24559699381864478,2.5,2.272708707887449,4711.035629465252,-0.044584576877292316,0.1664248390630113,0.1722933880114858,0.75,1.6494018284693313,2215.7783983735953,9.931794453009308,2.140656553776077,10.159869661469626,1.75,2.4130079100768365,366593.19397226314,0.223816157975999,1.2913629454219155,1.3106150958156642,0.75,5.898922585146983,133410.28894400536,1.7042218056199556,2.2645279527896296,2.8341592777605378,1.75,2.48368819350606,410248.21597224026,-0.004526901990635226,2.1406565537760804,2.1406613403493133,1.75,2.4130079100768413,366593.19397226424,-0.14622639202400015,1.2913629454219153,1.299615487185776,0.75,5.898922585146995,133410.2889440053,1.5175885406199543,2.264527952789633,2.726015742358545,1.75,2.4836881935060675,410248.21597224165,-0.07183246767268389,0.4466581756237859,0.45239742402396144,0.75,2.5738308237752574,15960.347652358876,-0.02959522969922766,0.22711818634815417,0.22903831162280458,2.5,3.481813070082848,4126.628521052609,-0.014063768526592229,0.2116023386066634,0.21206918514715567,2.5,3.0486726607748835,3582.047768464342,10.187622007726732,7.284704845769857,12.524159327567693,0.75,4.005655523687285,4245359.1238431735,0.9595949065607065,4.5365227117959215,4.636902058415454,1.75,4.858900313212041,1646403.2619150472,9.142674089148304,6.742961849719037,11.360282743274928,5.0,4.092080745627675,3637404.250403242,5.041165207726772,7.284704845769864,8.858909150768952,0.75,4.005655523687244,4245359.123843182,-0.3937625684392876,4.536522711795923,4.553579611134974,1.75,4.858900313211994,1646403.2619150481,0.40491849914835076,6.742961849719039,6.75510869621792,5.0,4.092080745627676,3637404.2504032445,0.05936869974128454,1.4144434593346855,1.4156888578228068,2.5,3.2229548499894625,160052.40916127435,0.018727258588384813,3.8374097410570234,3.837455437001656,1.75,2.110355540937061,1178061.3303285597,-0.01199650166121648,1.3054825390474771,1.3055376577525273,1.75,2.732925093676006,136343.1687591235,8.634584240727055,5.384594194738287,10.17594711327753,1.75,3.394561405382391,2319513.610144081,-1.6322002519310501,3.19010647168683,3.5834141489788727,0.75,2.3523969350648994,814148.1604010351,9.302982090903965,4.93146828931614,10.529238114517621,1.75,3.5686983895119155,1945560.2492580202,3.220512455727084,5.384594194738291,6.274197567777302,1.75,3.3945614053823827,2319513.6101440853,0.25030621806893516,3.190106471686827,3.1999113274436453,0.75,2.352396935064902,814148.1604010336,0.8263792809039944,4.931468289316117,5.0002282152355635,1.75,3.568698389511926,1945560.2492580018,-0.25808341019195574,0.9487546358640526,0.9832305963963085,0.75,2.4505595816866257,72010.83481278266,-0.24478253785015114,2.7559056013466106,2.7667551706593017,1.75,1.856315967438157,607601.8464084647,-0.1090734315683545,1.03461414327203,1.0403477490400086,1.75,2.0298560571391637,85634.1276193464,4.0,ACL_11_1,ACL_11,ortho,gait_full,4.0,0.5
9.167885278385093,1.7372097635784205,9.331024501109313,1.5,2.1459168388195273,241431.94371204457,-0.5215042455135463,1.1266386871521514,1.241483551834891,0.75,1.4829804147987193,101545.27895944958,3.590810172343639,0.8672591456676555,3.6940568646882994,0.25,1.5270454609460855,60171.16485143438,0.6189192844864451,1.1266386871521503,1.285447708814767,0.75,1.4829804147987244,101545.27895944942,0.07906382661483852,1.7372097635784307,1.7390080078456247,1.5,2.145916838819511,241431.94371204753,0.3882401873436577,0.8672591456676535,0.9501941216471647,0.25,1.5270454609460835,60171.1648514341,0.05063476835372516,0.21765256549365153,0.2234648049071792,0.75,1.3715781688693793,3789.813178677521,0.03555805991287303,0.18616820575178114,0.18953357606926796,1.5,2.697829895763678,2772.707649255616,0.01274900350354986,0.14675789637286438,0.14731061481821983,0.75,1.4590176698240094,1723.0307586467886,9.833528057412579,1.705022802527951,9.98024933621704,1.5,2.42275285497703,232568.33066384774,0.36136456441972714,1.2427053956448022,1.2941796817996194,0.75,4.5294293402954775,123545.45671479874,1.784430102395573,1.9750107498755782,2.6617397041145043,1.5,2.1275202616313,312053.41792936047,-0.09567195758736755,1.7050228025279497,1.7077048575819131,1.5,2.4227528549770287,232568.3306638473,-0.1507617955802696,1.2427053956448013,1.2518170071425332,0.75,4.52942934029547,123545.45671479854,1.3312060223955717,1.9750107498755742,2.3817592103708383,1.5,2.127520261631301,312053.4179293592,0.0057664206164494925,0.4296050829419233,0.4296437814006652,0.25,2.1248934889404265,14764.972671881433,-0.0012928495224697233,0.22829243477956185,0.22829609553706395,1.75,2.963739666459518,4169.419397787233,0.0144286386115817,0.18353029330265724,0.18409658924581687,2.5,2.5351821254423195,2694.6721996863585,8.70532738538404,5.970364214518261,10.555944947787363,0.75,3.8032690152110766,2851620.1233637505,1.5046092617984468,3.7356927200624894,4.02731289191907,1.75,5.197228691803156,1116432.4860912252,9.207414192168454,5.35806423765422,10.652949285572241,4.0,3.9555837253310537,2296712.6615179745,3.3383626553840715,5.9703642145182885,6.840315348934109,0.75,3.803269015211094,2851620.1233637757,0.16481172679846015,3.7356927200624894,3.7393265441812074,1.75,5.1972286918031605,1116432.4860912252,0.6162364171685026,5.358064237654214,5.393384808881498,4.0,3.9555837253310364,2296712.6615179703,0.11776710082691778,1.2669760118561721,1.2724375445011629,1.5,2.7013789996564683,128418.54828118613,0.01221513633344621,3.580887330688809,3.5809081647877075,1.5,2.184951564908899,1025829.9024902986,-0.03147892332054971,1.1035846568705392,1.104033521906598,0.75,2.5473402482765577,97432.66289333373,7.875262645992268,4.872495695179868,9.260722220372854,0.75,3.384335068770047,1899297.3422505788,-1.6959997052732347,2.735846105580786,3.218892498004314,0.75,2.274905793908155,598788.3618493315,9.04769754525974,3.928555909969489,9.863791482399419,3.25,3.3098059059441667,1234684.2898476135,2.4589655309923084,4.872495695179855,5.457813278425207,0.75,3.3843350687700298,1899297.3422505695,0.28594255972675064,2.7358461055807806,2.750748454672766,0.75,2.2749057939081707,598788.3618493292,0.5782933302598017,3.928555909969485,3.9708909218938686,3.25,3.3098059059441463,1234684.2898476108,-0.10897705746525337,0.7835661837676876,0.791108060506302,1.5,2.16490398105556,49118.077607481806,-0.0681708000862611,2.26749984983469,2.26852437213814,1.5,1.7933793037475216,411324.54266854195,0.010160767509108553,0.8834802761946203,0.8835387029560713,1.5,1.9693296202489934,62442.99878105327,4.0,ACL_11_2,ACL_11,ortho,gait_full,4.0,0.5
8.837562402047219,1.8751551870209484,9.034307731392051,1.75,2.3627277788132774,281298.76798862434,-0.40189842723927677,1.0270916863195274,1.1029232420817392,0.75,1.6104614886028297,84393.39142540398,4.235653602330578,0.8302368009636628,4.316254694131288,1.75,2.292999679628341,55143.91957400006,0.738525102760716,1.0270916863195263,1.2650441334255553,0.75,1.6104614886028266,84393.39142540381,0.40938670295272694,1.8751551870209495,1.919323955971497,1.75,2.3627277788132894,281298.7679886247,1.0330836173305908,0.8302368009636545,1.3253508614971439,1.75,2.292999679628332,55143.91957399896,0.08795514820976277,0.1636564284630348,0.1857943343427828,0.75,2.086049210314502,2142.6919769567644,-0.008396646836746893,0.1915452741317086,0.19172922500310807,2.5,2.6116247354504125,2935.1803032158136,0.02858936025975237,0.13089470085346996,0.1339804994451853,0.75,1.8268443445742057,1370.6798190782333,9.792050157133813,1.9111535285439938,9.976810817565427,1.75,2.734802469433445,292203.92348242225,0.2190095671952711,1.2448192293839018,1.2639383309192704,2.5,4.983219846172736,123965.99340191523,1.624032629451671,2.083091245343894,2.641354031165092,1.75,2.39499759079457,347143.5680952938,-0.13714985786613526,1.9111535285439862,1.9160683425125604,1.75,2.7348024694334025,292203.92348242004,-0.2931167928047271,1.244819229383901,1.2788637019119977,2.5,4.983219846172729,123965.99340191511,1.1708085494516716,2.083091245343891,2.389573559423834,1.75,2.3949975907945764,347143.56809529295,0.1315500336449529,0.45824914654370547,0.476757476774117,0.75,2.43092197625693,16799.59419534147,-0.004336210723326885,0.21134294431095998,0.21138742354611031,2.5,3.5578061395255407,3573.2817267835367,0.010078769891520976,0.19947700745290722,0.19973146498459735,2.5,2.937648945991893,3183.2865743746065,9.321238048756204,6.734067850422105,11.499267306036021,0.75,3.6396669116872347,3627813.6823546095,0.8978883163338992,4.341764023455409,4.4336348816722175,0.75,5.221409111122144,1508073.2039747746,9.241704470275776,6.144423115427198,11.09788434510431,4.0,4.41945136340347,3020314.9933035118,3.954273318756232,6.734067850422111,7.809221939061285,0.75,3.639666911687253,3627813.682354616,-0.4419092186660907,4.341764023455416,4.364195068155619,0.75,5.221409111122152,1508073.2039747795,0.6505266952758046,6.144423115427209,6.178763662955775,4.0,4.419451363403471,3020314.9933035225,0.18409015355260014,1.466267249428447,1.4777783431155986,3.25,2.946904244754095,171995.18942756974,-0.0681802533551543,3.676394049181547,3.6770262103777642,1.75,2.022898425384182,1081270.0602556353,0.020283689132594988,1.0991999601116305,1.0993870930451375,1.5,2.718784053629827,96659.31576835107,9.103453344846667,5.455957568844735,10.613215148805478,0.75,3.247248806077251,2381404.8443993605,-1.7610193990188674,3.1610593079195333,3.6184921268265176,0.75,2.588356804272163,799392.5555527755,8.793036056717652,4.815941938698638,10.02550646359839,3.25,3.5137072343478297,1855470.6959012721,3.687156229846695,5.455957568844732,6.585028022440863,0.75,3.247248806077253,2381404.844399358,0.22092286598111802,3.1610593079195333,3.1687699286786395,0.75,2.588356804272169,799392.5555527755,0.32363184171770976,4.815941938698644,4.826803738074508,3.25,3.513707234347804,1855470.6959012765,-0.1638160005633591,0.8155746013570576,0.8318639386457968,0.75,3.5545877336726543,53215.0128158377,0.13773931152870447,2.760036432097702,2.763471227360078,0.75,1.9818930990718757,609430.3712131788,0.17230118929338495,1.0248551047172967,1.0392380312021958,0.75,1.9165871547940132,84026.37928007057,4.0,ACL_11_2,ACL_11,ortho,gait_full,4.0,0.5
9.149175434444501,1.6258937193679686,9.292520729970038,1.75,2.207516624165124,211482.77349680255,-0.45033166775675065,1.0964724232453429,1.1853482129408601,0.75,1.615275463925647,96180.16267551458,3.3388960265646777,1.655253015597519,3.726672674364368,0.25,1.2184315544629725,219191.8057718254,0.6900918622432439,1.096472423245344,1.295561095924027,0.75,1.6152754639256506,96180.16267551479,0.09777367055545419,1.6258937193679577,1.6288308927982849,1.75,2.207516624165144,211482.77349679967,0.13632604156469122,1.655253015597517,1.6608574096692863,0.25,1.2184315544629556,219191.8057718248,0.5142252616261299,0.9270547800820086,1.0601217783666947,0.25,0.8457452400278639,68755.12791781624,-0.07021855624838175,0.1929691612874794,0.20534785815683684,0.75,2.110826407067793,2978.9695614684983,0.09979370792968513,0.25857297069675994,0.2771619838962457,0.75,1.0792369960672812,5348.847571806393,9.774045556396885,1.6666206994954782,9.91511931821844,1.5,2.4764389741031154,222209.9740776148,0.29710132204355394,1.5215201372016984,1.5502556961579927,0.75,2.972823727579181,185202.16809025232,1.8529925266360991,1.7771451264202858,2.5674551805491386,1.5,2.2796337545395033,252660.11630843632,-0.15515445860305846,1.6666206994954749,1.6738271900083332,1.5,2.476438974103095,222209.9740776139,-0.21502503795644595,1.5215201372016978,1.5366389604778488,0.75,2.972823727579182,185202.16809025215,1.3997684466361011,1.7771451264202858,2.2622105349762247,1.5,2.279633754539506,252660.11630843632,0.5190827255925267,1.0498644708113003,1.1711798679453376,0.25,0.7650204821533618,88177.37185009847,0.04668861990132921,0.23116904544643593,0.23583671215675298,0.75,2.219510899746913,4275.147801157378,0.11218839542302465,0.2733084509813114,0.29543822610724707,0.25,2.1069034315566317,5975.85595887478,9.035500877147465,6.559952190480435,11.165717569521526,0.75,3.6604184143220655,3442653.3080863645,0.846818601826382,4.0453115175838,4.132994921203671,1.75,4.796688955077865,1309163.6449136545,8.688992945662797,5.75702621992387,10.423144885622033,4.0,4.532409933849352,2651475.835226416,3.6685361471474844,6.559952190480435,7.516058155996184,0.75,3.6604184143220766,3442653.3080863636,-0.4929789331736075,4.045311517583799,4.075239073091187,1.75,4.79668895507785,1309163.6449136534,0.09781517066283729,5.757026219923887,5.7578571278300155,4.0,4.532409933849356,2651475.8352264324,0.4714420937527617,1.6760878895163884,1.741128444758022,0.75,2.5024473796139572,224742.86681037798,0.08472049041416017,3.1853411315457385,3.1864675874411623,1.5,2.1728752510886404,811716.2567768674,0.5107855818783021,1.8648672872863195,1.9335542169397246,0.25,1.5318082340914847,278218.39993656956,8.317531943486568,4.514408440033633,9.46367905174126,0.75,2.8163826401953234,1630390.6980203707,-2.2097089980764664,2.924149181176137,3.665168794196684,0.75,2.738444033329165,684052.043008985,8.395764503439862,4.03404398740137,9.314632171455292,1.5,3.152907060168138,1301880.8917799077,2.9012348284866003,4.514408440033636,5.366288018124875,0.75,2.8163826401953322,1630390.6980203728,-0.22776673307647538,2.924149181176141,2.9330063277240686,0.75,2.7384440333291673,684052.0430089869,-0.07363971156007754,4.034043987401375,4.0347160618075515,1.5,3.152907060168102,1301880.891779911,0.1317432996006908,1.004011856138349,1.0126184396188183,1.0,1.9695454127993772,80643.2104434673,-0.1083608580182048,2.4021665859060457,2.404609403207504,1.5,1.819753394654796,461632.45374196465,0.3517627880352815,1.4113154448572303,1.454492469536682,0.75,1.3286792663030773,159344.91797724954,4.0,ACL_11_2,ACL_11,ortho,gait_full,4.0,0.5
9.367273549177769,1.2258896082530244,9.4471487273541,1.75,2.541781045165021,120225.48285542821,-0.27350728145647646,1.0598279905049866,1.0945508679214273,0.75,1.4282100480835498,89858.8489618357,2.705765949926426,1.4512425505034154,3.070386672094072,0.25,0.7601419282408913,168488.50755816285,0.866916248543518,1.0598279905049897,1.369225748898483,0.75,1.4282100480835553,89858.8489618362,-0.12032444417781357,1.225889608253016,1.2317805419348986,1.75,2.541781045165022,120225.48285542653,-0.49680403507355564,1.4512425505034174,1.5339228108536072,0.25,0.760141928240896,168488.50755816334,0.7695082258753736,0.9742379689201727,1.2414840030284595,0.25,0.46328229838569307,75931.17153953602,0.009134989244787218,0.20795203114809868,0.20815257694086373,0.25,1.6236212255320734,3459.5268230083625,0.13750701567091966,0.2602514559560604,0.2943450350965203,0.25,0.7816797470768383,5418.47018104939,9.805806464706611,1.290094098284525,9.890307538479808,1.75,2.7948422957596337,133148.8706190118,0.29471999210712385,1.4770947242454506,1.5062100444962403,0.75,2.548995557643676,174544.75587495274,1.8450771307975264,1.434518432475836,2.337124890052939,1.75,2.119737304239636,164627.66840353925,-0.12339355029333696,1.2900940982845182,1.295981770968457,1.75,2.7948422957596106,133148.87061901038,-0.21740636789287493,1.477094724245448,1.4930084906637697,0.75,2.5489955576436745,174544.75587495216,1.3918530507975309,1.4345184324758362,1.9987741363464067,1.75,2.119737304239629,164627.6684035393,0.7216807547694499,1.0432430805904356,1.2685342868856266,0.25,0.5507072943903649,87068.49393012728,0.035001286079907795,0.2293107577033601,0.2319666217923102,0.75,1.570663383973743,4206.675144820125,0.1721941563246093,0.2570401973870621,0.30938728245537794,0.25,1.4744622224930266,5285.58213423126,7.927389450718002,4.822906561538225,9.279220398540145,0.75,3.3598475734392683,1860834.2329707977,1.136851184094593,3.211068103663266,3.4063747564149307,1.0,5.204708421494324,824876.6853585668,8.634449881167843,4.253026273102564,9.625069206509638,4.5,4.190988958861608,1447058.7003316714,2.5604247207180286,4.82290656153824,5.460421453678517,0.75,3.3598475734392883,1860834.2329708093,-0.20294635090538982,3.211068103663253,3.2174750329581943,1.0,5.204708421494323,824876.6853585604,0.04327210616789241,4.253026273102574,4.253246401852704,4.5,4.190988958861617,1447058.7003316788,0.5794696302584126,1.4302880492532837,1.5432138400845765,0.75,2.0473761432822335,163657.93114286012,0.08544163655766798,2.8816518601591783,2.882918263915317,1.75,1.9163108725759328,664313.7429884009,0.5095710517298085,1.7371068230415658,1.8103046073571665,0.25,1.3351684240615327,241403.2320053313,7.133780424515371,3.0110336361747065,7.743200029921362,0.75,3.519981643171133,725307.1497885521,-2.5104958317413475,2.4770627728779018,3.526815745395305,0.75,3.3083095148100616,490871.499946252,8.504529960776397,2.7005059014217063,8.922990640886992,0.5,2.848474247163616,583425.3430659276,1.7174833095154007,3.011033636174696,3.4664207010458763,0.75,3.519981643171112,725307.1497885472,-0.5285535667413588,2.4770627728779138,2.53282625809443,0.75,3.308309514810074,490871.499946257,0.035125745776444006,2.700505901421691,2.7007343337747476,0.5,2.8484742471635864,583425.343065921,0.39318998296500823,1.093488231595593,1.1620304967349524,1.0,2.0193699154825993,95660.0645164962,-0.14463317183594673,1.81179170051308,1.8175554793302473,1.75,2.1846216268800007,262610.8581647869,0.5596230990742843,1.4898149451286322,1.591454235517357,0.75,1.294209665499765,177564.7520229138,4.0,ACL_11_2,ACL_11,ortho,gait_full,4.0,0.5
9.218887268306672,1.4748356556708018,9.336113895887559,1.5,2.2743624807766385,174012.47704535958,-0.2398381939376033,0.9006399390560645,0.9320271772293783,0.75,1.6593833121020158,64892.230559281365,3.3491980187560713,1.0005883488098963,3.495469126256689,0.25,2.0797787601421347,80096.89346439429,0.9005853360623908,0.9006399390560653,1.273658607066086,0.75,1.6593833121020176,64892.23055928149,0.02806183669328103,1.4748356556707938,1.475102599115228,1.5,2.274362480776641,174012.47704535772,0.14662803375608757,1.0005883488098934,1.011274850897265,0.25,2.0797787601421396,80096.89346439386,0.2644953169500054,0.608043233921756,0.6630794424550582,0.25,1.5988206339163122,29578.31766955609,0.04065524942489379,0.17005224774987013,0.17484454887294465,0.75,2.0377241991570165,2313.4214377986095,0.04641638075707367,0.14339658936124333,0.15072180413935696,0.5,2.133105537965344,1645.0456877545798,9.871290983186931,1.5266883143999532,9.988651705013693,1.5,2.8118955816401257,186464.8960327642,0.2531302293487483,1.1062363319420223,1.1348276235264498,0.75,4.633572319265182,97901.12789763403,1.5344080004435443,1.736076218088094,2.3169740065085356,1.5,2.288195000840122,241116.85920037286,-0.05790903181301657,1.526688314399944,1.527786197506334,1.5,2.8118955816400617,186464.89603276196,-0.25899613065124866,1.1062363319420183,1.1361504380146363,0.75,4.63357231926517,97901.12789763336,1.0811839204435474,1.7360762180880933,2.0452186447509066,1.5,2.288195000840129,241116.85920037268,0.2242093144277185,0.6545811198333252,0.6919149218786929,0.75,1.1021600422960645,34278.191082574966,-0.02557615928866532,0.1909282260538988,0.19263366120189865,1.5,3.2128886233832903,2916.2944769922974,0.05611007438871621,0.21621480582190558,0.22337677297452302,2.25,2.8770239498564023,3740.052809472547,8.803557488699894,6.007787983841458,10.658149037972485,0.75,3.3917424321151253,2887481.335497575,1.2492949212419777,3.9026252197555102,4.097709287652401,0.75,5.28224322674878,1218451.1339681211,8.858482167744885,5.475212846578857,10.413964760435684,4.0,4.273154038379078,2398237.518449014,3.43659275869992,6.007787983841455,6.921248893656296,0.75,3.391742432115132,2887481.335497573,-0.09050261375801477,3.9026252197555142,3.9036744650353223,0.75,5.282243226748823,1218451.1339681237,0.2673043927449363,5.47521284657884,5.481733973271844,4.0,4.273154038379071,2398237.518448999,0.2659764537921249,1.2345889881369527,1.2629146620420793,3.25,3.4149931450351287,121937.59044261691,0.016030196439546406,3.475257996628623,3.4752949673846505,1.5,1.9202407096381204,966195.2095387757,-0.04138797171495947,1.0043993341360298,1.005251703114985,0.75,2.886460330848633,80705.79432628039,7.950497174232105,4.266093260211614,9.02274664513504,0.75,2.724282000099711,1455964.1639597921,-1.8016913984452514,2.7624617942298055,3.2980732344523465,0.75,2.1140764835767265,610495.7039822809,8.761750022404854,3.8858043614869002,9.584765985190355,1.5,3.8821123045994166,1207958.0710468928,2.5342000592321305,4.266093260211611,4.9620279770508215,0.75,2.7242820000996963,1455964.1639597903,0.18025086655473657,2.762461794229818,2.768336240320738,0.75,2.1140764835767363,610495.7039822864,0.2923458074048992,3.8858043614869042,3.896786061212223,1.5,3.8821123045993913,1207958.071046895,0.09041035508467277,1.091543054820364,1.0952809104668577,1.5,1.7693875111048647,95317.30336727476,-0.09500916029383775,2.2059942446334153,2.208039254156387,1.5,1.9202748654559612,389314.13160021446,0.30754128229814115,1.20239140239278,1.241098998817444,0.75,1.4215065546828207,115659.69128607611,4.0,ACL_11_2,ACL_11,ortho,gait_full,4.0,0.5
9.288521469019553,1.8535293436202047,9.471652554232461,1.75,2.1874141315887092,274845.6822195376,-0.32005484753058633,1.0323119490003099,1.0807881686420542,0.75,2.3152198050870045,85254.26096897114,3.5214989418548495,0.7202949474912556,3.5944094937647617,1.75,2.3102623869869254,41506.13052189946,0.8203686824694081,1.0323119490003096,1.3185874014358738,0.75,2.3152198050870005,85254.26096897105,-0.04157236401959183,1.853529343620195,1.8539954932823564,1.75,2.1874141315887163,274845.68221953465,0.31892895685486483,0.720294947491252,0.7877439247001259,1.75,2.3102623869869485,41506.13052189904,-0.004833243847831547,0.21282478437254268,0.21287965870254466,0.75,1.8016984212213902,3623.5800387998484,-0.023023136130416722,0.15822478489194525,0.15989104837789403,2.5,2.854645131399176,2002.8186313981612,0.0013815530948570968,0.13972971712891136,0.1397365468940731,0.75,1.8221368710132302,1561.953834903359,9.926926355733833,1.876847517810563,10.102792855308609,1.75,2.434047552138531,281804.63711579156,0.17666195810748944,1.226314667267821,1.2389742170838578,0.75,5.399134091175879,120307.83066756869,1.7060568419504865,2.0846010522231824,2.693731889943033,1.75,2.468752261037284,347646.57390907774,-0.002273659266113337,1.876847517810549,1.8768488949934348,1.75,2.434047552138542,281804.6371157873,-0.3354644018925081,1.2263146672678196,1.271370924668832,0.75,5.399134091175883,120307.83066756846,1.2528327619504898,2.0846010522231833,2.432108442554833,1.75,2.4687522610372876,347646.57390907797,-0.056546176281874645,0.4777806789772044,0.4811152120397143,0.75,2.0546703379245868,18261.959178135243,-0.01073686101606064,0.22120079461711423,0.22146121945776637,2.5,3.7899278858485252,3914.4143800305715,0.005812518348055628,0.21258996968340962,0.2126694161828153,2.5,2.9237594579609687,3615.572531617146,9.474949808166876,6.680290563993984,11.593142623407537,0.75,3.6703666882786092,3570107.6345719453,1.5927712083167265,4.393473569793384,4.673278306554805,0.75,5.381918443509967,1544219.6634598272,9.34464750033668,5.946321424020844,11.07615345611092,4.25,4.14832019311976,2828714.010730695,4.107985078166908,6.680290563993986,7.842309826946972,0.75,3.670366688278597,3570107.634571946,0.25297367331672893,4.393473569793393,4.400750582328481,0.75,5.381918443509998,1544219.663459833,0.7534697253367181,5.946321424020821,5.993868125406831,4.25,4.148320193119758,2828714.010730672,-0.011810946708058464,1.350758854460364,1.3508104905445528,1.75,3.2000960975254613,145964.00278765903,-0.26990378995911946,3.742576353733336,3.752296072987606,1.75,1.9355885699919353,1120550.2459501282,0.1397552821302963,1.27700667126502,1.2846313001552958,0.75,2.423551266659359,130459.74017469137,9.092535419079052,5.29265585478113,10.52076073030634,0.75,3.139150753772656,2240985.514893957,-1.201183366840891,3.1039320939507826,3.3282481765386587,0.75,2.227075879564884,770752.913830455,8.873256963213619,5.161298434037117,10.265168808179093,1.75,3.75682045692477,2131120.7256250023,3.676238304079069,5.292655854781109,6.44413951319545,0.75,3.1391507537726664,2240985.514893939,0.7807588981591056,3.103932093950789,3.2006216428863237,0.75,2.2270758795648757,770752.9138304581,0.40385274821366607,5.16129843403714,5.177074325083035,1.75,3.756820456924768,2131120.7256250223,-0.25942487391395447,1.0044568133869098,1.0374173485944105,0.75,2.5274639249686413,80715.1640821185,-0.0888498932363397,2.6907404161096053,2.692206955346079,1.75,2.001277030111486,579207.3899817446,0.038024699896404,1.0782468420363143,1.0789171099595631,1.75,2.210920714905503,93009.99909137709,4.0,ACL_11_2,ACL_11,ortho,gait_full,4.0,0.5
9.704249855777627,1.4903428113747084,9.818023577012655,1.5,2.461327399263037,177689.85435272756,0.030213082476443845,1.1287903189210937,1.1291945866159263,0.75,1.7711167541388808,101933.83094252918,1.64238062059645,0.7688143867723725,1.8134193293937724,1.5,2.178475732514141,47286.15416332766,0.6257771574764395,1.1287903189210902,1.290645046056145,0.75,1.7711167541388808,101933.83094252851,-0.2899018257776846,1.4903428113747041,1.5182769062346602,1.5,2.4613273992630424,177689.8543527266,-0.9877485894035325,0.7688143867723722,1.251687995139702,1.5,2.1784757325141264,47286.15416332762,0.022844927041489015,0.26885701085356745,0.26982583823023,0.75,1.449050312521844,5782.738562820684,0.04799662926691073,0.2511545378422953,0.2556995860375261,1.5,2.7382396949177226,5046.321227827746,-0.028541058414030793,0.16078449607232978,0.16329802874690846,0.75,1.712844005045045,2068.1384000008957,9.213769835989886,1.3558898338920418,9.313001225826659,1.5,4.483436514908254,147076.22735104617,0.18622192434781212,1.4146819284215202,1.4268859673114151,4.25,6.698507536104057,160106.03104631428,4.1364907474685255,1.6081760368720481,4.438106112911475,1.5,2.833558161161361,206898.4406707354,0.18446614598992445,1.3558898338920422,1.368380429803118,1.5,4.4834365149082505,147076.22735104625,-0.29651837565218153,1.4146819284215213,1.4454231580066241,4.25,6.698507536104037,160106.0310463145,-0.12182923753145182,1.6081760368720512,1.612784092396435,1.5,2.8335581611613807,206898.44067073622,-0.02266818801448475,0.4225232804238414,0.4231309126594086,0.75,2.057944503648528,14282.139146422374,-0.030783541297739497,0.28802177892988634,0.28966216796945704,1.5,2.5230895739706973,6636.531504018683,-0.01027889431239647,0.4427528211855239,0.44287212187721403,2.5,2.5034986408998994,15682.506589845347,8.717214661364551,5.859500705920909,10.503503223924707,0.75,3.7889157076678464,2746699.8887176886,1.3752005633221613,3.528474469807108,3.7869920350381174,0.75,5.7636528576265595,996010.5859119701,8.279768671620298,4.803476610966505,9.572249307641712,4.0,4.353657984937291,1845871.0461979734,3.396904551364583,5.859500705920917,6.772939469223769,0.75,3.7889157076678495,2746699.8887176965,0.36890083832216497,3.528474469807112,3.547706288941543,0.75,5.76365285762655,996010.5859119722,-0.2671821333796536,4.803476610966518,4.810901562545184,4.0,4.353657984937292,1845871.0461979832,0.057127623264860476,1.239818421151133,1.241133869800345,1.5,2.9496912057618725,122971.97740409448,-0.05619159449591507,3.1399133313946352,3.1404160908965153,1.5,1.7883131879458385,788724.4592703121,-0.1052797080601069,1.3589885428335229,1.3630604082292184,1.5,2.0672159458743287,147747.9887686671,8.635150130148586,4.722940123413961,9.842356485088246,1.5,3.682319821861354,1784495.942822161,-2.4562450625897565,2.7620570125539015,3.6962276374832137,0.75,2.6647874588997085,610317.0084067723,7.626512040556727,3.3289650946475158,8.321399792471112,0.75,3.796650271169154,886562.309753035,2.425657365148635,4.722940123413976,5.309423420904895,1.5,3.6823198218613276,1784495.942822172,-0.6382364225897619,2.7620570125538904,2.8348376799595245,0.75,2.66478745889972,610317.0084067674,-0.15753180944322615,3.328965094647519,3.332690335504939,0.75,3.796650271169169,886562.3097530368,-0.06274057509694286,0.7877520922775929,0.7902466315342448,0.75,2.9901772220286924,49644.271391486676,-0.23256976623005243,2.733396267944395,2.743272471661655,1.5,1.9373730127933073,597719.2318079986,-0.05493196947736766,1.361100346569463,1.3622083815269144,1.5,2.0231366206667336,148208.20010981328,4.0,ACL_11_3,ACL_11,ortho,gait_full,4.0,0.5
9.584659079190814,1.6262137012286355,9.721638785018637,1.75,2.468218584292028,211567.4446414601,0.28182505885422404,1.3326883330626063,1.3621613549353744,0.75,1.7044618797338447,142084.7321219178,1.54018811189529,1.0447536040348742,1.8610990068149078,0.25,1.6206953775372381,87320.88417198032,0.8773891338542182,1.3326883330626011,1.5955782291340745,0.75,1.7044618797338467,142084.73212191672,-0.1703110491908716,1.6262137012286462,1.6351075975422131,1.75,2.468218584292007,211567.44464146293,-1.0899410981046953,1.0447536040348748,1.509795247866918,0.25,1.6206953775372248,87320.88417198039,0.06836630020425538,0.2830718035475243,0.291210571523883,0.75,1.5957398050701357,6410.375226105964,-0.0014167529419382152,0.2215638971240493,0.22156842667152465,0.75,2.8207624002325695,3927.266851557574,-0.0049847537012911065,0.1895648221228573,0.1896303497753803,0.75,1.5240364055581341,2874.78692555265,9.102889135891742,1.5123275940151184,9.22766088301664,1.75,4.502147173701575,182970.93615108245,0.2882556512700599,1.5934605511695705,1.6193232687214612,9.0,7.198892097111209,203129.65366278208,4.232562633539619,1.6928752266936753,4.558553825500912,1.75,2.954018614165473,229267.12052224993,0.0735854458917912,1.5123275940151104,1.5141167621642084,1.75,4.5021471737015295,182970.93615108047,-0.1944846487299369,1.5934605511695719,1.6052852726930635,9.0,7.198892097111216,203129.65366278242,-0.025757351460357354,1.692875226693676,1.693071166344586,1.75,2.954018614165474,229267.12052224998,0.02907989013519439,0.47893789231988,0.47981990862206203,0.75,1.875307528156328,18350.52185977357,-0.03187831584184357,0.30694345210719337,0.3085944098851975,1.5,2.826848139406504,7537.156283565084,0.021904797122489272,0.4749528297470904,0.4754576854166373,2.5,2.6059683258455584,18046.49103677709,9.204170165861202,6.478217664687681,11.255401039198956,0.75,3.797407521876233,3357384.853550479,1.3217816809736727,3.7521684162850857,3.978174787050578,0.75,5.5369569564831265,1126302.0605898057,8.452665374526521,5.374794722774184,10.016784426435501,3.25,4.652219421987395,2311077.30550717,3.8838600558612386,6.478217664687701,7.553255791020599,0.75,3.7974075218762584,3357384.8535504984,0.31548195597367573,3.752168416285089,3.7654079046913798,0.75,5.536956956483126,1126302.0605898078,-0.09428543047342236,5.374794722774187,5.375621643527454,3.25,4.652219421987398,2311077.3055071724,0.15350450445669264,1.3060330983654371,1.3150232267585686,2.5,3.197381504077079,136458.37863607288,-0.04438301518962772,3.5697100184797064,3.5699859198702324,1.75,2.2900097612039776,1019441.6627970373,-0.010305499188758204,1.3056037647778653,1.305644436251947,0.75,2.902575388875838,136371.35200136868,9.580617156742289,5.546656153119775,11.070393831522262,0.75,3.9927123544717094,2461234.6039935793,-1.8668066880036718,3.1352281529957073,3.648920769448429,0.75,2.7586963499073076,786372.4555540906,7.367017298584799,3.842866148909972,8.309065177027186,3.25,4.0196573825452155,1181409.8311316485,3.371124391742336,5.546656153119803,6.490752972155226,0.75,3.9927123544716943,2461234.6039936035,-0.048798048003675445,3.1352281529956976,3.135607886969572,0.75,2.758696349907322,786372.4555540857,-0.4170265514151403,3.8428661489099802,3.865427710231227,3.25,4.01965738254523,1181409.8311316536,-0.07237755183355178,0.9449080181695213,0.9476759323790338,3.25,3.407597604597913,71428.2691986657,-0.04988439301557886,3.052434798461342,3.0528423889097627,1.5,1.8121631058896794,745388.7125703637,0.07444021075656146,1.6282824723697285,1.6299831762334103,1.5,1.8342449765151159,212104.42315699157,4.0,ACL_11_3,ACL_11,ortho,gait_full,4.0,0.5
9.628553502816798,1.3135323713756686,9.717736868595352,1.5,2.5777303482064227,138029.61248267413,0.6018540025486778,1.2667045764969838,1.4024153181216565,0.75,1.5698668772982822,128363.30634060325,0.5942908392816689,1.4630761100313197,1.5791685487618126,0.25,1.0915727858500783,171247.4049220138,1.1974180775486745,1.266704576496983,1.743086497153473,0.75,1.5698668772982778,128363.30634060314,-0.21420547281684565,1.313532371375681,1.3308836445146166,1.5,2.5777303482063996,138029.6124826767,-2.035838370718322,1.4630761100313243,2.5070360139881163,0.25,1.0915727858500723,171247.40492201477,0.37737856144267995,0.6396828393533226,0.7427036512631906,0.25,1.2012739977358404,32736.144519250072,0.03608409169622871,0.2816631051756992,0.2839650797030488,0.25,2.1690436216426647,6346.778615939847,-0.04559330071806197,0.2157956688053621,0.22055956053982595,0.75,1.235375098598924,3725.421922470831,9.130182818194488,1.1917994026292864,9.207639442862725,1.5,4.313763925350206,113631.26331169302,0.25923503552012817,1.4121747484772438,1.4357716823638391,0.75,6.260092407277534,159539.047431923,4.095125667195138,1.3141183909468481,4.300809386097593,1.5,2.6911314215952955,138152.60306904447,0.10087912819454595,1.191799402629283,1.1960612085561542,1.5,4.3137639253500835,113631.26331169241,-0.22350526447987157,1.4121747484772462,1.4297524693061352,0.75,6.260092407277546,159539.04743192357,-0.16319431780483598,1.3141183909468432,1.324212796641275,1.5,2.6911314215952737,138152.60306904343,0.3178704007990477,0.6222149474941037,0.698708116876595,0.25,1.2794436691934767,30972.37071844113,-0.014147521067111212,0.2906918033486716,0.29103586872831866,1.5,2.4531069602154933,6760.138415734587,0.15946633334415758,0.4674544471093915,0.4939060351854155,2.25,1.9012152251538963,17481.111273198745,7.850821992847962,5.095023075049583,9.359202214861742,0.75,3.5258797517596117,2076740.8326855677,0.35631175827057165,3.2536330143336776,3.273085067798257,0.75,3.951507401921895,846890.2963855737,8.567628610029708,4.047311035147842,9.475494003725036,3.75,4.689895123115918,1310458.1569559248,2.530511882847995,5.095023075049599,5.688826814425165,0.75,3.525879751759629,2076740.8326855802,-0.6499879667294237,3.253633014333683,3.317922866622299,0.75,3.951507401921898,846890.2963855765,0.020677805029763085,4.047311035147827,4.047363856493537,3.75,4.689895123115941,1310458.1569559162,0.3620490580121966,1.5955424364809778,1.6361036602303576,1.5,2.092450462864262,203660.45333202826,-0.07391939354907043,2.8515710854704777,2.852529006379066,1.5,1.7881361203845174,650516.6142886125,0.1678899070474133,1.199958738829661,1.2116468114851207,1.5,2.06510699515021,115192.07822863615,9.229368776081017,5.190038168615764,10.588566673378777,0.75,3.849382488883151,2154922.6754815695,-1.7805712242031104,2.778997500704832,3.3004940529235722,0.75,2.990174160952021,617832.3376605558,7.151122504985129,3.570848813564692,7.993091662844932,0.75,3.865793531827721,1020077.0421417968,3.019876011081057,5.190038168615779,6.0046771198784255,0.75,3.8493824888831334,2154922.675481581,0.03743741579688102,2.7789975007048286,2.779249659355063,0.75,2.990174160952015,617832.3376605544,-0.6329213450148119,3.57084881356469,3.6265066769980874,0.75,3.865793531827715,1020077.0421417956,0.12357609152868605,1.2080720258703848,1.214376000293188,1.75,2.620304682045121,116757.1555501515,0.04770378429702912,2.832917089054474,2.8333187050688693,1.5,1.7244946714559621,642033.5801270304,0.2797631573516918,1.7125670111373568,1.735267469829169,1.5,1.7259078931746894,234631.59857100662,4.0,ACL_11_3,ACL_11,ortho,gait_full,4.0,0.5
9.712496492635669,1.1159454477310204,9.776396184779532,1.5,2.6086106324543183,99626.77364971346,0.7331472987236387,1.1941463658379194,1.4012460542922784,0.75,1.3550671570049928,114078.9964227642,0.36292815076612994,1.4985356152169336,1.5418579158573973,0.25,0.9759021892095275,179648.72258765262,1.3287113737236347,1.1941463658379186,1.7864656329486044,0.75,1.3550671570049886,114078.99642276404,-0.29814846263572525,1.1159454477310395,1.155087333530966,1.5,2.6086106324543086,99626.7736497169,-2.267201059233859,1.4985356152169402,2.7176846088287627,0.25,0.9759021892095223,179648.72258765416,0.7413991859065905,0.9367294721505306,1.1946274971129562,0.25,0.4392858233199672,70196.97262940304,0.17664498037924808,0.2911752629144997,0.3405678828464495,0.25,1.658451718778729,6782.647311123561,-0.010490162604168124,0.23619181546092352,0.23642465438737312,0.75,1.1705409978679,4462.9315973759485,9.248560770863904,0.9219636592495816,9.294401181428507,1.5,3.751546688045995,68001.42652242434,0.45768375364355846,1.2976949494417243,1.3760401884232223,0.75,4.441022754942838,134721.0956952242,3.968102899726604,1.2012213708777628,4.145934563481692,1.5,2.4253882393743655,115434.96402147456,0.2192570808639669,0.9219636592495849,0.9476764513724464,1.5,3.7515466880459303,68001.42652242487,-0.02505654635643836,1.2976949494417238,1.2979368290952646,0.75,4.44102275494281,134721.0956952241,-0.2902170852733646,1.201221370877764,1.2357826420685887,1.5,2.4253882393743247,115434.96402147476,0.7810433382531404,0.8058025997953173,1.1222060978565844,0.25,0.6014562373036481,51945.42803927293,-0.013938703316443526,0.2156356257609235,0.2160856555800243,1.5,2.2456721525163132,3719.8979328293517,0.35700933700027876,0.4572976102436041,0.580152368813478,0.25,1.393853063723146,16729.701982700015,7.067917953421427,3.7262151692592567,7.990002733661279,0.75,3.37052646132412,1110778.889048757,0.5501516083008311,2.9702344992265854,3.02075483489008,0.75,3.82234373614471,705785.192382908,8.569008347127765,3.0347722678699283,9.09053060997969,4.25,4.71259112541752,736788.1703842855,1.7476078434214657,3.7262151692592624,4.115678882275202,0.75,3.370526461324089,1110778.8890487605,-0.45614811669916444,2.970234499226586,3.0050564195641987,0.75,3.8223437361446977,705785.1923829084,0.022057542127818783,3.0347722678699216,3.0348524268894965,4.25,4.712591125417551,736788.1703842821,0.7282892158789801,1.8990824354838012,2.033941808097937,0.75,1.7392224097682287,288521.4877221075,-0.02392625953957438,2.2494365875706466,2.2495638304784835,1.5,1.860736015501922,404797.9254521755,0.4000775735886222,1.1365632041306217,1.2049223966182323,1.75,2.284208358904824,103343.06388226879,9.057161486008319,4.373281477351703,10.057721663666175,0.75,3.612680368254265,1530047.2955756513,-2.5770819816751747,3.225229891588289,4.128372487296835,0.75,1.7180403948244785,832168.8014338088,6.830272998024671,3.4374648546259174,7.646488988701502,0.75,2.955099120000236,945293.196234827,2.8476687210083593,4.373281477351699,5.218697924267781,0.75,3.612680368254229,1530047.2955756485,-0.7590733416751853,3.225229891588288,3.3133518061981486,0.75,1.7180403948244691,832168.8014338085,-0.9537708519752789,3.437464854625909,3.567330019057106,0.75,2.9550991200002246,945293.1962348226,0.5589059379879296,1.3473622208226415,1.4586846134851386,0.25,1.4027872281369789,145230.79688804017,-0.10917412581091339,2.4413193721106956,2.443759248860153,1.5,1.7756409404224078,476803.2284853901,0.4953660290330494,1.9459055971239032,2.007968151051731,0.75,1.4475864387366197,302923.887438896,4.0,ACL_11_3,ACL_11,ortho,gait_full,4.0,0.5
9.598213808230648,1.3814412970541563,9.69711752871523,1.5,2.3124798612851656,152670.77637016543,0.45384197973962515,1.2059804702891097,1.288550129910639,0.75,1.60569062495264,116351.26406240635,1.4289807737461677,1.300215254707019,1.931979751526665,0.25,1.236846656474589,135244.91586160832,1.0494060547396207,1.2059804702891082,1.5986375331646991,0.75,1.6056906249526484,116351.26406240606,-0.1838657782307007,1.3814412970541736,1.3936235795978407,1.5,2.312479861285159,152670.77637016927,-1.2011484362538163,1.3002152547070218,1.7701178702244191,0.25,1.2368466564745813,135244.91586160896,0.3464004377105525,0.9058486609582632,0.9698221794772178,0.25,0.8413087696683381,65645.49489756573,0.12990610093800564,0.24844111703642446,0.28035438947022334,0.25,2.3777470687660984,4937.911142531843,0.03866626734449542,0.2019530042422951,0.20562124441031004,0.75,1.445125090911372,3262.801415578307,9.191089426991645,1.1434052098026013,9.261938259822365,1.5,4.0871332017557425,104590.2247435288,0.5135197643397464,1.3801730931011922,1.472610035035773,0.75,5.717519246295783,152390.42743059195,4.017546960649246,1.4691598446520486,4.2777463961950835,1.5,2.5495626579535826,172674.47809827706,0.16178573699170173,1.1434052098025926,1.1547943966341623,1.5,4.087133201755666,104590.2247435272,0.030779464339750026,1.3801730931011886,1.3805162593557323,0.75,5.717519246295766,152390.4274305911,-0.24077302435072595,1.4691598446520486,1.488758643431845,1.5,2.5495626579535537,172674.4780982771,0.4209330203176434,0.9125381833893539,1.0049430549724077,0.25,0.8126050639877505,66618.45546889261,-0.017739304424066408,0.24605676642981594,0.24669538955429773,1.5,2.567654258708675,4843.516676906204,0.17534411540325545,0.52309664857922,0.5517025127379448,2.25,1.562299240385932,21890.474072991197,8.272678199466663,5.21689116404938,9.780243248992711,0.75,3.5389092455936804,2177276.2768886546,1.6470004387344204,3.0263217086315777,3.445465647677557,0.75,5.259875980052412,732689.8696083012,8.052359458547205,4.4375984534843145,9.194170592501587,3.0,4.668370863463861,1575382.4050168092,2.952368089466697,5.216891164049371,5.99436658482259,0.75,3.5389092455936657,2177276.276888647,0.640700713734422,3.026321708631572,3.0933995035744273,0.75,5.2598759800524,732689.8696082984,-0.4945913464527457,4.437598453484337,4.465075658301046,3.0,4.668370863463887,1575382.4050168253,0.4674605600230945,1.6420137128312546,1.7072575694086078,0.75,2.0158346573618258,215696.72365306664,0.15315676688129487,2.8824714572344,2.8865374927432583,1.5,1.7498346646498795,664691.3367053367,0.18464595348296242,1.297535841723993,1.310608022520854,1.5,1.9407406915629288,134687.94119899985,9.222860947586666,4.661042818890332,10.33375460411405,0.75,3.7968699216312642,1738026.0826537353,-2.549386805838065,3.3308212852380494,4.194489661445844,0.75,1.958884807530498,887556.324559508,7.127526934373073,3.5466711212498203,7.961188117518708,0.75,3.125410122790218,1006311.0676817921,3.0133681825866923,4.661042818890313,5.550288998183318,0.75,3.7968699216312887,1738026.0826537213,-0.7313781658380762,3.3308212852380494,3.410173669427925,0.75,1.9588848075304952,887556.324559508,-0.6565169156268914,3.5466711212498168,3.6069225806512235,0.75,3.125410122790219,1006311.0676817902,0.24033354291654263,1.3386428038247693,1.3600458698450788,1.0,2.509324533932243,143359.76376961474,-0.14142916350258847,2.6737725469647975,2.6775103811547885,1.5,1.838440134222681,571925.0755082887,0.33654898231017455,1.9114474446303447,1.9408494406001433,1.5,1.5234599810160947,292290.57694843714,4.0,ACL_11_3,ACL_11,ortho,gait_full,4.0,0.5
9.54368642359582,1.478636138683777,9.657552245913498,1.5,2.2877431064495757,174909.33566873177,-0.02225773778088115,1.0222258487608618,1.0224681377754452,0.75,1.8933277134332887,83595.6672945395,1.7027057051657766,0.8694199293225504,1.9118309893678658,1.5,2.2106463371653384,60471.33698845829,0.5733063372191155,1.0222258487608638,1.1720178506193781,0.75,1.8933277134332962,83595.6672945398,-0.12933839359586957,1.4786361386837772,1.4842820657407507,1.5,2.287743106449573,174909.33566873183,-0.9274235048342078,0.8694199293225477,1.271221999031715,1.5,2.2106463371653358,60471.33698845791,-0.05605581148993048,0.26399386034625466,0.26987962557835377,0.75,1.4644078196056474,5575.422828437917,0.005168296800009051,0.1821991779750708,0.1822724656842182,2.25,3.284120911503445,2655.723690747885,-0.013956462838329811,0.14830896025651974,0.1489641921648543,0.75,1.9839844292626454,1759.6565691594726,9.074898705860585,1.3053192247868164,9.168295632244204,1.5,4.129342559633683,136308.8727178149,0.3329163291177572,1.4093284289952905,1.4481159839486533,8.75,7.0771374149491155,158896.88006011627,4.137700599915346,1.5658456972620591,4.424074931799179,1.5,2.784627327683843,196150.23719225774,0.04559501586063312,1.3053192247868077,1.3061153027467995,1.5,4.129342559633617,136308.87271781306,-0.14982397088224053,1.4093284289952843,1.4172698553998948,8.75,7.077137414949107,158896.88006011493,-0.12061938508463234,1.5658456972620522,1.5704845697084315,1.5,2.7846273276838227,196150.23719225594,-0.0941894219618154,0.45208885559069556,0.46179647092502313,0.75,1.7141385763637407,16350.748533667018,-0.02336658977468746,0.29766978048260934,0.2985854914932461,1.5,2.4808848053155237,7088.584452287293,-0.048925419459376125,0.46590071873105676,0.4684625666831782,2.5,2.296518854271755,17365.088500187194,9.122687974697174,5.884714470752081,10.856025989558212,0.75,4.02401205116028,2770400.3847600683,1.7239868425393385,3.3413069923141356,3.759848806818712,0.75,4.890008757940101,893147.4702764774,7.977833048749492,4.839206597105392,9.330795284603985,4.0,4.374418255204571,1873433.7223071824,3.802377864697206,5.8847144707520815,7.006278743257238,0.75,4.024012051160252,2770400.3847600687,0.717687117539341,3.341306992314128,3.417514771814339,0.75,4.890008757940108,893147.4702764736,-0.569117756250463,4.839206597105417,4.872557389087187,4.0,4.374418255204588,1873433.722307202,0.08820741130415737,1.2013613569425383,1.2045952255275618,3.25,3.0941023283287397,115462.10312582416,0.15403132428233715,3.4235517036411856,3.427015015485727,1.5,1.733506556991943,937657.5503428712,-0.0895593533453325,1.3758581648127401,1.3787699472549853,0.75,2.141656982509247,151439.5605565548,9.256926205485097,5.0859302812807075,10.562072220915969,0.75,3.8598001521331717,2069334.951613902,-1.6629363302869828,2.7589489231095836,3.2213594023200627,0.75,2.628814005157024,608943.9335585419,7.537138708449313,3.4514623665907824,8.28981618483772,3.25,3.781541408607143,953007.3975770113,3.0474334404851153,5.085930281280675,5.929041861906077,0.75,3.8598001521332055,2069334.9516138758,0.15507230971300787,2.758948923109585,2.7633035630504414,0.75,2.6288140051570026,608943.9335585424,-0.2469051415506587,3.451462366590792,3.460282447563589,3.25,3.781541408607142,953007.3975770166,-0.1630473173535277,1.0677773178333787,1.080154076127858,3.25,2.809630235277112,91211.87941378391,-0.018039809521713083,2.9300693910052553,2.9301249241002485,1.5,1.7786605779410205,686824.5313485478,0.021476137894793582,1.4832247618758763,1.4833802340400206,1.5,1.9607690678034133,175996.46676281485,4.0,ACL_11_3,ACL_11,ortho,gait_full,4.0,0.5
9.67962093600517,1.2316317707811284,9.757662541999855,1.5,2.3386482220985663,121353.5906120292,-0.08565071394200256,1.0719406586106404,1.0753570664581082,0.75,1.6791338051824514,91925.04906491302,1.0912727195007377,0.9812341784572982,1.4675478395266386,0.25,1.629983196963121,77025.64142698895,0.509913361057992,1.0719406586106384,1.1870418743111244,0.75,1.6791338051824554,91925.04906491267,-0.2652729060052181,1.2316317707811213,1.2598756023742557,1.5,2.3386482220985845,121353.59061202787,-1.5388564904992483,0.9812341784572964,1.8250752892208115,0.25,1.6299831969631204,77025.64142698867,-0.050376195144732454,0.2632678168349043,0.26804422101264724,0.75,1.3084604889668083,5544.795600157953,0.025955467752222496,0.19628732926699013,0.1979959644462595,1.5,2.400957349712818,3082.300769662037,-0.019223311345749568,0.1685041834461712,0.16959715663287678,0.75,1.4720058291752327,2271.4960144887486,9.15405786531572,1.1193271328734145,9.222237723672883,1.5,3.917237370047389,100231.73120235457,0.26669551368106126,1.3366798814127872,1.3630258993839066,8.75,6.420086774045127,142937.29903870376,4.0643659829210215,1.4226366953019154,4.306154434056578,1.5,2.505552492725649,161911.65133747112,0.12475417531576434,1.119327132873413,1.1262578899369946,1.5,3.9172373700473115,100231.73120235432,-0.21604478631893556,1.3366798814127827,1.3540267556696526,8.75,6.420086774045117,142937.29903870283,-0.19395400207895774,1.4226366953019112,1.4357971032642414,1.5,2.5055524927256334,161911.6513374702,-0.051143009579981476,0.4437096171246121,0.4466473236881286,0.75,1.6910452485979626,15750.305769169358,-0.0353685166345511,0.26980872294650976,0.2721170317105399,1.5,2.1921636589560505,5823.754346620511,-0.010934804619754332,0.40488753559780577,0.4050351669108951,2.25,2.2023426153853793,13114.714025697573,8.651930466770732,5.269782905752851,10.13047445461468,0.75,3.808029342823081,2221648.9499217914,1.3317414267649215,2.853478307843837,3.148948027690707,0.75,4.561627456551597,651387.0837141683,8.0876634000694,3.9914405777273982,9.018974285269415,1.5,3.9995876031960083,1274527.8384857278,3.331620356770768,5.2697829057528525,6.234605526848861,0.75,3.808029342823057,2221648.949921793,0.3254417017649275,2.853478307843831,2.871976802584406,0.75,4.561627456551615,651387.0837141656,-0.459287404930549,3.991440577727405,4.0177783420513276,1.5,3.999587603196006,1274527.838485732,0.10689793939496553,0.9973541608209735,1.0030665439310587,1.5,2.6236423014964503,79577.22785647037,-0.043565891109663336,3.1150267328243944,3.115331368101763,1.5,1.7196646733532936,776271.3279426271,-0.06666104363039202,1.2254077876888876,1.2272195976541715,1.5,1.8302294974324933,120129.93995701795,8.953870653459813,4.719129542059628,10.121362720188857,0.75,3.884954184123276,1781617.159027803,-1.3493006722283005,2.4904331780649214,2.832467072797544,0.75,3.413006627595044,496181.7196395067,7.447803541829248,3.1320201423905507,8.0795623501539,3.0,3.685019460053864,784764.0175932532,2.744377888459841,4.719129542059612,5.459101906853092,0.75,3.8849541841232966,1781617.1590277907,0.46870796777168944,2.490433178064927,2.5341555937746283,0.75,3.41300662759502,496181.719639509,-0.33624030817071066,3.1320201423905623,3.1500170979185067,3.0,3.685019460053861,784764.0175932591,-0.10765265119849404,1.0121184068063784,1.0178274719746694,1.5,2.6856422132267976,81950.71929231196,-0.041198388679840325,2.700194647438057,2.7005089226445724,1.5,1.8257818207013359,583285.5519909896,0.050327699998165304,1.519184466488785,1.5200178685159986,1.5,2.15186581006016,184634.80697218503,4.0,ACL_11_3,ACL_11,ortho,gait_full,4.0,0.5
9.689854891858529,1.3608928857274791,9.784953616226208,1.5,2.366904008649204,148162.3749302155,0.21034835325510792,1.266195807976547,1.2835490850974558,0.75,1.4789014667308764,128260.25484947932,1.7318177805732666,0.7885046576380045,1.9028747778628368,1.5,2.1222993852039527,49739.44727834576,-0.19841733174488813,1.2661958079765472,1.281647869609333,0.75,1.4789014667308695,128260.2548494794,-0.16147489185858632,1.3608928857274807,1.3704391949752501,1.5,2.366904008649218,148162.37493021574,-0.40524355442672444,0.7885046576380015,0.8865449416251989,1.5,2.1222993852039544,49739.44727834539,-0.04220029116617678,0.24156575997192337,0.24522414433599923,0.75,1.6907911837884204,4668.35005092728,0.0328426733476772,0.22053186456574905,0.2229639981734004,1.5,2.395300996219991,3890.746793622681,0.027176517946094166,0.17434195185850682,0.17644738395767812,0.75,1.2832764587571357,2431.6095553465484,9.241274216028533,1.2426711607956689,9.324450694261136,1.5,4.179457581926029,123540.01841947493,0.36618993997100885,1.3956699480841188,1.4429101413882635,8.5,6.175746825309094,155831.5753524534,4.056829155984926,1.498319458707296,4.324676172985706,1.5,2.5760447339935153,179597.472803844,0.3079740510285781,1.2426711607956726,1.2802654529355297,1.5,4.179457581926031,123540.01841947561,-0.32180641002898575,1.3956699480841173,1.4322897645102635,8.5,6.175746825309101,155831.57535245304,-0.3887799840150461,1.4983194587072879,1.5479376848929156,1.5,2.5760447339935046,179597.472803842,0.03581322084610877,0.3602335542575335,0.3620093926963602,0.75,1.9906421416482158,10381.462812891263,0.017700076269318313,0.2653202764784795,0.2659100257804442,1.5,2.4353084885882628,5631.592616921548,0.04284868071558002,0.41228911553789444,0.41450973960823284,2.25,2.2869090767428393,13598.637840795674,7.963722145274282,5.0745569026645905,9.443092616590864,0.75,3.9443071552138256,2060099.253012598,1.2353202770154281,2.923872339098757,3.1741212393593776,0.75,5.0620349959553534,683922.4894250311,8.574193747553196,3.967343757385093,9.447571905513225,3.0,4.163628682195971,1259187.740536788,2.5515392752743193,5.074556902664604,5.679919051504904,0.75,3.944307155213794,2060099.2530126083,0.24495352201543114,2.923872339098749,2.9341151448596134,0.75,5.062034995955329,683922.4894250274,0.10153172255324516,3.9673437573850765,3.9686427377564453,3.0,4.1636286821959585,1259187.740536778,0.06371220144702869,1.0470575251166525,1.0489941398866993,1.5,2.457431356898156,87706.41927929017,-0.2873462331192071,2.9352871504564604,2.9493183133264207,1.5,1.913025671813005,689275.6261878288,-0.034516772586470054,1.2808381723344433,1.2813031769643057,1.5,1.9962802941589166,131244.00964477516,9.008872288767058,4.821959226494498,10.218173549969212,0.75,3.780531982087697,1860103.2666035118,-1.5816565929606832,2.5236070013207312,2.978293114381291,0.75,3.0035729009850307,509487.6343380894,7.744076273975279,3.415056369635373,8.46364740197357,3.0,3.7935661614248093,933008.8359428241,2.7683993187671034,4.821959226494511,5.560155175004175,0.75,3.780531982087695,1860103.266603522,-0.01090422796069399,2.523607001320728,2.52363055919491,0.75,3.0035729009850036,509487.634338088,-0.0729054910246839,3.4150563696353835,3.4158344834620955,3.0,3.7935661614247915,933008.8359428302,-0.0607222766659907,1.0799641784980434,1.0816699227224795,1.5,2.2282298237939573,93305.815057385,-0.08896184369347379,2.653096992965867,2.6545880779732793,1.5,1.7852020568991973,563113.8948532272,0.1423562029442904,1.6747396600408806,1.6807790507471705,1.5,1.8042828129119959,224380.23552005942,4.0,ACL_11_4,ACL_11,ortho,gait_full,4.0,0.5
9.569982838002778,1.5812920548196845,9.699745155533911,1.5,2.173380533792458,200038.90169375448,0.19364932556800746,1.269519443540818,1.2842039085834978,0.75,1.7879723213170584,128934.77857219189,1.5132547487554788,0.9601864086697329,1.7921768534452973,1.5,2.010532645587667,73756.63641118734,-0.21511635943198898,1.2695194435408188,1.2876158843472936,0.75,1.7879723213170573,128934.77857219201,-0.0416028380028339,1.5812920548196812,1.581839232907611,1.5,2.1733805337924474,200038.90169375355,-0.6238065862445111,0.9601864086697286,1.1450295177138892,1.5,2.010532645587667,73756.63641118667,0.019471815146330215,0.26431970203771915,0.26503595316560635,0.75,1.6827388223492565,5589.192873385172,0.013539627052371252,0.19840326882244616,0.1988647243232171,1.75,2.8975249170298074,3149.1152678391927,0.016090169471994754,0.15570064831759042,0.15652982284585737,0.75,1.718812261239839,1939.4298938840095,9.122060777076161,1.4446136354136612,9.235740434653541,1.5,3.781486607041036,166952.7528297766,0.21743992052146838,1.5004391362959482,1.5161127005486477,8.75,7.162475645942529,180105.44439005892,4.155853682453362,1.488353917705806,4.414330890895176,1.5,2.7492621427557515,177216.6583675198,0.18876061207621242,1.4446136354136625,1.4568936557945693,1.5,3.781486607040975,166952.7528297769,-0.4705564294785251,1.500439136295944,1.5724951367340048,8.75,7.162475645942522,180105.44439005788,-0.289755457546616,1.4883539177057958,1.516296675960295,1.5,2.749262142755739,177216.65836751732,0.08840246844969551,0.37368921670151056,0.38400342069698795,0.75,2.7150901679404336,11171.631431030599,0.019530661962528242,0.2834699884002193,0.28414200865115846,1.5,3.0365285291395137,6428.437439410534,0.04991391882534764,0.45391051535853916,0.45664664155729645,2.5,2.5106383166947026,16482.823951805694,8.781459576170972,6.028027356126393,10.651344802142734,0.75,3.557889101279241,2906969.158400871,0.8359503356644217,3.498214877669675,3.5967096482822907,0.75,4.677248060640414,979000.6013152294,8.530743430260545,5.257336896029394,10.020637440367025,4.0,4.9595520792798995,2211167.4307113453,3.369276706171005,6.028027356126385,6.905732352832289,0.75,3.557889101279227,2906969.1584008625,-0.1544164193355772,3.498214877669663,3.5016213046115934,0.75,4.67724806064041,979000.6013152227,0.058081405260575245,5.257336896029372,5.257657718793492,4.0,4.959552079279879,2211167.4307113267,0.18829735694852331,1.24837005651452,1.262491066358834,1.5,2.6289646448846935,124674.28242913737,-0.07162500685136386,3.2683589108343636,3.269143635822208,1.5,1.874823964755018,854573.6030702488,-0.03826226007491518,1.3463674677609034,1.3469110433844351,1.5,2.4350079120046186,145016.4428352659,9.392764935298548,5.220497201699517,10.746051561514415,0.75,3.7134122034507544,2180289.476036415,-1.7955551466623172,2.9790425728547603,3.478320418763436,0.75,2.810973352563876,709976.7198273948,7.536720957680543,3.914248565624597,8.49255583599162,3.25,4.20890090160797,1225708.9367043555,3.152291965298594,5.220497201699527,6.0984043542092765,0.75,3.7134122034507375,2180289.476036424,-0.2248027816623256,2.979042572854766,2.9875125006473633,0.75,2.810973352563866,709976.7198273975,-0.28026080731941877,3.914248565624608,3.9242690980122186,3.25,4.2089009016079455,1225708.9367043618,-0.14982792234712816,1.0377606519074074,1.048520661199456,3.25,2.8069440833043426,86155.98467879595,-0.024010900047700172,3.026458317383865,3.026553563078485,1.5,2.297100354919914,732769.6104280958,0.13162229774261403,1.7743456430919113,1.7792208661159228,0.75,2.3304996169163212,251868.1587348987,4.0,ACL_11_4,ACL_11,ortho,gait_full,4.0,0.5
9.674994206181239,1.4479296551439007,9.782740575926855,1.5,2.216003881067551,167720.02618856292,0.2612070459961968,1.248874335344384,1.275898203760761,0.75,1.5283836572097538,124775.03418460402,0.624375221367174,1.2484759521203916,1.3958999319722838,1.5,1.8493026570738547,124696.17500007071,-0.1475586390038009,1.2488743353443856,1.2575613931043426,0.75,1.5283836572097567,124775.03418460436,-0.14661420618128715,1.4479296551438887,1.455333642742883,1.5,2.2160038810675218,167720.0261885601,-1.512686113632814,1.2484759521203925,1.9613545017157064,1.5,1.849302657073849,124696.17500007086,0.45211257129097926,0.7461108959359402,0.8724031442823162,0.25,1.0939573312307698,44535.292462777186,0.03549336918340308,0.20862776422921475,0.2116254315134884,4.75,3.2478900265694723,3482.0616955809955,-0.011757454944321228,0.1715631609695047,0.17196556617130046,0.75,1.7106622604388182,2354.7137173070896,9.111300342308565,1.3481142815413085,9.210494343076698,1.5,3.7015258919526843,145393.0736813406,0.3193230792341942,1.5046303699558379,1.5381416641925572,0.75,6.528359517560217,181113.0569435027,4.075068439262985,1.3407315291367419,4.289958486733712,1.5,2.7575561967586615,143804.983734106,0.1780001773086095,1.3481142815413114,1.3598147591556515,1.5,3.7015258919526914,145393.07368134128,-0.368673270765802,1.5046303699558379,1.5491392870786656,0.75,6.528359517560221,181113.05694350268,-0.3705407007369905,1.3407315291367408,1.390992970551614,1.5,2.7575561967586375,143804.98373410583,0.3956360447656102,0.7751590546927178,0.8702869871426803,0.25,1.4786213634381125,48070.55435189429,0.054071137785992526,0.28853780095552867,0.2935604716608216,1.5,2.907394912821307,6660.3665540938355,0.1410104387647041,0.4983243673889055,0.5178910300190256,2.5,2.337380286046373,19866.49722404497,8.527691107428733,5.747563470001881,10.283773697695763,0.75,3.6396343823242905,2642763.9174914313,0.5288228236760285,3.3094462139337524,3.351430712660063,0.75,4.474517623674756,876196.2409268956,8.135481012037706,5.006940573268619,9.55277473834014,4.0,5.106379707568912,2005557.5743448583,3.1155082374287586,5.747563470001876,6.537650756899336,0.75,3.639634382324308,2642763.9174914258,-0.4615439313239654,3.3094462139337426,3.3414752794929323,0.75,4.474517623674746,876196.2409268906,-0.3371810129622672,5.006940573268602,5.01828107420714,4.0,5.106379707568894,2005557.5743448439,0.4379543519992636,1.716548681252821,1.7715370133152437,0.75,2.4080977473787173,235726.30964802543,0.15041774157621352,2.9520219291452423,2.9558516483638493,1.5,1.8323135167980569,697155.1675795991,0.20976884140396518,1.561970888530989,1.5759936622468536,1.5,2.2900381580727505,195181.6130150786,9.210254602174253,4.913113458302829,10.438748664999478,0.75,3.5586518298634,1931094.7146754977,-2.0503907830969528,3.085916474679101,3.7049943120205766,0.75,3.159082050729858,761830.490552529,7.243554666590772,3.8503262350634335,8.20329789318337,0.75,4.153056335642235,1186000.9978563741,2.969781632174285,4.913113458302844,5.740930830183926,0.75,3.5586518298634093,1931094.7146755098,-0.4796384180969616,3.085916474679102,3.1229686999408837,0.75,3.159082050729835,761830.4905525298,-0.5734270984091787,3.850326235063435,3.8927921539182817,0.75,4.153056335642236,1186000.9978563748,0.10857625766026845,0.9490597526565067,0.9552503430200581,3.25,2.8160687740820136,72057.16684544293,-0.09921341566075234,2.8652857225774113,2.867002890450763,1.5,1.83327881210207,656788.9827676181,0.33203187981330196,1.9121929485763114,1.940805771270614,0.75,1.6168107530195355,292518.55640074937,4.0,ACL_11_4,ACL_11,ortho,gait_full,4.0,0.5
9.615977707554247,1.1814300305273782,9.688281797574438,1.5,2.3901908141367274,111662.23290709112,0.24586579615678492,1.2536762132473445,1.2775578411101436,0.75,1.2768408308189814,125736.60279074316,1.1946833050720325,1.9437978154624942,2.2815823778278532,0.25,0.7356411602494742,302268.4837871708,-0.1628998888432127,1.2536762132473454,1.2642153382423955,0.75,1.2768408308189858,125736.60279074335,-0.08759770755429569,1.181430030527354,1.1846730668841223,1.5,2.3901908141367123,111662.23290708652,-0.9423780299279549,1.9437978154624969,2.160191264376298,0.25,0.7356411602494777,302268.4837871716,0.7496565613803596,0.8823554551460216,1.1578152310479286,0.25,0.3905090524359792,62284.097897301,0.17413479496397016,0.2798415345365531,0.32959704378060906,0.25,1.6585234855398554,6264.902958041476,0.020835999504879566,0.1930236946600313,0.19414501171952972,0.75,1.5684849371118237,2980.6543034934843,9.169621019756311,1.0809386980338596,9.233113132354868,1.5,4.176473643065904,93474.32799262014,0.5541414309597081,1.5565063808043653,1.6522060522195097,0.75,4.502856618742275,193816.9694737329,4.129293208424943,1.1979030118215603,4.299538815602846,1.75,2.7521198791317563,114797.85553082488,0.23632085475635264,1.0809386980338607,1.106470069771393,1.5,4.176473643065983,93474.32799262034,-0.13385491904028834,1.5565063808043669,1.562251341121521,0.75,4.502856618742288,193816.96947373333,-0.3163159315750298,1.1979030118215626,1.2389622247265448,1.75,2.7521198791317754,114797.85553082528,0.7055756325131947,0.8755488988652809,1.124465583066285,0.25,0.6334569567850541,61326.87450138143,0.0449983270179515,0.26708339462714975,0.27084753851563115,1.5,2.119114172947939,5706.701761673701,0.33814361701066276,0.5500798523625101,0.645700355970333,0.25,1.2150837450976302,24207.071171291216,7.594211160617743,4.498935337147657,8.826803629847385,0.25,3.7755113452497415,1619233.5418377141,0.9031239917476356,2.9253447243153645,3.0615804252950665,1.0,5.2763715890263825,684611.3512031715,8.216496564784245,3.505414473439566,8.933014408905366,3.5,4.376952233281009,983034.4599161266,2.182028290617768,4.498935337147663,5.000166660111666,0.25,3.7755113452497935,1619233.5418377183,-0.08724276325235522,2.9253447243153663,2.9266453587374834,1.0,5.2763715890263905,684611.3512031725,-0.25616546021571546,3.505414473439568,3.514761922749126,3.5,4.376952233281023,983034.4599161278,0.6343312865629073,1.7895205270103998,1.8986205249349148,0.75,1.659052560312808,256190.69747678374,-0.06479056279371004,2.5523562864511242,2.5531784955254695,1.75,1.758147763870244,521161.80910021224,0.44871608306343425,1.5156386945975466,1.5806665605880152,1.0,1.488412836115476,183772.8523504032,8.648747672968472,4.288044936385279,9.653401767622489,0.75,3.4479584379463266,1470995.1489317527,-2.1629946673919194,2.903739843152636,3.6208080600713943,0.75,3.4289956390099863,674542.4758375136,7.4692192959106345,3.39614578634832,8.2050620407487,0.75,3.789785860988294,922704.95984667,2.40827470296851,4.288044936385289,4.918039896281605,0.75,3.4479584379463386,1470995.1489317592,-0.5922423023919315,2.903739843152637,2.963520882574408,0.75,3.428995639009957,674542.475837514,-0.34776246908931824,3.3961457863483155,3.4139046467408134,0.75,3.7897858609883235,922704.9598466676,0.43382390235974405,1.143691276719616,1.2232059984741661,1.75,2.1888435864603766,104642.39361118026,-0.15653429605846628,2.3186466815344913,2.323924572707434,1.5,2.022961777285385,430090.41992079635,0.5472621429882546,1.8474446311420456,1.9267972177381991,0.75,1.704352038135695,273046.57240006933,4.0,ACL_11_4,ACL_11,ortho,gait_full,4.0,0.5
9.278614283452715,1.3560661523693733,9.377184995012875,1.5,2.486267445261635,147113.43139361253,0.20030749873361778,1.2610340672437204,1.276843769925733,0.75,1.415276457821016,127216.56714105164,2.817515131826152,1.5689900512076178,3.2249219058541287,0.25,1.1581798098164706,196939.72964424104,-0.20845818626637994,1.26103406724372,1.278147774778295,0.75,1.4152764578210144,127216.56714105161,0.24976571654722832,1.3560661523693633,1.3788757459481982,1.5,2.4862674452616056,147113.4313936104,0.6804537968261676,1.5689900512076216,1.710189214795732,0.25,1.1581798098164775,196939.72964424195,0.2547824805704876,0.7686952472678115,0.8098188041640999,0.25,1.1607072793885935,47272.178580776585,0.12636555215942682,0.3116328913043618,0.33627862215025356,0.5,1.7155686123128673,7769.214567976141,0.047982776286414806,0.19420589099771168,0.2000456820787872,0.75,1.5609030206124508,3017.281711627151,9.099003963402513,1.2081468806497975,9.178861150014116,1.5,3.819378156221669,116769.79111617374,0.5503497471687389,1.6136636371122028,1.7049326021713815,0.75,5.4352325234469525,208313.5323850026,4.232195207409174,1.3590004028552827,4.44503749911944,1.5,2.6776063084391932,147750.59054102164,0.1657037984025449,1.208146880649804,1.2194575162870098,1.5,3.8193781562217257,116769.79111617498,-0.13764660283125835,1.6136636371122035,1.6195236710246539,0.75,5.435232523446954,208313.5323850027,-0.21341393259080071,1.359000402855277,1.3756553353164722,1.5,2.6776063084391875,147750.59054102036,0.3391587934404272,0.7576903226520668,0.830134514526748,0.25,1.6815647971646843,45928.6336362026,0.014794401127179814,0.2790031065908164,0.27939507474549075,1.5,2.294801474176323,6227.446756796869,0.20049128565502664,0.5653587247846358,0.5998560188192789,2.25,1.9735271476533902,25570.779277628946,8.079963352367555,4.983837208358889,9.49338933653441,2.25,3.314340081068278,1987090.8620613674,1.470196832144702,2.9211749752937775,3.2702816333659888,0.75,5.558286643295478,682661.9451724327,8.384874458955982,3.9876341099674146,9.28479108474865,3.0,4.14258488446959,1272099.0304962052,2.6677804823675855,4.98383720835889,5.652936053196071,2.25,3.3143400810682797,1987090.8620613695,0.4798300771447107,2.92117497529378,2.960320952061671,0.75,5.558286643295516,682661.945172434,-0.08778756604397653,3.9876341099674155,3.988600312356146,3.0,4.1425848844695965,1272099.0304962061,0.4062945916811343,1.3560864069368352,1.4156431889103254,0.75,2.6609294387218494,147120.32245008837,-0.20375685628906862,2.9652140125559776,2.9722064189324278,1.5,1.8833141879759379,703402.169033884,0.19595128629940667,1.3540398696728868,1.3681450490595506,1.5,2.1964904484485945,146676.21661628247,8.714207922446048,4.602634161426461,9.855032264764603,0.75,4.10396287153047,1694739.3054725728,-1.680758133695266,2.9881566169288,3.4284147752683256,0.75,2.6898110561904414,714326.39829096,7.62090989272868,3.238364903536298,8.280415137029394,3.0,4.094329470089354,838960.6053472328,2.4737349524460877,4.602634161426469,5.225285239954215,0.75,4.1039628715304515,1694739.3054725789,-0.11000576869527784,2.98815661692881,2.9901808033029824,0.75,2.6898110561904334,714326.398290965,-0.19607187227128026,3.2383649035362976,3.2442952127621827,3.0,4.094329470089379,838960.6053472325,0.18632940468803497,1.3085839945043956,1.3217831583601287,1.5,2.097629739786281,136991.37153561768,-0.03196314014723274,2.4663031663242134,2.4665102778113277,1.5,1.8694320964179112,486612.1054976848,0.37591435838694776,1.726337045239195,1.766791215341152,1.5,1.5694896351306347,238419.1687392968,4.0,ACL_11_4,ACL_11,ortho,gait_full,4.0,0.5
9.246567361980397,1.5659516769216173,9.378230783793644,1.5,2.3476176885731954,196176.4977122988,0.34346284954024964,1.3154202725339044,1.3595209532800439,0.75,1.7504018646601478,138426.5214843116,2.7560683284304206,1.105214158620657,2.969412562678487,1.5,1.586572826206791,97719.9181218566,-0.0653028354597475,1.3154202725339066,1.317040224789,0.75,1.7504018646601427,138426.5214843121,0.28181263801955353,1.5659516769216177,1.5911074814107207,1.5,2.347617688573211,196176.49771229888,0.6190069934304349,1.1052141586206599,1.266754906969521,1.5,1.5865728262067889,97719.91812185712,-0.10094069599867918,0.2768302861931312,0.2946591784799325,0.75,1.7520786716211645,6130.805967705197,-0.010342645712335952,0.23822350412801188,0.23844791514995428,3.25,2.771822511838791,4540.035454348732,-0.0021372902707033382,0.2106779996524968,0.21068884058553902,0.75,1.7526329795970428,3550.8192387579297,9.082901887876938,1.4068840802639015,9.191214801107545,1.5,3.8880722158591627,158346.2386401929,0.2759433876282631,1.5928127825589324,1.6165386829454131,8.75,7.07784192404093,202964.20499247158,4.13723990681952,1.6227509151472916,4.44410559946446,1.5,2.8428495743419275,210665.97748526273,0.1496017228769633,1.4068840802638982,1.4148157091253089,1.5,3.8880722158591823,158346.23864019217,-0.4120529623717319,1.5928127825589322,1.6452477637372578,8.75,7.0778419240409365,202964.20499247144,-0.30836923318045273,1.622750915147286,1.6517905789123677,1.5,2.8428495743419333,210665.97748526128,-0.05217054346663745,0.43202914073999227,0.43516771945324756,0.75,1.9938119132813572,14931.934662445907,0.019024833539550326,0.301528071010128,0.3021276582808936,1.5,2.581276467260265,7273.551367156429,-0.010876376324435312,0.47418865090621537,0.4743133692088041,2.5,2.5112269529382485,17988.445546719817,9.142711939367931,6.226962906372122,11.06183748947684,0.75,3.656551282415342,3102005.3656097082,1.3377139645091856,3.329441831901675,3.5881278632261235,0.75,5.31792665077741,886814.6518150467,8.265212727503007,4.946590382830033,9.632367198481601,4.0,4.41979026814769,1957500.526501913,3.730529069367967,6.226962906372158,7.2589196286179,0.75,3.6565512824153354,3102005.3656097446,0.3473472095091988,3.3294418319016756,3.3475114631574625,0.75,5.317926650777445,886814.6518150467,-0.20744929749696048,4.946590382830053,4.950938459175063,4.0,4.419790268147701,1957500.5265019282,0.12235702459610284,1.23742531672913,1.2434599534967739,1.5,2.588153499459381,122497.7136940419,-0.05198634544064006,3.290019243891398,3.2904299423157455,1.5,1.7950430241496127,865938.1300601877,-0.04832364404557319,1.4273792110535388,1.428196970561717,1.5,1.954982395813885,162992.91311885603,9.378068067028138,5.274002372025127,10.759333701021617,0.75,4.6422523300340846,2225237.2298408896,-1.3867694976375327,3.1698689201509045,3.4599419952531743,0.75,2.7460791801394016,803847.0276537818,7.555673296775427,3.5019272751776533,8.327766423732022,3.25,4.152850078294031,981081.2781807358,3.1375950970281705,5.274002372025129,6.136742133495745,0.75,4.642252330034057,2225237.229840892,0.1839828673624552,3.1698689201509125,3.1752037204597787,0.75,2.74607918013941,803847.0276537859,-0.2613084682245336,3.5019272751776582,3.5116629616463864,3.25,4.152850078294047,981081.2781807384,-0.27234723752330897,1.1397480952991008,1.1718356277757158,0.75,2.600043764921072,103922.11281271484,0.14781215554222082,3.102770123311998,3.1062889227249273,1.5,1.724841177748588,770174.8486035059,0.17668657305263633,1.7235391102131516,1.7325718483028134,1.5,1.9066303432495801,237647.52211259355,4.0,ACL_11_4,ACL_11,ortho,gait_full,4.0,0.5
9.591031424802392,1.3742493652233931,9.688985762677325,1.5,2.565923735388717,151085.13556141025,0.3747879948658437,1.1386818986671492,1.1987754199381064,0.75,1.6689038035662698,103727.81372863104,1.716639702564232,1.022688300291762,1.9981849834220726,1.5,1.7236570182481452,83671.64922131992,-0.03397769013415178,1.1386818986671519,1.1391887243907757,0.75,1.6689038035662673,103727.8137286315,-0.0626514248024524,1.3742493652234002,1.3756767494025244,1.5,2.5659237353887447,151085.1355614118,-0.4204216324357567,1.0226883002917615,1.1057331091061708,1.5,1.7236570182481377,83671.6492213199,-0.029908357160784226,0.2648990935032958,0.2665821441262053,0.75,1.430233730419837,5613.7273390163455,0.003940577167790191,0.19752836723323172,0.19756766944579207,1.0,3.089728430623347,3121.4004821111216,-0.0005435503382234818,0.17859956189428333,0.17860038901357447,0.75,1.8873945881270096,2551.824431349325,9.162774410187785,1.2553612071921612,9.248371026970915,1.5,4.163101272364657,126074.7113718696,0.25231259827327895,1.4425548434309536,1.4644542067109905,8.75,6.833671649112061,166477.86917978444,4.099442746543349,1.511595536644521,4.369250725077529,1.5,2.8106308040686034,182793.72294418357,0.22947424518782225,1.2553612071921536,1.27616228972943,1.5,4.163101272364673,126074.71137186808,-0.4356837517267161,1.442554843430953,1.5069123424488793,8.75,6.833671649112068,166477.86917978432,-0.3461663934566227,1.5115955366445242,1.5507263583116178,1.5,2.810630804068616,182793.72294418426,-0.0010050519862198114,0.35175774899124873,0.3517591848195088,0.75,2.432999468819864,9898.69000826935,0.0063659782647252795,0.2513193589465855,0.25139997187865726,1.5,2.770565119569422,5052.917382701596,-0.011266305237749701,0.4404720948134859,0.44061615488210454,2.25,2.2889989967863698,15521.262519641272,8.645005680730428,6.269477355389386,10.679066884779854,0.75,3.61141340445544,3144520.782444867,0.9886770157330327,3.502869750349215,3.639722342342936,0.75,5.123443898618901,981608.2773529027,8.279994067743196,4.8034519953000805,9.572431918431954,4.0,4.580064619081119,1845852.189932301,3.2328228107304593,6.269477355389429,7.053898896023392,0.75,3.6114134044554427,3144520.782444911,-0.001689739266955712,3.502869750349219,3.502870157903429,0.75,5.123443898618929,981608.2773529051,-0.1926679572567685,4.80345199530009,4.807314428337917,4.0,4.580064619081128,1845852.1899323093,0.15713834651686132,1.2118471140296325,1.2219925890642718,1.5,2.2946861456095107,117485.8763916809,0.09376261840209014,3.122563194322349,3.123970603438228,1.5,1.7586997697569868,780032.575152805,-0.0772283806474016,1.4416052384216982,1.4436723611063216,1.5,2.3250229585343987,166258.82143010618,8.859513068708555,4.8041617008243795,10.078240990484673,0.75,3.924392147841332,1846397.5770580699,-1.2371774360657983,2.7280474971555164,2.9954717750375854,0.75,2.910362767871631,595379.5648747736,7.6921929735111005,3.0927472525910544,8.290652465888499,0.75,3.6795797739283125,765206.8605661961,2.6190400987085765,4.804161700824373,5.471685360682864,0.75,3.924392147841317,1846397.5770580648,0.33357492893418966,2.728047497155524,2.748365947240281,0.75,2.9103627678716584,595379.564874777,-0.12478879148884843,3.0927472525910455,3.095263770810286,0.75,3.67957977392832,765206.8605661918,-0.17743903813047993,1.075396638152517,1.0899369438652886,1.5,2.4349601736939523,92518.23446999675,-0.07617611948160599,2.7259292490716622,2.726993412555973,1.5,1.789007855540895,594455.2222391213,0.06753183568368744,1.5804172696087844,1.5818594422098613,1.5,1.801197898569556,199817.49973884955,4.0,ACL_11_4,ACL_11,ortho,gait_full,4.0,0.5
9.753784872399955,1.4375826944281362,9.859156319907777,1.5,2.42743231817103,165331.69655362517,0.10243314792037053,1.1388122961516323,1.1434098108985375,0.75,1.5208740291119118,103751.49741385345,1.3256426284049398,0.9386513791013973,1.6243136365041428,1.5,1.646808385573774,70485.49311347418,0.43004003292036785,1.138812296151632,1.2173035265620087,0.75,1.520874029111912,103751.49741385343,-0.5508905024000034,1.437582694428149,1.5395208179670141,1.5,2.427432318171025,165331.69655362808,-1.7551006215950407,0.9386513791013978,1.9903378113808357,1.5,1.6468083855737718,70485.49311347424,0.024292904335972466,0.23508840105231318,0.23634022406355198,0.75,1.4738958591071676,4421.327367843723,-0.002052544916297172,0.20087207603653084,0.20088256238872318,0.25,2.6768079921689565,3227.9846053797605,-0.0320764450939495,0.15900396410368725,0.16220714821040355,0.75,1.766731949923496,2022.5817517164119,9.227615505003202,1.3441100386523075,9.324994354109895,1.5,4.428704959688752,144532.14348143013,0.3630360501891507,1.4224624335392702,1.468058087599875,0.75,5.938721440451244,161871.9821539302,4.075521231780729,1.560741990553612,4.364148126699272,1.5,2.6633030296132585,194873.71334245653,0.19324657500323625,1.344110038652295,1.3579307915929866,1.5,4.428704959688726,144532.14348142743,-0.24095841481084704,1.4224624335392668,1.4427267005564877,0.75,5.938721440451208,161871.98215392942,-0.0974310082192462,1.560741990553605,1.5637801515685792,1.5,2.6633030296132727,194873.71334245478,0.0007268781162088533,0.424208756597632,0.4242093793469268,0.75,1.6987368287328701,14396.262863425667,0.006634946694657107,0.2795365092626544,0.2796152401575976,1.5,2.314016786116467,6251.259615096199,0.011154633261556555,0.41232348022925797,0.41247433640357206,2.25,2.3559129082078285,13600.93353598368,8.068733797800858,5.3517210714571615,9.682219968914795,0.75,4.108813576269623,2291279.758110883,1.593611105329889,3.201144975677693,3.5758810816828475,0.75,5.238948114696597,819786.9646566655,8.47951746096601,4.139411377236864,9.43593889980353,3.0,4.33166049425315,1370780.4434386038,2.502210967800891,5.351721071457155,5.907789616604639,0.75,4.108813576269594,2291279.758110878,0.5556793853298967,3.2011449756776904,3.2490165796109953,0.75,5.2389481146966,819786.9646566638,0.13705893096605876,4.139411377236871,4.141679816276918,3.0,4.3316604942531685,1370780.4434386082,0.0681840793863355,1.1612931583939423,1.1632931137139686,1.5,2.467913731929371,107888.34873419492,-0.2845993439152842,3.040996952560667,3.0542853913870376,1.5,1.9591768170772785,739817.0211039839,-0.0037074123938065106,1.3326816573623677,1.3326868142128385,1.5,2.1986991446095923,142083.8396377039,9.00653390505268,5.182057102304223,10.390927234583307,0.75,4.1075638756113015,2148297.2657573614,-1.6426782004489808,2.690609495473754,3.152423056533471,0.75,2.971517264690743,579150.524246771,7.667737402315245,3.471233688475714,8.416867599699597,3.0,3.681439789855749,963957.0880548062,2.616752880052709,5.182057102304231,5.805265837737826,0.75,4.1075638756113255,2148297.265757369,0.05497252455100712,2.6906094954737583,2.6911710156712565,0.75,2.9715172646907284,579150.5242467731,0.017838067315294453,3.4712336884757176,3.4712795215387477,3.0,3.6814397898557707,963957.0880548079,-0.08612702586029954,1.0692053814068083,1.072668640453714,1.5,2.3436625493742502,91456.01349136396,-0.08909721969456179,2.651644052333978,2.653140496625737,1.5,1.79650174472799,562497.2964837668,0.11787904613270986,1.5988376499172796,1.6031772516818492,1.5,1.8728479620674592,204502.5464693388,4.0,ACL_11_5,ACL_11,ortho,gait_full,4.0,0.5
9.547874123182261,1.6299387515398303,9.686000237760926,1.5,2.272235570246334,212536.47914949394,0.20728780686527906,1.1450772476622273,1.1636881618323351,0.75,1.8292256685298465,104896.32424902375,1.5673245925948083,0.8150081897716783,1.7665629702751582,1.5,2.2526123114076144,53139.62217578635,0.5348946918652765,1.1450772476622297,1.2638489761436515,0.75,1.8292256685298447,104896.3242490242,-0.3449797531823181,1.629938751539834,1.6660466271617267,1.5,2.272235570246297,212536.47914949481,-1.5134186574051733,0.8150081897716795,1.7189166303160222,1.5,2.252612311407633,53139.62217578653,0.09574340101731511,0.22481927287471049,0.24435732911921415,0.75,1.9310750580993596,4043.499735393968,-0.0041160152845132235,0.14634182303767895,0.14639969519030321,4.75,3.5328975029558434,1713.282331265496,-0.03409807435963708,0.1533779125431801,0.15712244502660572,0.75,2.238419545350801,1881.9978309874318,9.103072599243076,1.4925784136882143,9.224625795559302,1.5,4.190470409658964,178223.28221312337,0.22932256535015202,1.4089978184617762,1.4275376322215887,9.0,6.787517654551368,158822.60653438332,4.153460552905896,1.5988023697681095,4.450550930179484,1.75,2.8580539174822377,204494.41016359723,0.06870366924310632,1.4925784136882139,1.494158798513562,1.5,4.190470409659014,178223.2822131233,-0.37467189964984415,1.4089978184617773,1.457962237102618,9.0,6.787517654551361,158822.60653438355,-0.019491687094080577,1.5988023697681062,1.5989211811224109,1.75,2.858053917482245,204494.41016359633,0.07435932297575387,0.3772875608022778,0.3845454621362017,0.75,2.42268236989001,11387.7195709526,0.004821635461661939,0.29925282006475534,0.29929166123571505,1.75,2.786294836768841,7164.196352664409,0.040000481146390224,0.44345254457495725,0.4452529593185734,2.5,2.394110537918127,15732.020087287334,8.84609319848613,6.246205953299289,10.829055992436924,0.75,3.9204774003429455,3121207.22097686,0.9630663642005216,3.576518035304893,3.7039138865145853,0.75,5.207057746732612,1023318.5185322717,8.483642086312718,4.962077098334697,9.828244613280344,3.25,4.870613988095706,1969776.7885451778,3.2795703684861643,6.246205953299281,7.0548331385571315,0.75,3.9204774003429175,3121207.2209768514,-0.07486535579947017,3.5765180353048875,3.577301507891124,0.75,5.207057746732616,1023318.5185322687,0.14118355631276816,4.962077098334708,4.964085205391917,3.25,4.870613988095703,1969776.7885451862,0.21989518886006781,1.3196590865607343,1.3378542517128373,0.75,2.515056318167572,139320.09522489092,-0.08701475600521995,3.3545752199723573,3.3557035736511707,1.5,1.8495106598466002,900253.9946559067,-0.019659738040083374,1.3709515065662659,1.3710924617457858,1.5,2.2972884858815195,150360.6767180118,9.425619045424341,5.6730156662567275,11.00115453664116,0.75,4.129399819934154,2574648.946082486,-1.8685523382829181,2.957126591213817,3.4980116519769355,0.75,2.6008404336506206,699569.0653426744,7.498874236684271,3.9507055167998812,8.475918174338409,3.25,3.7822361864574567,1248645.9829253955,3.035838020424376,5.673015666256735,6.434238046252915,0.75,4.1293998199341795,2574648.946082492,-0.1709016132829284,2.9571265912138216,2.9620609443234933,0.75,2.600840433650606,699569.0653426766,-0.15102509831568128,3.950705516799885,3.9535911094591345,3.25,3.782236186457463,1248645.982925398,-0.16286730049822307,1.0126107750942437,1.0256248531546723,3.25,2.9334002440436775,82030.7420700456,0.0653423590098758,3.1342485981216734,3.1349296481274744,0.75,2.2188263836798567,785893.5155966288,0.10736796130249189,1.6824781800079562,1.6859005621083167,0.75,2.3542077922768616,226461.37762011765,4.0,ACL_11_5,ACL_11,ortho,gait_full,4.0,0.5
9.679426174432631,1.455929205286554,9.788310421982839,1.5,2.29197710983263,169578.41590433355,0.18797470822826845,1.121572357207813,1.1372154779927122,0.75,1.734979498070917,100634.08810366313,1.0621966381020018,1.0076893509418485,1.464137809769558,1.5,1.6514324525500963,81235.02826533356,0.5155815932282674,1.1215723572078156,1.2344022568549098,0.75,1.7349794980709146,100634.08810366363,-0.47653180443268967,1.4559292052865533,1.5319309421257243,1.5,2.2919771098326165,169578.41590433338,-2.0185466118979805,1.0076893509418468,2.256095798587998,1.5,1.6514324525501054,81235.02826533325,0.6464061870785263,1.0662580584364163,1.246895026004192,0.25,0.8265668461082625,90953.24564686872,0.013954454565995044,0.21494041719290943,0.21539291944095185,0.75,2.648730730583674,3695.996879318026,0.015634027025501575,0.23761559222632758,0.23812936078968192,0.75,1.3041862673844558,4516.89626484934,9.1642397128251,1.342054354453766,9.261986795738212,1.5,4.062617244403334,144089.14320288834,0.2537122325196052,1.5004263520153702,1.521725709433942,0.75,5.479289228002367,180102.5999028131,3.9926947282777987,1.4222483995710067,4.238443311323111,1.5,2.6374603352846706,161823.26490825118,0.12987078282513892,1.3420543544537558,1.3483235184998819,1.5,4.062617244403406,144089.14320288613,-0.3502822324803894,1.5004263520153736,1.5407715210937691,0.75,5.479289228002385,180102.5999028139,-0.18025751172217724,1.4222483995710078,1.4336259207389366,1.5,2.637460335284673,161823.26490825138,0.4754319308941472,0.8842262852624505,1.0039380680414354,0.25,1.1814478749801893,62549.19593567475,0.05294938530287862,0.29251431581775267,0.2972679975414115,1.5,2.5642648328390907,6845.195484922887,0.1748102460969043,0.5217805547903149,0.5502849893443843,2.5,2.0449876863251704,21780.71911290755,8.36395388457664,5.7396404932425735,10.143924170408338,0.75,3.944263664041757,2635478.9826884596,0.5457713893353062,3.47986897049049,3.522407480857309,0.75,4.682969491838411,968762.4524081622,8.284954313245914,4.590471507947206,9.47168921776085,4.0,5.044352954470624,1685795.6533063846,2.7974310545766783,5.739640493242573,6.385068010348819,0.75,3.9442636640417303,2635478.982688459,-0.49216033066468406,3.479868970490484,3.51449994207746,0.75,4.682969491838428,968762.4524081586,-0.05750421675403601,4.590471507947214,4.590831667597894,4.0,5.044352954470627,1685795.6533063904,0.5236088563815083,1.6214047301243253,1.7038543169387126,0.75,2.0424823228667104,210316.8285186325,0.18576109748795525,2.9840326354632576,2.9898090164506703,1.5,1.8492205986487154,712356.5456527313,0.28500410514933977,1.7737394689377488,1.7964907580111686,1.5,1.8801936475083172,251692.9617104297,9.195958770194306,5.221612204155798,10.575012610569425,0.75,3.7162520245544735,2181218.7208597683,-2.2354544048223914,2.9389009614967194,3.692478200006897,0.75,2.4691259208572807,690971.1755989073,6.929064418244409,4.117360966980652,8.060061727095928,0.75,2.8973122828278335,1356212.9180442085,2.8061777451943395,5.2216122041558,5.92788896220339,0.75,3.7162520245544806,2181218.7208597697,-0.5378036798224091,2.9389009614967265,2.9877034088940135,0.75,2.4691259208572736,690971.1755989104,-0.7208349167555548,4.117360966980648,4.179983769062962,0.75,2.897312282827823,1356212.9180442062,0.20965370489725196,1.2268706603558492,1.2446550900627618,0.25,2.0232512145540613,120416.93222914086,-0.12333199414283783,2.788752970822353,2.7914788039764424,1.5,1.8713435561582192,622171.451635388,0.3589406763353129,1.9031372477441466,1.9366904225712527,1.5,1.5058629141615374,289754.51070070633,4.0,ACL_11_5,ACL_11,ortho,gait_full,4.0,0.5
9.703339546686966,1.1384428221068277,9.769895107804679,1.75,2.5643395184526545,103684.17107389012,0.1927971153127389,1.1304387461410297,1.1467617391811677,0.75,1.4390669366684896,102231.35227034503,1.3701966669872465,1.2485952418531294,1.8537607677910422,0.25,1.2005431436750833,124719.28239198089,0.5204040003127391,1.1304387461410335,1.2444726121206577,0.75,1.4390669366684838,102231.35227034571,-0.5004451766870166,1.1384428221068277,1.2435824999073675,1.75,2.564339518452579,103684.17107389013,-1.7105465830127375,1.2485952418531276,2.117772341550154,0.25,1.2005431436750826,124719.28239198054,0.7894304791456161,1.088746341045598,1.34483050104623,0.25,0.46560471339198645,94829.50362321269,0.06287566300979902,0.23709201768477628,0.24528753300720377,0.75,2.146361681275328,4497.026167377999,0.032103203829891,0.2333080304459502,0.23550637521458298,0.25,1.1459962882465176,4354.611491268652,9.20431630004329,1.1209646516197338,9.27232442818,1.75,4.104334945979532,100525.15814236393,0.4951631994200645,1.5937195637117632,1.6688704688553657,0.75,4.462705379011031,203195.45551245078,4.054697496293217,1.241693829783827,4.240563093902709,1.75,2.876113090363524,123344.31708191743,0.16994737004334395,1.1209646516197216,1.133774165680967,1.75,4.104334945979585,100525.15814236173,-0.1088312655799308,1.593719563711762,1.597431154111293,0.75,4.462705379011022,203195.45551245048,-0.11825474370675476,1.2416938297838267,1.247312210848742,1.75,2.8761130903635257,123344.31708191737,0.6855186983316004,0.8869314676827291,1.1209742700562273,0.25,0.6101392906032383,62931.79869875694,0.0322985201656191,0.25639046223708917,0.25841684064905124,0.25,2.076012863292375,5258.893623017496,0.31968123848979757,0.5088960189854304,0.6009752510558071,0.25,1.3556555562944035,20718.090988348307,7.427063651260911,4.836078559034095,8.862783440264709,0.25,3.8060665701733902,1871012.4669683967,0.7578970190365106,3.1529946302572136,3.2428048090958623,1.0,4.656875040600808,795310.0214933613,8.428918683348488,3.648812210069857,9.184797260411145,3.5,4.796047541652399,1065106.4478566556,1.8605408212609473,4.836078559034103,5.181627927276111,0.25,3.8060665701733862,1871012.4669684027,-0.28003470096348043,3.1529946302572043,3.165405909543746,1.0,4.656875040600836,795310.0214933564,0.08646015334853502,3.6488122100698632,3.6498364213306838,3.5,4.796047541652412,1065106.447856659,0.6083691769956084,1.455548641124694,1.5775724712983101,0.75,1.6667407847908708,169489.7536185986,-0.07923528294135766,2.551864275008104,2.5530941048315148,1.75,1.827759732258167,520960.903452106,0.5312747662845674,1.7630084261011594,1.8413178942796402,0.25,1.4590312083255725,248655.89805562087,8.777702560202547,4.670787507021404,9.943053764871918,0.75,3.50025042004285,1745307.1163352232,-2.3170873179914633,2.9070940129187637,3.7175380615596922,0.75,2.5654319529259904,676097.4566875789,6.98258661096658,3.9514904394596577,8.023141060257561,0.75,2.9996949620875943,1249143.1437182212,2.387921535202575,4.670787507021392,5.245800720007512,0.75,3.5002504200428315,1745307.1163352139,-0.6194365929914799,2.907094012918774,2.972355512499316,0.75,2.5654319529259824,676097.4566875837,-0.6673127240333794,3.9514904394596657,4.0074409496333185,0.75,2.999694962087593,1249143.1437182263,0.5099833030956472,1.3072985899859841,1.4032507163068508,1.75,1.971017199125667,136722.40764446394,-0.2550585891145921,2.149899010224333,2.1649758977976385,1.75,2.1555832018833474,369765.6322762731,0.4725212876046319,1.926415405448405,1.9835202750636258,0.75,1.5574477495272223,296886.7014822873,4.0,ACL_11_5,ACL_11,ortho,gait_full,4.0,0.5
9.502075875226547,1.3678781700544926,9.600027949265252,1.5,2.3434719609656,149687.48513003608,0.12625966776370984,1.0736732739644923,1.0810715993538238,0.75,1.4841756784529474,92221.96644527344,2.0084242000082697,0.9500236355222585,2.221781419318693,1.75,2.024231499168437,72203.75674308633,0.453866552763709,1.0736732739644956,1.1656625356179429,0.75,1.4841756784529376,92221.96644527401,-0.2991815052265922,1.367878170054487,1.4002143625821233,1.5,2.3434719609655708,149687.48513003488,-1.0723190499917192,0.950023635522261,1.4326245331649452,1.75,2.0242314991684323,72203.7567430867,0.18697187332138257,0.5103000762151202,0.5434746076850919,0.75,1.99638497201779,20833.424231893434,0.01752860539538493,0.19234989845993392,0.19314692709089112,1.75,2.8552738895740433,2959.8971594685117,-0.023050789706634302,0.128010042998992,0.13006886643122273,0.75,2.3316238409838994,1310.9473915157166,9.107418879269803,1.3137361801986178,9.201683617341063,1.5,4.026404441720935,138072.24010145976,0.5055835538299127,1.3815596465382622,1.4711634126928974,0.75,5.728427636739696,152697.011641736,4.092792310880778,1.3116520188693335,4.29783432889273,1.5,2.9415400391172883,137634.7777417942,0.07304994926986147,1.313736180198619,1.3157655742005059,1.5,4.026404441720971,138072.24010145996,-0.09841091117008344,1.3815596465382607,1.3850602024389589,0.75,5.728427636739691,152697.01164173565,-0.08015992911919899,1.311652018869332,1.3140991716154413,1.5,2.9415400391172906,137634.77774179386,0.20373043129348306,0.5899137066478282,0.6241027719262338,0.25,1.7259912649646505,27840.498675689927,0.0015811356994625903,0.26399934334952396,0.264004078148577,1.5,2.620620660628654,5575.654102299506,0.13195686034153722,0.4759323638567809,0.49388685744560895,2.5,1.9662860081540643,18121.08611330486,8.002173801013292,5.44041011437852,9.676406758412734,0.75,3.573219248691068,2367855.067468209,1.1921200213417862,3.1228869030917035,3.342689449348478,1.75,5.141967700710207,780196.113419263,8.625051710629572,4.106891140961847,9.552909078115682,3.25,4.179690822671168,1349326.5749183046,2.4356509710133194,5.4404101143785315,5.960743063178478,0.75,3.5732192486910987,2367855.0674682204,0.15418830134179537,3.122886903091706,3.126691005163826,1.75,5.141967700710225,780196.1134192644,0.2825931806296103,4.106891140961859,4.116602209280047,3.25,4.179690822671176,1349326.5749183125,0.33128979780755996,1.134097249818081,1.1814946052252246,0.75,2.1897752063137212,102894.16982976317,-0.1218518096314726,3.164054072668414,3.1663995386369113,1.5,1.9015673058409923,800901.0616470039,0.16026308624198138,1.5250241026957247,1.5334219153953372,1.75,2.300882080802018,186057.7808493656,8.943356956041889,5.303264878203096,10.397511818294094,0.75,3.639759297473759,2249969.4701119442,-1.4407085689426393,3.373407860159473,3.668176900261281,0.75,2.84171870406562,910390.5142211966,7.551650258990442,4.045812376804592,8.567147683004865,4.0,4.625984731792493,1309487.823675932,2.5535759310419235,5.303264878203101,5.886031634639689,0.75,3.6397592974737805,2249969.4701119475,0.2569421560573494,3.3734078601594715,3.383178958102143,0.75,2.8417187040656136,910390.514221196,-0.09824907600952121,4.045812376804616,4.047005148161062,4.0,4.625984731792511,1309487.823675947,0.10723698190007003,1.2598125127753457,1.2643683552004796,1.5,2.2958424141955343,126970.20603840296,-0.07858812183512079,2.517551924537414,2.5187782327222874,1.5,1.9923369257041588,507045.42125043354,0.278089083610574,1.7699410910341604,1.791654264682381,1.5,1.9180079867090765,250615.31926460218,4.0,ACL_11_5,ACL_11,ortho,gait_full,4.0,0.5
9.578447668010803,1.6489899766133254,9.719353253781488,1.75,2.234969572756097,217533.49830023322,0.14432104734354817,1.0426010783023547,1.0525424329610524,0.75,1.8984403520639412,86961.3999726882,1.5823122120321602,0.874790123154091,1.80802922982845,1.75,2.054830236099115,61220.80611460759,0.47192793234354397,1.042601078302352,1.1444356608404336,0.75,1.8984403520639237,86961.39997268775,-0.37555329801085224,1.64898997661333,1.691215013715896,1.75,2.2349695727561265,217533.4983002344,-1.4984310379678254,0.8747901231540886,1.7350946184900928,1.75,2.054830236099123,61220.806114607265,-0.021584254747914436,0.20253238668615822,0.20367927658408055,0.75,2.356713702154108,3281.574107716229,-0.02017917581615315,0.16289139783777085,0.16413654872136843,5.5,4.645277683289056,2122.7615573997655,-0.04064010754855371,0.14040588974172066,0.14616919037787077,0.75,2.2340822303403276,1577.1056021467482,9.11278972228756,1.472036132999995,9.230916904592272,1.75,4.0487635502069494,173351.60998940762,0.2313494672786779,1.4103092208169756,1.4291587295788784,7.5,7.255262693921457,159117.8387021951,4.036324436689838,1.590430309484277,4.338361848387684,1.75,2.8974453194557928,202357.82032822727,0.07842079228761847,1.4720361330000007,1.4741235353662236,1.75,4.048763550206968,173351.60998940901,-0.37264499772131676,1.4103092208169747,1.4587105239382154,7.5,7.255262693921462,159117.83870219486,-0.13662780331014587,1.5904303094842738,1.596288108695795,1.75,2.8974453194557914,202357.8203282264,-0.04013508599244676,0.3965074735677532,0.3985335641106074,0.75,2.19961579168772,12577.45418512177,0.0226769834107581,0.29977288242199407,0.30062938414633134,1.75,2.810071480811787,7189.1028106599415,-0.022530254888734173,0.44222490561129785,0.4427984637826475,2.5,2.4552672155195583,15645.072147347013,8.985751622474657,6.381779869881417,11.021381334861324,0.75,3.72319948795341,3258169.1636516606,1.244061913348438,3.5238341298596088,3.7369903691349813,0.75,5.120399350218783,993392.5935838093,8.420620352311913,4.941423053188292,9.763427108774373,3.25,4.31158234496568,1953412.9434476825,3.4192287924746902,6.3817798698814245,7.2400441879115425,0.75,3.723199487953417,3258169.163651669,0.2061301933484463,3.5238341298596123,3.529857876936877,0.75,5.120399350218787,993392.5935838111,0.07816182231196184,4.9414230531883,4.942041183665704,3.25,4.311582344965696,1953412.9434476893,0.12796788693043953,1.2264815464830185,1.233139393559714,1.75,2.467599970695322,120340.56297972416,-0.11494901419156282,3.348191227144399,3.3501638421710553,1.75,1.8803188794771974,896830.875923527,-0.057316481740794706,1.5508923071148537,1.5519510711833595,1.75,2.205894451472296,192421.35598612498,9.931985608206801,5.976600329021272,11.591552510966087,0.75,4.112966799687381,2857607.632692797,-1.0605179063754593,3.444405459701806,3.603973806864667,0.75,3.4507936424707406,949128.7973621787,7.347583182404467,4.369793596512959,8.548805454476,3.25,4.523310805493455,1527626.3176991995,3.542204583206842,5.9766003290213,6.947443040583281,0.75,4.112966799687411,2857607.6326928237,0.6371328186245258,3.4444054597018,3.5028370215286917,0.75,3.450793642470736,949128.7973621748,-0.30231615259549427,4.369793596512977,4.380238707222012,3.25,4.523310805493473,1527626.3176992126,-0.2835655210177972,1.1987923663093967,1.2318735901998132,1.75,2.6258551467789117,114968.34246763874,0.20072697901676417,3.1674964722564414,3.1738502204518406,0.75,1.802138150871302,802643.4191878432,0.293034140295268,1.8354545382202718,1.8586991067012373,0.75,1.9627225161126665,269511.82882128557,4.0,ACL_11_5,ACL_11,ortho,gait_full,4.0,0.5
9.76961211833401,1.369468355999789,9.865128712834085,1.5,2.5581046114102626,150036.48861334485,0.10970063499636597,1.1545603747763054,1.1597602719192481,0.75,1.6808395051986151,106640.87391998465,1.1015493362561148,1.100759050482855,1.5572672947911683,1.5,1.2942063138447584,96933.6607854939,0.1648050049963639,1.154560374776304,1.1662634130741867,0.75,1.6808395051986142,106640.87391998438,-0.5007232183340564,1.3694683559997831,1.4581383060133781,1.5,2.5581046114102355,150036.4886133435,-1.993388323743869,1.1007590504828568,2.2771182438464437,1.5,1.2942063138447542,96933.66078549421,-0.01988715834182002,0.27115071346150615,0.2718790328024514,0.75,1.3512092268861673,5881.826837483486,0.012148894362677352,0.21535650604510054,0.21569891128651744,0.25,2.4520653392634917,3710.343929861788,0.00481153054758366,0.13785893250506853,0.13794287258734092,0.75,2.2056757349175213,1520.4136315921194,9.180082003307552,1.2800799355772579,9.268900162852045,1.5,4.486931433932434,131089.36478790388,0.4267669353215951,1.426605302647172,1.4890710885061247,0.75,5.6299563302126066,162816.2550079748,4.156262577487822,1.435131870019443,4.397058345913916,1.5,2.441813598333611,164768.4639052495,0.21110461330761734,1.2800799355772718,1.2973703400445344,1.5,4.486931433932463,131089.36478790673,-0.22002415467840122,1.426605302647172,1.4434726593125944,0.75,5.629956330212627,162816.25500797477,-0.2762430225121586,1.4351318700194433,1.4614765450845106,1.5,2.441813598333628,164768.4639052495,-0.045458177943665794,0.384198934193894,0.38687887895009476,0.75,1.8154738191355002,11808.711779974366,0.0029904826223256004,0.26966591231064235,0.2696824934040871,1.5,2.18271405190461,5817.578073437106,0.007520028011901907,0.3941822551624905,0.3942539804571243,2.25,2.269397975910663,12430.435993363779,8.012435496818396,4.951046115272499,9.418703744477282,0.75,3.7233579424920764,1961029.247706807,1.604192615512996,2.976393381667142,3.381176054289157,0.75,4.661224580919807,708713.420410533,8.395339169791791,3.8425875078770058,9.23294094704026,3.0,3.9304486471733986,1181239.5494462082,2.5378669618184353,4.951046115272503,5.563598327651312,0.75,3.723357942492064,1961029.2477068093,0.6016407805130012,2.976393381667156,3.0365917063721857,0.75,4.661224580919822,708713.4204105395,-0.027900355208161223,3.8425875078770133,3.8426887963395133,3.0,3.930448647173403,1181239.5494462133,0.0335551885866994,1.1587942560932958,1.1592799828496583,1.5,2.4564498636470926,107424.42998196166,-0.23753136429023072,2.8746071734835175,2.8844041933932343,1.5,1.9505343006144307,661073.3017373459,0.048520182801993716,1.3341759257320684,1.335057904715058,1.5,2.0275098908572615,142402.5071975924,8.905673424763474,5.191705183730686,10.308483004948616,0.75,4.3586840927243555,2156304.217489067,-1.5338083941840148,2.486596577712519,2.9215972909285357,0.75,2.717425869925246,494653.10669930145,7.642010774217091,3.3691981942103943,8.351755812110449,3.0,3.8192687074009273,908119.7443365369,2.622345084763499,5.191705183730679,5.816398925311029,0.75,4.358684092724378,2156304.2174890623,0.11954927581597677,2.486596577712511,2.4894687324085227,0.75,2.7174258699252407,494653.1066992982,-0.11221874578285383,3.369198194210403,3.371066525415319,3.0,3.8192687074009357,908119.7443365416,-0.11784342404431959,1.0862586171759379,1.0926320771327696,1.5,2.195062021449633,94396.623540439,-0.07775867133464864,2.687770335392246,2.688894900657569,1.5,1.830281569692947,577928.7501203737,0.08686354997577733,1.607600050108862,1.6099450914315094,1.5,1.8918115546793346,206750.23621508465,4.0,ACL_11_6,ACL_11,ortho,gait_full,4.0,0.5
9.555760073036824,1.565201494340553,9.683099002454256,1.5,2.2248273746404243,195988.46430476152,0.10432394963764453,1.1365795522451654,1.141357334514401,0.75,1.8361408300871287,103345.42994204893,1.581534642471145,0.9237456458432413,1.8315452065266309,1.5,1.8787947832380374,68264.56398845137,0.1594283196376428,1.1365795522451618,1.1477066121985597,0.75,1.8361408300871263,103345.42994204829,-0.28687117303688403,1.5652014943405577,1.5912733227844527,1.5,2.224827374640441,195988.4643047627,-1.513403017528836,0.9237456458432389,1.7730467313863243,1.5,1.878794783238039,68264.56398845102,0.058907872570164735,0.2578785134519226,0.26452119981376954,0.75,1.645439998556842,5320.116689191712,-0.012445543646356354,0.1609470182218698,0.16142748908152,1.5,2.8185250091235226,2072.318753389107,-0.018389070338352995,0.138476822513838,0.13969247754062453,0.75,2.07555810495051,1534.0694183159753,9.104443983294093,1.423017953717125,9.214981299033724,1.5,4.0786319622650655,161998.62135098892,0.22716829901475186,1.3201031986367786,1.3395065849514551,8.75,6.856733881683707,139415.0412561236,4.136695948495108,1.4988747878050672,4.3998726117711096,1.5,2.6440984685621394,179730.33843618838,0.13546659329415986,1.42301795371714,1.4294513963405826,1.5,4.0786319622651295,161998.62135099233,-0.41962279098524546,1.3201031986367828,1.3851915902738192,8.75,6.856733881683722,139415.04125612453,-0.2958096515048665,1.4988747878050679,1.5277856457766312,1.5,2.6440984685621505,179730.33843618858,0.03536136367479997,0.3534173623065094,0.35518200689313073,0.75,2.531558206618913,9992.31149976689,0.01817012539366082,0.2775966665480474,0.2781906949116184,1.5,2.6581083726233996,6164.801629248976,0.0316660602717411,0.4305099519471014,0.4316729758725105,2.5,2.3218700111290937,14827.107330385606,8.855045296239048,6.025301368300055,10.710559452114712,0.75,3.860521317342671,2904340.5303749624,0.961970024294243,3.4621569922886755,3.5933156508848527,0.75,5.28398230211498,958922.5732445465,8.357872081140082,4.818256616143009,9.647259846386781,4.0,4.6501619310067435,1857247.747488477,3.380476761239068,6.025301368300044,6.908826218115183,0.75,3.860521317342716,2904340.530374951,-0.04058181070575534,3.462156992288688,3.462394824772821,0.75,5.283982302115002,958922.5732445538,-0.06536744385987213,4.818256616143006,4.818700003291617,4.0,4.650161931006749,1857247.7474884742,0.18549918288465755,1.3556652864809695,1.3682975976812954,1.5,2.373897298421757,147026.2715687885,-0.07659108680822907,3.2182653053747634,3.219176567129766,1.5,1.864874117752586,828578.5260631396,-0.031078658006401253,1.4692408311963605,1.4695694958177554,1.5,2.2648070962895637,172693.4896364222,9.30238183732699,5.362053503975072,10.73712836967699,0.75,4.007938941990665,2300129.570656928,-1.8324780136181475,2.8657805889754497,3.4015693517172902,0.75,2.998246161653963,657020.6642131306,7.4448855705251935,3.854382651848231,8.383471046355611,3.25,3.8653685056932376,1188503.1381259875,3.0190534973270213,5.362053503975058,6.153560091460367,0.75,4.0079389419906795,2300129.570656917,-0.17912034361815302,2.8657805889754444,2.8713729262578087,0.75,2.9982461616539626,657020.664213128,-0.30934394947476135,3.8543826518482356,3.866776345477623,3.25,3.8653685056932585,1188503.1381259898,-0.1267733217234157,0.908913559196927,0.9177120099425605,3.25,2.9932511559138875,66090.18743491622,0.12548343122623395,3.0079791321903278,3.0105953815158863,1.5,1.8552609182518682,723840.7546021858,0.15018510998608917,1.754159247014636,1.7605766757368133,0.75,2.23526161429886,246168.6501669569,4.0,ACL_11_6,ACL_11,ortho,gait_full,4.0,0.5
9.68239541702325,1.518588471824958,9.800759764342379,1.5,2.685291791080276,184489.10975216742,0.1540777357946042,1.0959461095241652,1.106723914826433,0.75,1.7950551098888692,96087.83024959148,0.92142456406107,1.1921090053635883,1.5067007360202946,1.5,1.776105790081802,113690.79656542819,0.20918210579460314,1.095946109524165,1.115730714987186,0.75,1.7950551098888679,96087.8302495914,-0.41350651702330665,1.5185884718249625,1.5738801054656042,1.5,2.685291791080293,184489.10975216853,-2.1735130959389117,1.1921090053635863,2.478968143983886,1.5,1.7761057900817945,113690.79656542781,0.4449350655125898,0.8087430127065875,0.923056050911547,0.25,0.9550499962941689,52325.845952973206,-0.020824566135503996,0.21212281713772965,0.21314256286621558,1.5,3.4436240933215223,3599.700965741641,-0.02761964925205891,0.15693065901637807,0.15934263950406205,0.75,1.8596648343930973,1970.181232658878,9.18214530959376,1.2844065115082695,9.271542081730502,1.5,3.721182994741248,131976.3062851491,0.29958380615435426,1.4459991916657577,1.4767071880396445,0.75,6.215751046616234,167273.09348915907,3.9870911605275112,1.4402729213972103,4.239254888593829,1.5,2.7622682608865197,165950.88905383454,0.21316791959382692,1.2844065115082797,1.3019756713352324,1.5,3.721182994741316,131976.30628515125,-0.3472072838456408,1.445999191665763,1.4871000505189647,0.75,6.2157510466162424,167273.0934891603,-0.4454144394724547,1.4402729213972114,1.5075742472596896,1.5,2.7622682608864957,165950.8890538348,0.3349754998855707,0.7606242747143053,0.8311184469185189,0.25,1.3690554032987337,46284.63670404398,0.053279946466355685,0.2644930981713255,0.2698061372091527,1.5,2.730135839168512,5596.551886105313,0.12014819356405157,0.5030307741715763,0.5171803826329457,0.75,2.0717548844252747,20243.480796123695,8.741001737062552,5.796178405998655,10.488126404725282,0.75,3.766675042106576,2687654.729163543,0.8483094742881417,3.572764523356332,3.672094130536501,0.75,5.645598555145236,1021175.5088379974,7.917583219117984,4.768493248801511,9.242653942214016,4.0,4.99413890760426,1819082.7876260781,3.2664332020625806,5.7961784059986545,6.653215010632222,0.75,3.7666750421066038,2687654.729163542,-0.15424236071185202,3.572764523356351,3.576092426824522,0.75,5.645598555145229,1021175.508838008,-0.5056563058819709,4.768493248801515,4.795228478763429,4.0,4.994138907604263,1819082.7876260807,0.4937517726149289,1.694034626683864,1.7645237684328092,0.75,2.052884321920666,229582.4842177077,0.08958627171288391,2.9665321145823853,2.9678845137451106,1.5,1.8223940911474688,704025.5635808045,0.13702818820142487,1.7049845254886757,1.7104820830741287,1.5,2.334655353676291,232560.58839386253,9.120126499984206,4.934929432474721,10.369678677722828,0.75,3.7461924323164664,1948282.2807076948,-2.0736514639434978,2.714997904830504,3.416320245110086,0.75,2.741586594490854,589697.0899191623,7.222406389307228,3.6414402648583626,8.08846346686672,0.75,3.6090412378834724,1060806.9773923433,2.8367981599842516,4.93492943247472,5.692183439067588,0.75,3.746192432316459,1948282.2807076941,-0.4202937939434978,2.7149979048305015,2.7473369826909537,0.75,2.741586594490858,589697.0899191613,-0.5318231306927228,3.641440264858365,3.680071065193112,0.75,3.6090412378834924,1060806.9773923447,0.12699100182439257,0.9636091149677198,0.9719409657963982,1.75,2.441818427017069,74283.40372253314,-0.10040742483974871,2.738412148382107,2.7402523141801476,1.5,1.789948355002282,599912.0875856327,0.3454929107328717,1.9921922841673532,2.021928645739658,0.75,1.5755909972227489,317506.4080035244,4.0,ACL_11_6,ACL_11,ortho,gait_full,4.0,0.5
9.817842829222633,1.2305023536047295,9.89465380200566,1.75,3.2406168078760254,121130.9857470183,0.10453801420454661,1.060397002696409,1.0655374229661565,0.75,1.4063045147114248,89955.42779574954,0.6967983654376448,1.2561115329716948,1.4364345252537878,0.25,1.1301497525029878,126225.31486600873,0.1596423842045457,1.0603970026964105,1.0723467229222283,0.75,1.406304514711425,89955.42779574977,-0.5489539292226773,1.230502353604725,1.3473998881682392,1.75,3.2406168078760347,121130.9857470174,-2.3981392945623394,1.2561115329716892,2.7071919509684648,0.25,1.1301497525029698,126225.31486600763,0.7913450313991626,1.0007638606647555,1.2758351239610735,0.25,0.41457679859935265,80122.26789231774,0.06799306495352263,0.23713058227823303,0.24668597433455314,1.25,2.894354920615053,4498.4858579585225,0.01156606650908698,0.14174286475425416,0.1422139711956438,0.25,1.6992871310100883,1607.296344848929,9.204116486086166,1.0206001112317715,9.26052832599142,1.75,3.6678944933610547,83329.97248491702,0.5604123929595332,1.5306907939992533,1.6300540963467116,0.5,4.778986939309329,187441.1644372052,3.994160634933562,1.2181674341201856,4.17579346654068,1.25,3.0905691160710083,118715.7154636913,0.23513909608622505,1.0206001112317749,1.0473370906993402,1.75,3.667894493361068,83329.97248491751,-0.08637869704046118,1.5306907939992538,1.5331260829222344,0.5,4.778986939309331,187441.1644372053,-0.43834496506640946,1.2181674341201871,1.2946343908416893,1.25,3.090569116071005,118715.7154636916,0.6523516407727615,0.8905208400825702,1.1038976536981497,0.25,0.6230180181966345,63442.224944783884,0.05037400838244684,0.25242562571285737,0.25740286951982955,0.25,2.3242420277514997,5097.527403774403,0.30419206785757064,0.5365266150681516,0.6167605879301574,0.25,1.1029395561458968,23028.88881463867,7.721433782406583,4.619374349029109,8.9977307712866,0.25,3.773922164886364,1707090.4797835515,1.0239368351389706,3.2511670842407945,3.408597079738995,1.0,5.469951998552753,845607.0466082371,8.06367823813263,3.6876805693298422,8.86689882143394,3.0,4.911711054120312,1087919.1732367233,2.2468652474066264,4.619374349029114,5.136830035778076,0.25,3.7739221648863075,1707090.4797835553,0.021385000138981147,3.2511670842408145,3.251237414874814,1.0,5.4699519985527445,845607.0466082471,-0.3595612868673204,3.68768056932984,3.7051683228196985,3.0,4.911711054120318,1087919.1732367221,0.6894904883024582,1.642686130765375,1.7815203781232705,0.75,1.484182518621226,215873.46747939108,-0.08456179742029914,2.546165454341844,2.547569276480379,2.0,1.7697621307267277,518636.6817151241,0.4587779565784825,1.6903516697685685,1.7515039197591642,1.0,1.5225339610144382,228583.11656759327,8.569685126304265,4.211786211556233,9.548751031200664,0.75,3.3554344775968166,1419132.3789025443,-2.0424142933965777,2.4056172628802788,3.1557012788504313,1.0,2.876717057950544,462963.0856881968,7.2222594534795315,3.369329366746497,7.969530224234977,0.75,3.8106513479908095,908192.1544850797,2.2863567863043173,4.211786211556249,4.792344984048534,0.75,3.3554344775968015,1419132.3789025554,-0.3890566233965819,2.4056172628802717,2.4368749396873692,1.0,2.8767170579505486,462963.08568819414,-0.5319700665204149,3.369329366746498,3.4110661871758063,0.75,3.8106513479908224,908192.1544850806,0.49783525682630086,1.1741603598457093,1.2753401481849127,1.75,1.9270321442389142,110292.33143840192,-0.17623325894779263,2.0189092876303527,2.0265865077117873,1.75,3.1029898932037905,326093.64949635987,0.5513057763900474,1.8547603806555581,1.9349610147831362,0.75,1.8232957862744155,275214.3866284523,4.0,ACL_11_6,ACL_11,ortho,gait_full,4.0,0.5
9.641309502191321,1.2965017121830709,9.728091570639037,1.5,2.2850265028814074,134473.48129963983,0.15604630936006025,1.139178913438129,1.149816962601862,0.75,1.406189418144331,103818.29243372614,1.5353765015280276,1.2972585429322048,2.0100399818548467,0.5,1.3260047626662044,134631.20521024006,0.2111506793600606,1.139178913438132,1.1585824123541226,0.75,1.4061894181443322,103818.2924337267,-0.3724206021913774,1.2965017121830662,1.3489306114957176,1.5,2.285026502881442,134473.48129963892,-1.5595611584719558,1.2972585429322026,2.0285735713118638,0.5,1.3260047626662095,134631.20521023966,0.3462558545752518,0.8443557593060189,0.9125950718149213,0.25,1.037407181739987,57035.70726973014,0.07441073516245393,0.20171224471168883,0.21499950505534915,0.5,2.1065167715057953,3255.038571941098,0.007562215865678491,0.13630483883395333,0.13651445417372152,0.25,1.569757825940401,1486.3212383638481,9.181784168109413,1.2759682149502143,9.270019169090638,1.5,4.279077364080755,130247.8950498134,0.5172817780213478,1.4087162753991527,1.5006871700815558,0.75,5.053529534759349,158758.56906176396,4.083832039528309,1.3116521410318125,4.289302445171159,1.5,2.5991746518508405,137634.51588189893,0.21280677810946252,1.275968214950209,1.2935925209943635,1.5,4.27907736408072,130247.89504981229,-0.12950931197864912,1.4087162753991556,1.414656921823681,0.75,5.053529534759357,158758.56906176455,-0.34867356047167175,1.3116521410318127,1.3572046974739407,1.5,2.5991746518508294,137634.51588189893,0.3105964752798913,0.7549701135280634,0.8163639156508997,0.25,1.5367172940584282,45599.300497710145,0.012866976379409567,0.2638531607990498,0.2641667078660699,1.5,2.7047849854572656,5569.494490812952,0.1851698349441125,0.5222590656910735,0.554114067200737,0.25,1.8940553096480655,21820.65433533778,8.04545926805269,5.317529163238504,9.643937537945117,0.75,3.684651746885939,2262089.460462674,1.3023011889553333,3.179019507514191,3.435426234968559,0.75,5.388292259307679,808497.3602959269,8.34059844707938,4.131021268141453,9.30757321611063,3.25,4.452354289119438,1365227.6504618628,2.5708907330527233,5.317529163238524,5.90640292929534,0.75,3.6846517468859212,2262089.4604626913,0.29974935395534197,3.179019507514193,3.1931199013429525,0.75,5.388292259307705,808497.3602959277,-0.08264107792055844,4.1310212681414376,4.131847802811323,3.25,4.452354289119449,1365227.650461852,0.37659661514426135,1.3134819816833696,1.3664040130009085,0.75,2.7909473225799544,138021.2556278764,-0.24484182334327995,2.869106883355679,2.8795350017975125,1.5,1.8786183617030539,658542.4940856949,0.2751600009487312,1.5091343083294448,1.5340141416229178,1.5,2.3055466373102043,182201.98599768538,8.889307808151598,5.010545555027415,10.204183459104895,0.75,3.7303748358742137,2008445.3454416324,-1.6751845981866642,2.88587573046912,3.336843144307579,0.75,2.5897361551269484,666262.3795870843,7.505890325204794,3.728116862193138,8.380766367831267,0.75,3.9766054065631917,1111908.4274609915,2.605979468151636,5.0105455550273925,5.647715976165291,0.75,3.730374835874217,2008445.345441616,-0.02182692818667615,2.885875730469123,2.8859582717885517,0.75,2.5897361551269378,666262.3795870859,-0.24833919479516683,3.7281168621931347,3.736378954795712,0.75,3.9766054065631598,1111908.4274609892,0.19330467517227273,1.3504813247744019,1.3642457645189452,1.5,1.9955290007498407,145903.9928561511,-0.027253464298102124,2.558055269849657,2.5582004446332673,1.5,1.9306434677000617,523491.7436531685,0.34605147766000455,1.71877197631699,1.7532623111683212,1.5,1.8758905458447102,236334.17103176715,4.0,ACL_11_6,ACL_11,ortho,gait_full,4.0,0.5
9.487921911015155,1.5718871047521865,9.617249672313164,1.75,2.113138120306135,197666.36478537862,0.1650978062546255,1.1347072472868778,1.1466550582784056,0.75,1.8069311865880915,103004.93663169247,1.8864977618657854,0.9850205801788064,2.1281774711946393,0.25,1.6623927876844924,77621.36773865251,0.22020217625462574,1.134707247286881,1.1558760900168514,0.75,1.8069311865880917,103004.93663169308,-0.21903301101521488,1.571887104752188,1.587074204314533,1.75,2.113138120306182,197666.36478537903,-1.2084398981341962,0.9850205801788067,1.559035769563476,0.25,1.6623927876844988,77621.36773865254,-0.05671502831728761,0.2186927386875182,0.22592721923592535,0.75,2.0106553008014685,3826.1333135081186,-0.008375658334351584,0.17303756089381153,0.17324014873179175,0.75,2.599294293872315,2395.382113421746,-0.03981740455684266,0.1381170198478801,0.1437419106499666,0.75,2.33837984897962,1526.1135898727598,9.15378425923073,1.5260364224162841,9.280116024440716,1.75,4.170822534297112,186302.9782607231,0.23993236561960152,1.381176956726432,1.4018620923129017,9.0,6.768564248736217,152612.04668367526,4.082372582460949,1.5459131229466896,4.365273563675896,1.75,2.8769715521976873,191189.0047055974,0.184806869230782,1.5260364224162806,1.5371859814140785,1.75,4.170822534297106,186302.9782607222,-0.40685872438039666,1.3811769567264316,1.4398554814274003,9.0,6.768564248736209,152612.04668367517,-0.3501330175390293,1.5459131229466854,1.585067983926797,1.75,2.8769715521976766,191189.0047055964,-0.08443928429997367,0.3797892576376645,0.3890628136304729,0.75,2.209134423903951,11539.20407880111,0.015550847589953088,0.2773710166832104,0.2778066049550365,1.75,3.1147868272419768,6154.81493671342,-0.026953888763760515,0.44718145417569394,0.44799304132785084,2.5,2.4315009373751733,15997.72511670159,9.093961502403829,6.258638737963607,11.039506087662689,0.75,3.6902138398079654,3133645.704265404,1.292243084979524,3.5212127458631994,3.7508440906423774,0.75,5.229821888207297,991915.1791643781,8.183801185266619,4.9201922592709355,9.548973437399486,3.25,4.506998286972945,1936663.4584557877,3.6193929674038565,6.258638737963628,7.229838470175627,0.75,3.6902138398079427,3133645.704265425,0.2896912499795315,3.5212127458631914,3.5331091437916404,0.75,5.229821888207286,991915.1791643737,-0.23943833973332387,4.9201922592709435,4.926014878857346,3.25,4.506998286972954,1936663.4584557943,0.11019637963806987,1.2760081507598107,1.2807576050489842,1.5,2.6187630746108317,130255.76785565702,-0.06449902931229463,3.258368770046586,3.2590070829007303,1.75,1.8449276903645513,849357.3643292793,-0.049297568043961654,1.512262547074878,1.5130658483689488,1.75,2.1847179102772514,182955.04916325276,9.496287053903922,5.669572865824811,11.059996577352102,0.75,4.053203916326306,2571525.4359480958,-1.5529155623186546,3.147188543325867,3.509464698630413,0.75,2.8204044450297943,792386.9819789041,7.502650717732383,3.9877133335123376,8.496565507460195,3.25,3.9537915694032155,1272150.3083887808,3.2129587139039564,5.669572865824791,6.516683219103726,0.75,4.053203916326313,2571525.435948078,0.10044210768133194,3.1471885433258673,3.1487909337136157,0.75,2.820404445029804,792386.9819789043,-0.2515788022675802,3.9877133335123314,3.9956413157367394,3.25,3.953791569403187,1272150.308388777,-0.2684740953092006,1.139338142264263,1.1705424991303288,3.25,2.9009889117438563,103847.51965126321,0.07144908421385417,3.238429061167191,3.239217151696874,0.75,2.3157039415136813,839007.8568043703,0.1187625009551568,1.7307671805282532,1.7348370427296171,1.75,2.3976861160481997,239646.90983067034,4.0,ACL_11_6,ACL_11,ortho,gait_full,4.0,0.5
9.635674216284825,1.4300125532383325,9.741209037116253,1.5,2.6549684044171054,163595.28025910916,0.1813901635105914,1.1198463766204008,1.1344418445421693,0.75,1.8371131096846678,100324.50454272823,1.4013457899161432,0.8463035839326629,1.6370704869042656,1.5,1.9049248651342279,57298.38472582379,0.23649453351059257,1.119846376620404,1.144546011137272,0.75,1.8371131096846693,100324.50454272884,-0.3667853162848813,1.4300125532383356,1.476301923951,1.5,2.654968404417111,163595.2802591098,-1.6935918700838386,0.8463035839326615,1.8932731389293365,1.5,1.9049248651342285,57298.3847258236,0.025416678628997942,0.26889284481933784,0.2700914096145345,0.75,1.5075520204392943,5784.2692141619955,-0.016509316719914357,0.17903368699200092,0.1797932663269351,0.75,3.2126699163408037,2564.249258462719,-0.03097434285185695,0.15575032559827634,0.15880042140710293,0.75,1.9982293677313911,1940.6531144909743,9.135477615937356,1.241829823822239,9.219495245545001,1.5,4.118223776417613,123371.77288679837,0.2778321560515316,1.3582059689290364,1.3863311873324877,5.0,6.699900811435694,147577.89269492793,4.111598432216513,1.4366240035081081,4.355356494623712,1.5,2.7834296469089934,165111.0822125134,0.16650022593740366,1.241829823822242,1.252941992500685,1.5,4.118223776417688,123371.77288679896,-0.3689589339484645,1.3582059689290358,1.4074282038437513,5.0,6.699900811435681,147577.89269492775,-0.32090716778346445,1.4366240035081046,1.4720291905361318,1.5,2.78342964690901,165111.08221251264,-0.02379461828328213,0.33587928700231107,0.3367210704669786,0.75,2.2622497298827082,9025.202927075023,0.0016842931910402226,0.2675785410188741,0.26758384192126156,1.5,2.491612467806698,5727.862161958148,-0.0248191430728654,0.4092007576160501,0.4099527410524545,2.25,2.218433210207157,13395.629539437374,8.442983400344666,5.6341531018690585,10.150253685194095,0.75,3.511076938461268,2539494.6938252444,1.0561713381547089,3.2882358672220424,3.4536926635161107,0.75,5.174621278663661,865000.6500232773,8.129791381535993,4.244986223517658,9.171336649864708,4.0,4.52346830473666,1441592.7623496912,2.9684148653446925,5.634153101869064,6.3682939621299,0.75,3.5110769384612524,2539494.6938252477,0.053619503154715066,3.2882358672220384,3.288673010441146,0.75,5.1746212786636345,865000.6500232753,-0.29344814346396736,4.244986223517668,4.255116902125868,4.0,4.52346830473666,1441592.762349699,0.16532751776534715,1.3048809595005582,1.3153127029712548,1.5,2.1950691976295857,136217.14549676835,0.045760076155049456,2.9895253084229636,2.989875508156005,1.5,1.7415568545959443,714980.951209347,-0.04855450739361974,1.5101657686976695,1.5109461238358102,1.5,2.258828627089237,182448.27227894825,9.004402505073129,4.890474682306224,10.246755930129565,0.75,3.794529972542601,1913339.4251355927,-1.4134429234156891,2.68870162743029,3.0375874208160956,0.75,3.0677383268318046,578329.3271333264,7.341898487302972,3.545433480707384,8.153132647270162,0.75,3.9606512879296165,1005607.8922653592,2.7210741650731616,4.890474682306228,5.596515632972609,0.75,3.794529972542619,1913339.4251355957,0.23991474658429776,2.6887016274302846,2.69938428664295,0.75,3.067738326831821,578329.327133324,-0.4123310326969808,3.545433480707376,3.5693298315854447,0.75,3.960651287929637,1005607.8922653544,-0.15059751293462714,1.030264790089336,1.041213306004067,1.5,2.6846986287366152,84915.64309261835,-0.06880690390730462,2.77109790777391,2.7719520205974435,1.5,1.8393113077631789,614318.6904918798,0.07497947248701022,1.578643236770944,1.5804228517384429,1.5,1.9952156302949313,199369.15794118374,4.0,ACL_11_6,ACL_11,ortho,gait_full,4.0,0.5
9.672764340578722,1.3006924436301566,9.759824323279998,1.5,2.337498279090662,135344.09654855632,0.12020574415013668,1.074455066193207,1.081158226253187,0.75,1.921149542359557,92356.62083316632,1.7299153606558004,0.9796182839340491,1.9880289578501564,1.5,1.8867785955955192,76772.46485914006,-0.17525457584986295,1.0744550661932097,1.0886541487656076,0.75,1.9211495423595422,92356.62083316676,-0.22159903057877683,1.3006924436301481,1.3194343345805504,1.5,2.3374982790906715,135344.09654855455,-0.7117067043441839,0.9796182839340467,1.2108585446807345,1.5,1.8867785955955203,76772.46485913968,0.012409383669098988,0.23204128443605557,0.2323728695131627,0.75,1.5937605789008222,4307.4571017512535,-0.000899274633683802,0.21328798561680148,0.2132898813899518,1.5,2.012112462638047,3639.341369720855,-0.017329755574555877,0.14044356527396704,0.14150871158743863,0.75,1.8756647878047232,1577.9535647410735,9.24713242038625,1.2471180447186363,9.330849983662867,1.5,4.00402827307913,124424.31056822033,0.22924788343203908,1.349819385979665,1.369148263273408,0.75,6.415576873231016,145761.00447710053,4.059008691270799,1.3780147555133486,4.28654595475476,1.5,2.5264714390715715,151914.11011462437,0.26498673538629763,1.2471180447186396,1.2749593669578378,1.5,4.004028273079191,124424.31056822097,-0.5237757865679582,1.3498193859796639,1.447878948448868,0.75,6.415576873231013,145761.00447710033,-0.2661331187291728,1.3780147555133486,1.4034783586849602,1.5,2.5264714390715954,151914.11011462435,-0.025926723403863212,0.36603638516270154,0.36695344425340665,0.75,2.3063480698925396,10718.656648855444,-0.01688976664666322,0.2500149720004647,0.25058481686201955,1.5,2.629821395170954,5000.599039733197,-0.01511349650040491,0.38908141126664936,0.38937483530618067,2.25,2.3587979149345437,12110.800259239075,8.81358021764005,5.109989666256903,10.187796162175035,0.75,3.5949905335986374,2088959.585161275,1.112990290966154,2.9876815996472663,3.1882579457527855,0.75,5.138033528880672,714099.3265615283,8.012284326229114,4.296682380034175,9.09165439286123,3.0,4.455085408527767,1476918.364695123,3.191300837640094,5.109989666256922,6.024648987748158,0.75,3.594990533598621,2088959.585161291,-0.0547816190338365,2.9876815996472663,2.9881837906418696,0.75,5.138033528880703,714099.326561528,-0.2708678337708428,4.296682380034195,4.305211825017211,3.0,4.45508540852777,1476918.364695136,0.13350521867513113,1.2317867696279023,1.2390005202758543,1.5,2.569009034915324,121383.89482838298,-0.05700977284173123,3.0475661258675535,3.048099310346504,1.5,1.7986461359109336,743012.7441154011,-0.037577286614403994,1.5175220868849164,1.5179872649837525,1.5,2.1347824359575496,184229.86563801393,8.720591681967699,4.575778863089663,9.848170971683137,1.5,3.6041908597275527,1675020.2693873981,-2.044452605187144,2.8211488951783097,3.484059061442888,0.75,2.8104142952745232,636711.9677403261,7.662675547951649,3.242969036320915,8.320663718941674,0.75,3.6830696902081606,841348.8104304996,2.455898776967737,4.5757788630896465,5.193186979746599,1.5,3.6041908597275416,1675020.2693873856,-0.4251554251871534,2.821148895178312,2.853005121679924,0.75,2.810414295274532,636711.9677403271,-0.13976123704830162,3.2429690363209227,3.245979262706021,0.75,3.6830696902081463,841348.8104305039,-0.026055608864279326,0.7974869402852243,0.7979124730688055,1.5,3.2070774827089923,50879.75611485854,-0.2641311915249739,2.53162855832443,2.545370001327947,1.5,1.8514690377482648,512733.8042203848,-0.0070243992362807005,1.6291804196838273,1.6291955628670862,1.5,1.8787694790312282,212338.5564846408,4.0,ACL_11_7,ACL_11,ortho,gait_full,4.0,0.5
9.56113175691836,1.4920950020019157,9.67685837284766,1.5,2.4897041481728612,178108.68114027134,0.023966567271483573,1.1950836775049223,1.1953239697192841,0.75,1.7141541836983356,114258.05385677189,1.8571204260421041,0.983879897386834,2.101646004755495,1.5,1.8544258460518925,77441.57259611585,-0.27149375272851617,1.1950836775049234,1.2255341096882229,0.75,1.7141541836983316,114258.05385677212,-0.10996644691842118,1.492095002001917,1.4961417427660264,1.5,2.489704148172874,178108.68114027163,-0.5845016389578833,0.9838798973868345,1.1444045693837384,1.5,1.8544258460518976,77441.5725961159,0.08183524304694119,0.2026904642233492,0.2185873539151539,0.75,2.0173538660372694,3286.6785179532885,-0.023047887111283184,0.19371018312819369,0.19507649819456158,0.5,2.1987673324350587,3001.891473482907,-0.001446621753825601,0.1546462686192366,0.1546530346044064,0.75,1.9666553217659188,1913.2482327008263,9.132898071831857,1.4241099225968592,9.243263290749047,1.5,4.174981789927362,162247.1527965239,0.2994014728121052,1.3930388259846176,1.4248503123565857,4.0,6.999964785251446,155244.72833799577,4.177970794339328,1.4763715040393515,4.431152533629576,1.5,2.7116556223269934,174374.34057188296,0.15075238683189765,1.4241099225968636,1.4320668119101005,1.5,4.174981789927444,162247.15279652496,-0.45362219718789404,1.3930388259846187,1.4650359273690792,4.0,6.999964785251446,155244.728337996,-0.14717101566064575,1.4763715040393484,1.4836886889742047,1.5,2.711655622326997,174374.34057188226,0.04713340945597585,0.39737492809917174,0.40016045752768553,0.75,2.184372571667987,12632.563363967374,-0.013033134976470432,0.27153159696647783,0.27184420309890855,1.5,2.8194559456363906,5898.361534859055,0.030206836391583756,0.4380874998459218,0.43912766991620833,2.5,2.625092776990314,15353.778767290609,9.117266809824589,5.8866364324805796,10.852513191410399,0.75,3.9607141126957743,2772211.0384458867,1.154393300755415,3.4719450431496988,3.6588285386829407,0.75,4.796128695201509,964352.2281444613,8.317390288449573,4.864308620762486,9.63537646220528,4.0,4.732294065613546,1892922.422956663,3.494987429824631,5.886636432480595,6.8459787921699,0.75,3.960714112695775,2772211.0384459,-0.013378609244575089,3.4719450431496894,3.471970819266345,0.75,4.796128695201524,964352.2281444564,0.03423812844962289,4.864308620762502,4.864429114239833,4.0,4.732294065613548,1892922.4229566748,0.21189517603279862,1.3138641449864106,1.3308412967393377,1.5,2.656426127767996,138099.79295835443,-0.0975979857253987,3.3574392347784014,3.3588574816516155,1.5,2.369223187687939,901808.6908421139,0.031970657146172095,1.60347525749205,1.6037939469606295,0.75,2.790162606243011,205694.66881412241,9.49797038587608,5.407966025647724,10.929663214643854,0.75,3.81684949860971,2339688.060276093,-1.5444700394302793,2.9975443319023203,3.372040884155691,0.75,2.5005926764107174,718822.1746860226,7.310330664224719,3.8760248762105496,8.274327964330833,3.25,3.9986392698036974,1201885.5471952856,3.233277480876118,5.407966025647705,6.300807869067304,0.75,3.8168494986096895,2339688.060276077,0.07482714056970532,2.9975443319023194,2.998478134435128,0.75,2.5005926764107205,718822.1746860227,-0.49210612077523647,3.876024876210558,3.90713926999122,3.25,3.9986392698036948,1201885.5471952907,-0.0487770951034924,0.8916586928082819,0.8929918417697382,3.25,2.879765264845201,63604.545021012615,-0.0563247852735844,2.855185376531875,2.855740887370138,1.5,1.8387028602885374,652166.6854126723,0.09922756992475502,1.7183131716520605,1.7211758383460232,1.5,1.9529786778620737,236208.0971174599,4.0,ACL_11_7,ACL_11,ortho,gait_full,4.0,0.5
9.58813858451213,1.4002553709050858,9.689846057577943,1.5,2.613776834744308,156857.29810610288,0.18468534786571272,1.1170212473798018,1.132186002746107,0.75,1.8174102494086872,99819.18351856251,1.6976433773196289,0.8301829139016984,1.8897610185130576,1.5,2.2740703508402076,55136.30152336229,-0.11077497213428592,1.1170212473798038,1.1225005842088835,0.75,1.81741024940869,99819.18351856287,-0.13697327451219302,1.4002553709050916,1.4069387981284576,1.5,2.6137768347443884,156857.29810610422,-0.7439786876803595,0.8301829139017006,1.1147681186044516,1.5,2.2740703508402156,55136.30152336258,0.3497896164982946,0.543770890149416,0.6465597859315967,0.25,1.9271261514488194,23655.867024620246,0.025038800313922503,0.18771555503740373,0.18937811680381933,0.25,3.145887687753241,2819.0336229343975,0.04747170415195108,0.1697367456891626,0.17625017881476837,0.75,1.6446995064758276,2304.8501486271716,9.176488663380937,1.2246345087525432,9.257843910392229,1.5,4.177841564745787,119978.47131149108,0.2178078228320314,1.3666314561329522,1.3838792521672196,0.75,5.996575776402262,149414.53259804237,4.004986298410988,1.3223813529300312,4.2176542879943115,1.5,2.62778939900131,139895.7122587243,0.1943429783809874,1.2246345087525565,1.2399592224237088,1.5,4.17784156474587,119978.47131149369,-0.5352158471679664,1.366631456132953,1.4676980411350964,0.75,5.996575776402253,149414.53259804254,-0.32015551158898853,1.3223813529300308,1.3605851660876893,1.5,2.6277893990013017,139895.7122587242,0.33427036332694726,0.568823558434066,0.6597703512801424,0.25,1.6132248985111237,25885.17370739736,-0.0006724318349942604,0.2694352880023078,0.2694361270977953,1.5,2.5354486823890636,5807.643792640411,0.1447391713249668,0.4652986521918957,0.48729073810963497,2.25,2.116963204241862,17320.250509957204,8.084273625700494,5.197932336702564,9.611138362969019,0.75,3.8403095634998983,2161480.056970378,0.5737969806013756,3.2736819936890185,3.323587936365,0.75,3.8322396538485672,857359.5190031448,8.478941742929724,3.939496164729627,9.34944293056627,4.0,4.816980865652611,1241570.408208671,2.4619942457005233,5.197932336702564,5.7515142565067725,0.75,3.8403095634999036,2161480.056970377,-0.5939749293986188,3.273681993689011,3.3271308980197567,0.75,3.83223965384854,857359.5190031407,0.1957895829297721,3.9394961647296323,3.944358451345833,4.0,4.816980865652621,1241570.4082086743,0.41429849133415675,1.584907448674653,1.638162037402331,1.5,2.109978425516583,200954.52968286996,-0.06924898163376675,2.8955041906448455,2.8963321528269463,1.5,1.8441538713144787,670715.5637508102,0.136407008073064,1.4581742485234122,1.4645405460103393,1.5,2.3191427694526308,170101.77112567011,9.122207416002954,5.301172586909729,10.550691870052052,0.75,3.8704615441719543,2248194.4687150433,-1.645297564226843,2.9049031296123604,3.3384826294714296,0.75,2.7984581992177455,675077.0118901655,7.15981500659075,3.69393071872826,8.0565547899438,0.75,3.8824212611876114,1091615.7209732616,2.857514511002982,5.30117258690971,6.022276976094309,0.75,3.870461544171939,2248194.468715028,-0.026000384226856247,2.9049031296123555,2.905019485719778,0.75,2.7984581992177553,675077.0118901633,-0.642621778409218,3.693930718728258,3.7494115411421687,0.75,3.8824212611876097,1091615.7209732607,0.11574113055650084,1.1928091819290016,1.1984113458227235,1.5,2.8545074304350906,113827.4242971465,0.06522550532031052,2.77979734011679,2.7805624644421627,1.5,1.7080539940624964,618181.9010521595,0.3282330183441528,1.8509556724926368,1.8798334542889652,0.75,2.0931535498138314,274086.0621018641,4.0,ACL_11_7,ACL_11,ortho,gait_full,4.0,0.5
9.551873085128035,1.12874195954174,9.618333423500324,1.5,2.577310333800066,101924.68254202971,0.30346975454557046,1.1768049097261808,1.2153039485987005,0.75,1.6340379127950007,110789.5864504923,1.952480207289336,0.827253553138656,2.1205016861670116,0.25,1.9840851481247086,54748.20794335114,0.008009434545572808,1.1768049097261817,1.176832165857726,0.75,1.6340379127950055,110789.58645049248,-0.10070777512808901,1.128741959541733,1.1332256912024898,1.5,2.5773103338001224,101924.68254202846,-0.4891418577106503,0.8272535531386579,0.9610453673709479,0.25,1.9840851481247148,54748.20794335139,0.7578162028077611,0.9821353636475478,1.2405141151011039,0.25,0.48269534020789745,77167.1923709232,0.10509986130142526,0.21875011273454203,0.24268826231804796,1.25,2.226656244819515,3828.1384421657094,0.1599206371366786,0.33402022418773425,0.3703297454278085,0.25,0.9107219827674959,8925.572446526297,9.155268263509315,0.9948773899393941,9.209164891445559,1.25,3.9565316752623834,79182.51921754982,0.5669772625693468,1.4843599917555699,1.588958086733324,0.75,3.646952012912285,176266.14752943153,3.9999419031621164,1.090368658785689,4.145894238971162,1.5,2.330619805387586,95112.30511860724,0.17312257850936713,0.9948773899393981,1.009827929997166,1.25,3.956531675262431,79182.51921755048,-0.18604640743064768,1.484359991755568,1.4959738804011389,0.75,3.6469520129122666,176266.14752943107,-0.3251999068378613,1.0903686587856884,1.1378307393762286,1.5,2.3306198053875935,95112.30511860723,0.7366034005699192,0.828938766203684,1.1089292348236,0.25,0.6085973021644869,54971.158678870066,0.04546824148557502,0.2755135857438663,0.2792402136391414,1.5,1.6329384168508052,6072.6191717690745,0.32180934571306097,0.4627128169991258,0.5636172513359885,0.25,1.4870984547692068,17128.25449588694,7.351719763381773,3.9872306551393613,8.363360076941635,2.25,3.766184237575718,1271841.3764096322,0.8765107976198478,2.901257425997537,3.0307698411872246,0.75,3.331830114428617,673383.753360599,8.14522853230879,2.7771253529584556,8.605647742592177,3.5,4.596250616158191,616994.1119594038,1.7294403833818093,3.9872306551393586,4.34614453705291,2.25,3.766184237575704,1271841.3764096308,-0.2912611123801442,2.901257425997539,2.915840819984998,0.75,3.331830114428587,673383.7533606002,-0.13792362769116412,2.777125352958456,2.7805481749324397,3.5,4.596250616158206,616994.1119594038,0.5982839817295962,1.4710010953292982,1.5880138366066636,0.75,2.105077324830491,173107.56197642593,0.14641768746530068,2.3983287412029175,2.4027939757879073,1.25,1.6847111355527886,460158.50138259196,0.536726258022403,1.7515389599877935,1.83192898454221,1.5,1.6065359698427577,245431.11349015872,8.585296946395891,4.1451705348542065,9.533612244098146,0.75,3.4070025324898476,1374595.1010822565,-2.3267459146223333,2.992182691282434,3.790369877626972,0.75,2.6036861395656254,716252.5853896984,7.008094197168749,3.297389616197874,7.7450734378312935,0.75,2.760870997315793,869822.2662507613,2.3206040413959155,4.145170534854186,4.750541219689227,0.75,3.407002532489849,1374595.101082244,-0.7074487346223445,2.992182691282439,3.0746773765923763,0.75,2.6036861395656428,716252.5853897007,-0.7943425878312091,3.2973896161978784,3.3917190962477974,0.75,2.7608709973158065,869822.2662507636,0.5639983746132908,1.5783064556098192,1.6760505464889965,1.0,1.5278405488158648,199284.1018455114,-0.15009667990019848,2.2443169561286074,2.2493304810283967,1.5,1.8234182388587714,402956.688731583,0.4966914505044193,2.0086354625496803,2.0691347994793263,1.5,1.5794000026984307,322769.3138215459,4.0,ACL_11_7,ACL_11,ortho,gait_full,4.0,0.5
9.290088015491198,1.3703331124687332,9.390609574181084,1.5,2.3336026259614284,150225.21053428322,0.5338810899881574,1.3867841237330985,1.4860010848196312,0.75,1.53404641068143,153853.6256932021,2.661941343044707,0.9666384498204335,2.8320172327303927,1.5,1.805302770834506,74751.52304379515,0.23842076998815842,1.3867841237330958,1.4071299404816588,0.75,1.5340464106814322,153853.62569320155,0.16107729450874672,1.3703331124687157,1.3797676376602168,1.5,2.333602625961438,150225.21053427938,0.22031927804471935,0.9666384498204318,0.9914285031959661,1.5,1.8053027708345182,74751.52304379492,0.41001945392979783,1.0103200519966413,1.090349742086174,0.25,0.9365371405118706,81660.5637956914,0.04740391620261192,0.2792927867923481,0.2832871194134676,1.5,2.097649021809034,6240.403686218982,0.10481284579178732,0.3625355795641326,0.3773828017979549,0.75,0.8671908187120901,10514.56373075553,9.088842496187471,1.2929139575486812,9.180342282405787,1.5,3.524379208850137,133730.17088569244,0.6496488406138288,1.6660738598876486,1.7882521418166455,0.75,5.218174728214632,222064.2354535585,4.056604365911695,1.364160329331058,4.279833219373676,1.5,2.745553245956352,148874.6780983497,0.10669681118752539,1.2929139575486874,1.2973090268481895,1.5,3.524379208850163,133730.17088569378,-0.10337482938616752,1.6660738598876481,1.6692778264721384,0.75,5.218174728214645,222064.23545355836,-0.2685374440882788,1.3641603293310582,1.3903401608951989,1.5,2.745553245956349,148874.67809834977,0.43032585081826236,0.8731140034288427,0.9734004319220342,0.25,1.0942595010563418,60986.92489469004,0.05139104236706868,0.2982998247682149,0.30269427594905324,0.25,1.8558475294573127,7118.623589773973,0.20097468720613168,0.4966814284620359,0.5358015176132772,0.25,1.791845591697609,19735.57846253526,8.341465882610128,5.3313156025265815,9.899645403977464,0.75,3.758702604930021,2273834.0900574685,1.5748050896149435,3.133092302417044,3.5066049742938055,7.0,5.253225396902424,785301.417102124,7.78626601683653,4.061429136911275,8.781864558229948,3.75,4.399682776961115,1319616.532252459,2.7191865026101834,5.331315602526594,5.984722323526874,0.75,3.7587026049300056,2273834.090057479,0.40703317961495195,3.133092302417045,3.1594213686642685,7.0,5.253225396902383,785301.4171021249,-0.49688614316342045,4.0614291369112845,4.091711435746632,3.75,4.399682776961106,1319616.5322524651,0.3358919059562679,1.0809373686959989,1.1319226861982952,0.75,2.291784044844848,93474.05282946445,0.057119258416690875,2.719113720222521,2.719713593962502,1.5,1.8183745271765384,591486.3538860545,0.3892010530510606,1.9564009212230533,1.9947385854438338,1.5,1.6175722159224364,306200.36931587977,9.006130316457803,4.6331964524082805,10.128025110732548,0.75,3.9235598442987896,1717326.0297785988,-2.10672750616684,3.269037606934781,3.889075424929919,0.75,3.3117598626701,854938.9907802582,7.326992924790873,3.474917044938367,8.109246191178235,0.75,3.249228219657831,966007.9015102767,2.7414374114578384,4.633196452408284,5.383492216725995,0.75,3.9235598442988118,1717326.0297786014,-0.4874303261668521,3.2690376069347846,3.305177029815654,0.75,3.3117598626701192,854938.9907802602,-0.47544386020908974,3.4749170449383584,3.5072917377106876,0.75,3.249228219657841,966007.9015102722,0.17784832961235192,1.6150966451226636,1.6248591327965594,1.0,2.554635362476788,208687.49721347884,-0.05988872432904827,2.6650774464690765,2.665750261179748,1.5,1.8142014538444287,568211.1992443467,0.42693168662748815,2.0322795979598363,2.0766393594773227,1.5,1.6549371835853626,330413.221329419,4.0,ACL_11_7,ACL_11,ortho,gait_full,4.0,0.5
9.358982505821423,1.64545517019732,9.502529992659879,1.5,2.389752417340052,216602.82121625124,0.26248564318125345,1.4019355671673677,1.4262966196991302,0.75,1.5463809657331438,157233.88861257277,2.47046169662004,1.1633460204391712,2.7306693241288706,1.75,1.5261515086105155,108269.93128132295,-0.03297467681874654,1.401935567167365,1.402323309297889,0.75,1.5463809657331435,157233.88861257222,0.0921828041785213,1.6454551701973061,1.6480353110644388,1.5,2.3897524173400333,216602.8212162476,0.028839631620051022,1.1633460204391692,1.1637034362859087,1.75,1.5261515086105215,108269.93128132261,-0.02056310805679277,0.2747742534262783,0.27554261332673025,0.75,1.6281090604183204,6040.094226758333,-0.022494926496798483,0.2609865297409622,0.2619541761918036,0.75,1.924126057864189,5449.124034433963,-0.026042388397916526,0.1963067763727423,0.19802665589088203,0.75,1.5557113465435952,3082.915469596737,9.189032864087919,1.4833358426729668,9.30798636652666,1.5,3.991762214826419,176024.98735383325,0.32517507052955597,1.639622099209799,1.6715559980781527,8.75,7.102445683850958,215069.87471769165,3.9881749199624337,1.6076642220386588,4.300014353817965,1.5,2.8227990925533364,206766.88783518475,0.2068871790879681,1.483335842672985,1.49769406990525,1.5,3.9917622148264855,176024.98735383758,-0.4278485994704427,1.6396220992098,1.6945250226201947,8.75,7.1024456838509735,215069.8747176919,-0.3369668900375459,1.6076642220386503,1.6425988359318642,1.5,2.8227990925533217,206766.88783518266,-0.07384494743613017,0.36481730901084675,0.37221599269209327,0.75,2.694573622442689,10647.339619711996,-0.01241941504767504,0.29537504271818205,0.29563602238376546,1.5,2.9372078020466312,6979.726565490352,-0.025201761620238593,0.4587498460625678,0.4594415632604358,2.5,2.5331829147011553,16836.13504828557,9.951107850447483,6.5847785288681,11.932470646328023,0.75,3.8030403784892566,3468769.0483615478,1.2491288981840996,3.7685837982175343,3.9702074062278307,0.75,5.252644448092826,1136184.109246326,7.737713232428257,5.470202824466422,9.47603952123965,4.0,4.730521206033954,2393883.0534225996,4.328828470447532,6.584778528868094,7.880232496620858,0.75,3.803040378489236,3468769.0483615426,0.08135698818411022,3.768583798217536,3.7694618719008286,0.75,5.252644448092835,1136184.1092463266,-0.5454389275716977,5.470202824466429,5.497328675321411,4.0,4.730521206033943,2393883.053422605,0.2584106255866567,1.253169008922093,1.27953453112406,1.5,2.3643286088491804,125634.99087483241,0.12251412896950162,3.368422759721353,3.370650026331119,1.5,1.8797190100804126,907706.4170272541,-0.2054659697001062,1.8014141934096166,1.813093864344156,0.75,1.9200532121560856,259607.58012340777,9.406126036104427,5.657229227371433,10.97631311224799,0.75,4.2658782777220825,2560339.4087102804,-1.4058320858426196,2.9146367523555936,3.235965273572411,0.75,3.1510588851675405,679608.6508824739,7.613084616619323,3.782138310065941,8.50080158433746,3.25,3.767255486933535,1144365.6587717428,3.1414331311044674,5.657229227371428,6.470923013622271,0.75,4.26587827772206,2560339.4087102767,0.2134650941573696,2.9146367523555896,2.9224432833855905,0.75,3.1510588851675534,679608.650882472,-0.1893521683806372,3.782138310065941,3.7868752871119087,3.25,3.767255486933521,1144365.658771743,-0.22155046112152588,1.1387212746262214,1.1600735959884299,1.5,2.433444383298987,103734.89153954493,-0.11634068675174264,3.038985784501099,3.0412118889997832,1.5,1.8721776979613423,738835.0722068009,0.08092928879613365,1.7675814723431564,1.7694331892320345,1.5,1.9118165084395435,249947.55102970122,4.0,ACL_11_7,ACL_11,ortho,gait_full,4.0,0.5
9.67200784968804,1.460984680681574,9.781728481286592,1.75,2.79693418914992,170758.1275693397,-0.25943511551867204,0.8835261958374908,0.920828495375363,1.0,2.149836572252694,62449.69717805935,1.1525188704591465,1.188545243446045,1.655578310585955,0.25,1.2925268055246801,113012.32743401178,0.08818839948132695,0.8835261958374925,0.8879165121418505,1.0,2.1498365722526964,62449.697178059585,-0.0629651146880957,1.4609846806815745,1.4623408777894187,1.75,2.7969341891498707,170758.1275693399,-0.8745818045408433,1.1885452434460462,1.4756466814763414,0.25,1.2925268055246781,113012.32743401204,0.01733821730771599,0.2556954986955518,0.2562826600310222,0.75,1.4111278126396376,5230.416513725781,-0.06865134109482252,0.2760265635419238,0.2844357052391302,1.5,2.429111440164869,6095.259259192243,-0.013474638514050058,0.12517585908718043,0.12589901342464113,3.5,3.380115542262627,1253.5338060283934,9.852574737407052,1.5332140031301347,9.971157111167487,1.75,3.651872867072003,188059.7725556051,0.3338986679542559,1.1654771747547423,1.2123635450375116,0.75,3.4208270950181343,108666.97431710255,-0.6276129878112586,1.4626843961782101,1.5916481097568613,1.75,1.9158415688852795,171155.69028224619,0.006467847407094798,1.53321400313014,1.5332276453431273,1.75,3.651872867071991,188059.77255560638,-0.2696034070457388,1.1654771747547417,1.1962537531665114,0.75,3.420827095018121,108666.97431710247,0.22722718718873874,1.4626843961782092,1.48022898141501,1.75,1.9158415688852755,171155.69028224595,0.023152936622264628,0.3940331191122456,0.3947127530642502,0.75,2.2293065633068525,12421.050004397837,0.03712728960548366,0.2706086103299709,0.27314365381272815,0.75,2.1037559939201396,5858.326449706306,0.01814442764951015,0.18517366978307206,0.1860604961716982,0.75,2.224953239612577,2743.143100901977,6.080184867535443,3.5629035539063123,7.047193041051537,0.75,2.509139238867277,1015542.5392190724,1.2070039479351091,2.3890413356645155,2.6766353942673313,0.75,2.7119354136868674,456601.4805741959,8.957798795881406,2.852541684126893,9.40101873879506,0.75,2.9755566337192603,650959.5248100702,0.7200445675354701,3.5629035539063105,3.6349341003208795,0.75,2.509139238867244,1015542.5392190714,0.3821989379351127,2.389041335664513,2.419420288348514,0.75,2.7119354136868803,456601.48057419487,0.34374463088146073,2.852541684126896,2.8731784544196595,0.75,2.975556633719276,650959.5248100718,0.06531121640239011,0.5112138617111674,0.5153689623886992,0.75,3.6250974166850964,20907.171592427927,-0.006834298369478056,1.3676642399669485,1.3676813155551164,1.75,2.518119598703078,149640.43797924244,0.015340342979520454,1.11265568606719,1.1127614307929523,1.75,2.7247904792514066,99040.21421835643,7.763257986186311,4.861389521299739,9.159764333097685,2.5,3.0157093320930755,1890650.703551876,-2.4775621355982125,3.140467935135121,4.000106621999197,1.75,5.487932827372927,789003.1260672763,8.241777546669114,3.4031255845315043,8.916734877345636,4.25,4.8763244761020905,926501.1014658383,2.261450936186341,4.861389521299763,5.361647919677422,2.5,3.015709332093079,1890650.7035518945,-0.0380984655982262,3.140467935135127,3.1406990216658497,1.75,5.487932827372953,789003.1260672791,-0.005899718330849577,3.4031255845314954,3.4031306984553527,4.25,4.876324476102114,926501.1014658335,-0.13660581565222338,0.6965614193033178,0.7098302330359434,1.75,3.921279320901259,38816.82460957036,-0.13340519223396846,2.827531254298649,2.8306765868517494,1.75,2.243023186861576,639600.2987756525,-0.02387115193459655,1.7330274021438814,1.7331917979485871,1.75,2.6080117775291343,240270.79848375614,4.0,ACL_2_1,ACL_2,ortho,gait_full,4.0,0.5
9.741357471223635,1.9186429351706045,9.928506236833647,1.75,3.027228515054194,294495.2573017653,-0.17225361186562957,1.086104284549031,1.0996789639328914,0.75,2.8743539599347363,94371.98413454062,0.45038598157871507,0.8369514419004789,0.9504395028101017,0.25,2.4732539528831547,56039.020042854405,0.17536990313436968,1.0861042845490327,1.1001714047552429,0.75,2.8743539599347345,94371.98413454088,-0.13231473622369655,1.918642935170607,1.9231999121521475,1.75,3.027228515054117,294495.2573017659,-1.576714693421275,0.8369514419004815,1.7850817741912666,0.25,2.473253952883143,56039.02004285474,0.07712019928126619,0.2731496230622834,0.2838278381629429,1.0,1.7612316565316657,5968.866396422119,-0.02784356964466879,0.36276810955660554,0.363835080334251,2.75,2.811239912099597,10528.066976459913,-0.0049924904110237,0.1644114844942144,0.1644872675744097,1.75,3.301119120902592,2162.49965291363,9.890167625508761,2.04669104585643,10.099720783162796,1.75,3.757306784017283,335115.83043497213,0.4429340813948579,1.3418104631325158,1.4130272182208674,1.0,3.744559354219564,144036.56759930693,-0.1725705023803284,1.6067845145568218,1.6160250785527432,1.75,2.3650258119688083,206540.54021769363,0.0440607355088129,2.04669104585643,2.0471652560559113,1.75,3.7573067840172754,335115.8304349722,-0.16056799360513574,1.3418104631325145,1.3513835131235958,1.0,3.7445593542195468,144036.56759930667,0.6822696726196696,1.6067845145568218,1.7456369560696612,1.75,2.36502581196881,206540.54021769357,0.02870801561869669,0.4426964721779657,0.4436263254582393,1.0,2.0134524501873585,15678.453754750928,-0.01705686119285403,0.31618663845156164,0.3166463750764421,1.75,2.654244681764836,7997.963215009265,0.0036211423446340964,0.21711465214376924,0.21714484761879577,1.0,2.5485613275773042,3771.102457419847,6.7132603404075395,4.546202543330489,8.107763067768653,1.75,2.3572009694082885,1653439.6923933702,1.2351339400903212,3.13391786500957,3.368530396862879,1.0,2.4486531568276164,785719.4052412057,9.128055575531674,3.84982786168018,9.906693351192612,1.75,3.5020541579824997,1185698.2383370176,1.353120040407576,4.546202543330492,4.743299633033658,1.75,2.357200969408289,1653439.6923933723,0.41032893009032306,3.1339178650095683,3.1606662296887977,1.0,2.4486531568276226,785719.405241205,0.5140014105317268,3.849827861680188,3.883989188269923,1.75,3.50205415798252,1185698.2383370227,0.11308586807634306,0.7041381287120143,0.7131612144982628,1.75,3.903512814859375,39665.02239962714,0.1103584846684462,1.6936920064098269,1.6972835967259157,1.75,2.703424736737815,229487.58119624062,-0.030616061675808957,1.5434481393781967,1.543751761839498,1.75,3.1066285888998304,190579.55587714328,9.081479596349556,6.252017929355405,11.02547050460409,2.75,2.705278097957634,3127027.6557690105,-2.6026802748406754,3.5354420042849886,4.390136077470423,1.75,4.940206434959162,999952.5007689144,8.29012980075825,4.520526730876548,9.442532183582403,4.5,5.135293483496306,1634813.7150528473,3.5796725463495944,6.252017929355424,7.204289259050518,2.75,2.7052780979576267,3127027.6557690296,-0.16321660484069064,3.5354420042849983,3.5392075138028356,1.75,4.940206434959162,999952.50076892,0.04245253575828158,4.520526730876538,4.52072606362757,4.5,5.13529348349629,1634813.7150528396,-0.20344259983891008,0.673612054289163,0.7036633364847719,0.75,3.639979478796181,36300.360776510934,-0.31478793408600586,3.3262249060069746,3.3410871836555303,1.75,2.0922422196043846,885103.6372674918,-0.004221949650653763,2.050495659130341,2.050500005601372,1.75,2.804562803326961,336364.7401227881,4.0,ACL_2_1,ACL_2,ortho,gait_full,4.0,0.5
9.726359962399842,1.8501236062647535,9.900759338385758,1.75,3.239776841592562,273836.6693533478,-0.18503157904369286,1.0759839240059448,1.0917774910496338,1.0,2.5251269501769524,92619.57205130521,0.6050885364265751,0.8471393607994877,1.0410462206504663,0.25,2.806836816535348,57411.77727202967,0.1625919359563045,1.0759839240059446,1.0881992199764017,1.0,2.525126950176953,92619.57205130516,-0.11731722739990172,1.850123606264745,1.8538394456648248,1.75,3.239776841592531,273836.6693533454,-1.4220121385734128,0.8471393607994896,1.6552231326518787,0.25,2.8068368165353466,57411.77727202992,0.05395682929354173,0.2401130832984573,0.24610085777685597,1.0,1.976449114099572,4612.357460040415,0.002005724368346011,0.34982741882691387,0.34983316865806585,2.75,3.1649779686300157,9790.337957609687,0.015410456833978028,0.17600971863722378,0.17668305870848677,1.75,3.2546135211996554,2478.367982773387,9.85354224758997,1.9999343292574476,10.054453348958504,1.75,3.613862757657373,319979.0519854883,0.5170999563709662,1.3065073384131092,1.4051170023190815,1.0,3.7834264280506167,136557.6332669071,-0.04686986996624744,1.4680037695560697,1.468751800727912,1.75,2.307491001332174,172402.81665745887,0.007435357590028211,1.9999343292574463,1.9999481507991457,1.75,3.6138627576573605,319979.0519854878,-0.08640211862903113,1.3065073384131085,1.3093611997576873,1.0,3.7834264280506003,136557.63326690704,0.807970305033751,1.4680037695560708,1.6756643701073215,1.75,2.307491001332181,172402.81665745907,0.0687137646685645,0.3943334187787562,0.4002754384429162,1.0,2.119654324979126,12440.05317248364,-0.006843684785340691,0.2916773561843547,0.291757632517362,1.75,2.7750823551261785,6806.102077819797,-0.010624206723832732,0.21456838777439996,0.21483125191790883,1.0,2.5227938438009443,3683.1731931543586,6.17896608168517,4.201556774574075,7.472128289087727,1.0,2.2940824296485993,1412248.1217870375,1.41577621852814,2.955163049705633,3.2767988878317413,1.0,2.2276285948697336,698639.2950007574,9.489046119039463,3.603719407914744,10.150309838632479,1.0,3.716589920749429,1038943.5165597846,0.8188257816852013,4.2015567745740805,4.280602176180558,1.0,2.294082429648604,1412248.1217870407,0.5909712085281404,2.9551630497056296,3.013674770053114,1.0,2.227628594869733,698639.295000756,0.8749919540395112,3.6037194079147503,3.708423450823182,1.0,3.7165899207494406,1038943.516559788,0.1563592080024344,0.7215905778578166,0.738336755132999,3.5,4.042400829496232,41655.617114693836,0.007037377387230181,1.7165332927689216,1.7165477184933153,1.75,2.7710528939477106,235719.34058024661,-0.001630022893694747,1.530091298616682,1.5300921668569896,1.75,3.0501470733718157,187294.42932994873,9.706190705406867,6.544050210909074,11.706183458865905,1.75,2.5741393129481906,3425969.941934308,-2.3800035024687953,3.7453018791443524,4.4375334182049775,1.75,4.42617175487438,1122182.9025363151,8.127346679159855,4.937688500707826,9.509707239093801,4.5,5.228071023806529,1950461.5424353546,4.204383655406908,6.544050210909085,7.778266843246764,1.75,2.5741393129481853,3425969.9419343215,0.059460167531189115,3.7453018791443653,3.7457738422714675,1.75,4.426171754874353,1122182.9025363228,-0.12033058584010475,4.937688500707818,4.939154500510268,4.5,5.228071023806502,1950461.5424353476,-0.16833655177351048,0.6701000823614214,0.6909206286135764,1.75,4.291492268212503,35923.21534969177,0.047799132224194664,3.332159659806223,3.332502476440387,1.75,2.2581667874796296,888268.552353038,0.17895654372143902,2.1874367742518768,2.1947448794541424,1.75,2.8541297559769605,382791.2171223884,4.0,ACL_2_1,ACL_2,ortho,gait_full,4.0,0.5
9.752407128171685,1.4537710752260913,9.860167094566801,1.5,3.7759388064403923,169079.2563999604,-0.4130149036935308,1.150327611435236,1.2222253983219593,0.75,1.9977893698294766,105861.84509128502,0.39505315624016824,1.3892992973966936,1.4443751361755939,0.75,1.4816162835308035,154412.68802763778,-0.06539138869353427,1.1503276114352372,1.1521847279605675,0.75,1.9977893698294722,105861.8450912852,-0.14336439317174243,1.4537710752260855,1.46082294902343,1.5,3.7759388064404535,169079.25639995906,-1.6320475187598191,1.3892992973966989,2.1432992421118064,0.75,1.481616283530805,154412.68802763903,0.6932286103849965,1.3967746731919513,1.5593413333605939,0.25,0.5606784369548429,156078.4139793856,0.010874425887015473,0.31454408928719363,0.31473200861031314,1.5,2.570137311842383,7915.041737410089,0.10917663439637003,0.355915084625773,0.3722836082374428,0.25,1.217860357279785,10134.044304794781,9.829177715541245,1.6021827655728185,9.958901755614983,1.75,3.930549445763203,205359.26687630615,0.6586716081951632,1.4627528622366497,1.6042114023481797,0.75,2.9150335915032817,171171.75973412316,-0.27935271706323417,1.321795166469414,1.350992376970543,1.75,2.547534907392176,139772.03470574974,-0.01692917445870136,1.602182765572823,1.602272202606796,1.75,3.930549445763205,205359.26687630735,0.055169533195162754,1.4627528622366477,1.4637928860923177,0.75,2.9150335915032906,171171.75973412272,0.5754874579367637,1.3217951664694159,1.4416408277877084,1.75,2.547534907392188,139772.03470575003,0.7014543435648851,1.178807967438362,1.371723886284046,0.25,0.5829585804212986,111167.15738365483,0.09778338041318087,0.2935037392355454,0.30936391908281075,0.75,2.1742983943137375,6891.563286083533,-0.008681435008413382,0.2010501241123413,0.20123747096252517,0.75,2.1697139586207688,3233.695828326187,5.99699333258372,2.8795559583959602,6.65250114983735,1.0,2.5881176076837265,663347.7586146033,1.0168143097963047,2.4646047532844912,2.6661185139672705,1.0,2.7803281273703475,485948.7782738138,8.91667438513544,2.594505981232499,9.286470986181008,1.0,3.4143151867603483,538516.9035608344,0.6368530325837448,2.8795559583959616,2.9491395868362686,1.0,2.588117607683725,663347.7586146037,0.1920092997963077,2.4646047532844872,2.4720728470497706,1.0,2.7803281273703435,485948.7782738123,0.30262022013548934,2.594505981232497,2.612094999092884,1.0,3.414315186760362,538516.9035608335,0.5230966589678333,1.2126702212797602,1.3206813318140045,0.75,1.4787628157826096,117645.5748358833,-0.09322119938892477,1.3531569253823446,1.3563642050443936,1.5,2.4462862903310056,146482.7447170487,0.4881509062770977,1.5171794420033233,1.5937768873141143,0.25,1.8968684607652915,184146.67708604736,8.406820853342744,5.337698073500319,9.958195498384606,0.75,2.97046005039526,2279296.926970646,-2.759630305391286,2.9034626285216265,4.005702767013013,1.75,4.418858051059688,674412.0770249274,8.033633610169952,3.877860083402921,8.920597951309205,5.25,5.028195800674731,1203025.0855767617,2.9050138033427744,5.337698073500333,6.077016202172018,0.75,2.9704600503952787,2279296.9269706584,-0.3201666353913001,2.9034626285216336,2.921061777785526,1.75,4.418858051059677,674412.0770249304,-0.21404365483001192,3.877860083402921,3.8837628033419724,5.25,5.028195800674721,1203025.0855767617,0.17339399283084928,1.0760881406109333,1.0899684229890885,0.75,1.7300152770792032,92637.36087865681,0.07397488651830741,2.9338271304390533,2.934759600910379,1.75,2.0046158581659688,688589.7450787306,0.6550061305150335,2.149933066287404,2.2474975462785793,1.5,2.216123709511007,369779.3556607203,4.0,ACL_2_1,ACL_2,ortho,gait_full,4.0,0.5
9.636684996468349,1.2841419335550828,9.721868042031469,1.75,3.3978247173187968,131921.67159257093,-0.6280307991561558,1.0630671034675996,1.2347203534257105,0.75,1.6868357628111077,90409.32301508452,1.7331412063379397,2.0232884903630337,2.6641086232250464,0.25,0.8875971112077248,327496.62753081194,-0.28040728415616034,1.063067103467602,1.0994270832951274,0.75,1.6868357628111073,90409.32301508493,-0.027642261468407058,1.2841419335550888,1.2844394108457158,1.75,3.3978247173187803,131921.6715925721,-0.29395946866204836,2.0232884903630386,2.0445313605938207,0.25,0.8875971112077274,327496.62753081357,0.7436155756650581,1.3971697042864881,1.582734123896894,0.25,0.5870914796093557,156166.69383346688,0.03707470719078165,0.3364810230661082,0.3385173744387384,0.5,2.3614394308195132,9057.580395309413,0.11202079795875862,0.36541765488490235,0.38220246163113425,0.5,1.256146558105071,10682.456643646283,9.932256964995757,1.4406420338880221,10.036193396328697,1.75,4.18208540230603,166036.16182116393,0.7590869086773543,1.3374017389036592,1.537808943317691,0.5,2.9918759123526404,143091.5709621606,-0.5300966615132431,1.3079197151975108,1.4112605896679122,1.75,2.395344184795429,136852.86830930205,0.08615007499581097,1.440642033888032,1.4432156128683022,1.75,4.1820854023060585,166036.16182116623,0.1555848336773558,1.3374017389036577,1.3464212014421557,0.5,2.991875912352653,143091.57096216027,0.32474351348675307,1.3079197151975086,1.3476321200364931,1.75,2.3953441847954333,136852.86830930162,0.7654410422245225,1.1419762467451309,1.3747762498864533,0.25,0.5717775828117541,104328.78183354987,0.07554430517371113,0.29391370164177727,0.303466976880435,0.25,2.0342296237182116,6910.876146617302,0.005000204593973477,0.18023512619447526,0.1803044723802491,0.75,2.215382650028469,2598.801636731638,5.969564660875924,2.839617408035837,6.61053169301826,0.75,2.6480605291650323,645075.6223358221,0.8457035197688504,2.1429247762967667,2.3037667069857504,0.75,2.398050304659674,367370.1437073468,8.590834638172657,2.497279819893757,8.94644321947419,0.75,3.4659022193070923,498912.60012842214,0.6094243608759546,2.8396174080358434,2.9042770314915325,0.75,2.648060529165048,645075.622335825,0.020898509768852627,2.142924776296761,2.1430266784566823,0.75,2.398050304659677,367370.14370734483,-0.023219526827295597,2.497279819893743,2.4973877642998508,0.75,3.4659022193071034,498912.60012841644,0.5027362680969779,1.2053471316237,1.3059883088962005,0.5,1.325700285415377,116229.10467148195,-0.10019445060987434,1.2110889206568178,1.2152264404919402,3.0,2.6195653767354536,117339.30304457601,0.5800595294069137,1.3471929836082348,1.466764463961078,0.25,1.8999265212264773,145194.3703451935,7.693413554284865,4.263853541289875,8.79596834571523,0.5,2.8573051103535994,1454443.9811095807,-2.940931750233965,2.2024832166280324,3.6742362307100476,5.0,4.971965910455528,388077.7864878573,7.952870043888705,3.0228124066798583,8.507969016220029,3.75,4.912125642283256,730991.5890933214,2.1916065042849,4.2638535412898895,4.794119949604329,0.5,2.8573051103536087,1454443.9811095905,-0.5014680802339722,2.2024832166280337,2.258849830117468,5.0,4.971965910455517,388077.78648785764,-0.29480722111125884,3.0228124066798676,3.037154283798747,3.75,4.912125642283263,730991.5890933258,0.32560872710797556,1.0314891001906157,1.0816611331562773,0.75,1.83956835314842,85117.65710480817,-0.4338452059846616,2.6264420631261847,2.6620329775783023,0.75,2.0235764543534978,551860.4008541432,0.45112691628776913,2.1118302290776763,2.159477346731283,1.25,1.9417510278141072,356788.96539640176,4.0,ACL_2_1,ACL_2,ortho,gait_full,4.0,0.5
9.396132969384077,1.4814865707990539,9.512208851670803,1.75,3.2256470053344386,175586.18219403687,-0.24652321872084249,1.0091388203456089,1.0388141585947945,0.75,2.040674107856288,81468.98972506206,2.5844937296713555,1.1438298809939742,2.826296982867378,0.25,1.7239014991647372,104667.93123821424,0.1011002962791543,1.0091388203456089,1.0141905287648172,0.75,2.0406741078562893,81468.98972506206,0.21290976561586825,1.4814865707990594,1.4967073955027281,1.75,3.2256470053344493,175586.18219403818,0.5573930546713658,1.1438298809939762,1.2724125958393253,0.25,1.7239014991647377,104667.9312382146,0.10329263532680054,0.3703741590248231,0.38450797935296527,0.75,1.2875936329150535,10974.180512013627,-0.025284955676167363,0.36460953875384805,0.3654852182152372,1.5,2.4651285073944353,10635.210403543735,0.005431471226404877,0.19482727969297703,0.1949029753293899,3.25,2.466348720338702,3036.6333999520116,9.861910368726502,1.5265634940057304,9.979362315400031,1.75,3.4843239299294178,186431.77557852934,0.5095470983595878,1.1787903938284234,1.2842059951693283,0.75,3.675581941808106,111164.46098293454,-0.2969227186187572,1.3667974571813106,1.398677371586904,1.75,2.000878987230018,149450.85855770018,0.015803478726553806,1.526563494005738,1.5266452931741765,1.75,3.4843239299294826,186431.77557853115,-0.0939549766404083,1.1787903938284208,1.1825287862110008,0.75,3.6755819418080997,111164.46098293403,0.557917456381238,1.3667974571813102,1.4762815372049487,1.75,2.000878987230014,149450.8585577001,0.1426512132854991,0.3458361676311718,0.37410162188052715,0.75,1.76060549446182,9568.249726340735,0.00951116380905799,0.2429100124232426,0.2430961463546113,0.75,2.1944164096750036,4720.433204246259,0.005181925704906661,0.17905262407976438,0.1791275929159452,0.75,2.4052642669197404,2564.8009218961442,5.9149894454253475,3.585141767231274,6.916671282534645,0.75,2.9430226420187817,1028262.9920602925,1.5715969875362197,2.653980675600435,3.0844011603054264,0.75,2.571674112768604,563491.2818138622,9.194155307086005,3.055229157918242,9.688494053164895,0.75,3.68283862771681,746754.2746278781,0.5548491454253832,3.585141767231288,3.6278229098628225,0.75,2.9430226420187786,1028262.9920603004,0.7467919775362248,2.653980675600427,2.757047639082968,0.75,2.5716741127686116,563491.281813859,0.5801011420860501,3.055229157918233,3.1098139080085314,0.75,3.68283862771678,746754.2746278737,0.15788825365041323,0.6962041074895927,0.7138829455353011,0.75,3.700516273015805,38776.241128210786,0.010777203667219766,1.6788889689443085,1.678923559356342,1.75,2.579313694357331,225493.784611206,0.08506928100647476,1.4397262260636294,1.4422372858120052,1.75,3.106390274794698,165824.97665758568,8.647455217051911,5.4675189628278265,10.23094547633796,0.75,2.7362812743721108,2391501.126997562,-2.3826906258551195,3.190098821667213,3.981701283439078,1.75,4.52193350642591,814138.4622219354,7.904592425556682,3.9217785602613584,8.823997307903811,5.0,5.24266794695644,1230427.8335488727,3.145648167051947,5.467518962827824,6.307841627669413,0.75,2.7362812743721148,2391501.1269975593,0.05677304414486159,3.1900988216672026,3.1906039664213965,1.75,4.521933506425908,814138.4622219298,-0.3430848394432698,3.9217785602613557,3.9367568229167325,5.0,5.242667946956444,1230427.8335488716,-0.039794971799201086,0.7216117308320729,0.7227081913573133,5.75,4.325106815022869,41657.880898885596,-0.01605429265151134,3.1137711012478406,3.113812488137128,1.75,2.0659904637284043,775645.6825897667,0.04964875102009534,1.9524144071051202,1.953045574365712,1.75,2.73389304498544,304953.7630554376,4.0,ACL_2_1,ACL_2,ortho,gait_full,4.0,0.5
9.610520593173598,1.5934845019663548,9.74172977092984,1.75,2.9795084186989116,203135.91613767008,0.12800290933301664,1.0193943945012454,1.0273994726192324,0.75,2.369516439727641,83133.48405649402,1.893621481264743,0.9265306539093969,2.108141685689331,0.25,1.9134056978102383,68676.81452047375,0.47562642433301533,1.0193943945012447,1.1248935181004327,0.75,2.3695164397276334,83133.48405649394,-0.001477858173660671,1.5934845019663575,1.5934851872771683,1.75,2.9795084186989347,203135.91613767078,-0.13347919373524675,0.9265306539093946,0.9360960141961838,0.25,1.9134056978102518,68676.81452047342,-0.024125166420563737,0.2992799354821884,0.3002507342822707,1.0,1.5186422255570708,7165.509844183947,-0.017321093296186276,0.39404438940434433,0.39442489918109597,2.5,2.245402269580039,12421.68375047482,0.017531043330088047,0.19081713368123476,0.19162076084433974,3.5,3.4830098175950917,2912.9779806201263,9.912544170853785,1.7543934001663852,10.066599631537688,1.75,4.389171819736632,246231.7998989869,0.17866321681369585,1.3768975215455797,1.388440610858303,0.75,4.123769925525115,151669.37659740465,-0.2806458641690175,1.4836390495811589,1.509949313890125,1.75,2.3911570268398834,176094.79861370663,0.06643728085383403,1.7543934001663883,1.755650909160085,1.75,4.389171819736645,246231.7998989878,-0.42483885818630135,1.376897521545576,1.4409492844175296,0.75,4.12376992552513,151669.37659740384,0.5741943108309784,1.4836390495811587,1.5908752107040784,1.75,2.3911570268398927,176094.79861370657,-0.004101137533775736,0.39043482564459525,0.3904563642780028,0.75,1.8692188377500898,12195.151168732315,0.026823997555950753,0.24940031342830954,0.2508386795991015,0.75,2.7077807245017804,4976.079673007152,0.005892613578126856,0.1979707896413386,0.19805846724135845,2.5,2.8198363776121615,3135.3977101109435,6.899357623346625,4.0726683141280215,8.011726581189198,1.75,2.738991793643302,1326930.8232323453,1.4265973607356233,2.922358142619826,3.2519774204926835,1.75,2.4604880698863965,683218.3109202377,8.871965367978532,3.506287175616636,9.539697020791811,3.5,3.617226106798293,983524.0524269416,1.5392173233466604,4.072668314128031,4.353827875030537,1.75,2.738991793643288,1326930.8232323509,0.6017923507356282,2.9223581426198226,2.9836774536032364,1.75,2.4604880698864053,683218.3109202359,0.2579112029785824,3.50628717561663,3.5157599386925584,3.5,3.617226106798276,983524.0524269382,0.12130382939286205,0.6386568609933343,0.6500747688683447,3.5,3.8382977208561306,32630.84077575411,-0.09357813117362145,1.9482376735589855,1.9504837603293381,1.75,2.618245991393984,303652.7350494055,-0.048309728021066575,1.4261360940088166,1.426954094726314,1.75,2.9957117403061813,162709.42418533936,9.5279722400482,5.968164467265089,11.242830698514261,1.75,3.2241513254161482,2849520.239490836,-1.9028583165025574,3.8546640411023776,4.298756173877585,1.75,5.073900552717508,1188678.2538687796,7.872638841576787,4.283293358955178,8.962424020808937,4.25,4.9155904846480505,1467728.4287639856,4.026165190048223,5.96816446726508,7.199235601498365,1.75,3.224151325416151,2849520.2394908266,0.5366053534974192,3.8546640411023616,3.8918350652577356,1.75,5.073900552717519,1188678.2538687696,-0.3750384234231646,4.283293358955179,4.299680897219382,4.25,4.9155904846480745,1467728.428763986,-0.21466868925194021,0.9404061573061882,0.9645964891313555,1.75,4.072033714544808,70749.21515481813,0.21799413263543832,3.424190957537991,3.431123016673757,1.75,2.1155051323489005,938010.2593863782,0.18129113581307682,2.1368373091582145,2.144513968649986,1.75,2.8356237606640557,365288.02190853993,4.0,ACL_2_1,ACL_2,ortho,gait_full,4.0,0.5
9.677353895426435,1.48704260425179,9.79093836790862,1.75,2.7084655985837736,176903.72244695981,-0.031156454787054883,0.999576852048814,1.0000623019725892,0.75,2.2437456295939238,79932.42845844806,1.9140829642421944,0.7543121491563418,2.0573527680898684,2.5,2.362335953308369,45518.959833197965,0.316467060212944,0.9995768520488147,1.048477602694326,0.75,2.243745629593908,79932.42845844818,-0.06831116042649668,1.4870426042517884,1.4886108025601439,1.75,2.7084655985837607,176903.7224469595,-0.11301771075779264,0.7543121491563417,0.7627318148011076,2.5,2.362335953308388,45518.95983319795,-0.06718867143357056,0.2539037635556637,0.2626431775560497,0.75,1.8275048910218235,5157.409389848947,0.019404053019064824,0.37534208446252965,0.3758433152821045,2.5,2.290851070087921,11270.56526529116,0.020096405839825325,0.17924298113360768,0.1803660495030642,3.25,2.801041535224005,2570.2572230148317,9.94700453622807,1.654404247336639,10.08364778526835,1.75,4.483687138517842,218964.2833042404,0.25328681053365243,1.3139773657194656,1.3381669275592551,0.75,4.16010595714379,138124.3618268094,-0.44141495341036463,1.595777624769068,1.6557032912958416,1.75,2.298519484893754,203720.5003233706,0.10089764622811638,1.65440424733663,1.6574781291527967,1.75,4.483687138517788,218964.283304238,-0.35021526446634516,1.3139773657194662,1.3598482448745155,0.75,4.160105957143787,138124.36182680953,0.41342522158963063,1.595777624769069,1.6484619017617745,1.75,2.298519484893767,203720.5003233708,-0.08599011109201465,0.39565461013756015,0.4048911825771484,0.75,1.9372157537822967,12523.40783721334,-0.013783381694105342,0.28185570742448157,0.2821925254479295,0.75,2.3392125695687485,6355.41749371995,0.021096996970651687,0.18810419696727815,0.18928357614406024,2.5,2.7318742724676746,2830.655689316466,7.299695931650717,4.201763766552625,8.42261120107491,0.75,2.6411853013641853,1412386.959680232,1.2720344526028542,3.0308959446616544,3.2870050009050953,1.75,2.123901073646154,734906.5220016711,8.728312349933724,3.662911176332744,9.46574639231946,0.75,3.347375354028264,1073353.8277555946,1.9395556316507474,4.201763766552621,4.627817498366006,0.75,2.6411853013641813,1412386.95968023,0.4472294426028576,3.030895944661654,3.06371415143406,1.75,2.1239010736461457,734906.5220016711,0.11425818493377615,3.6629111763327393,3.6646927863775502,0.75,3.347375354028276,1073353.8277555916,0.08474302965988034,0.6160153358162805,0.6218169144022863,0.75,3.4839248401403893,30358.05575096991,-0.022309571723473295,1.910375414828416,1.9105056771889812,1.75,2.4112260682919286,291962.8951631068,-0.10363446879002323,1.3399470528908077,1.3439487369956309,1.75,2.9084073374602695,143636.68632847612,8.84376407680854,5.445856499378588,10.38602503646478,2.5,3.3882257972362897,2372591.04608312,-2.2477205964524067,3.458010062969299,4.124328002876747,1.75,4.892136437404564,956627.6675810893,8.10387472386917,3.525393409425285,8.837487438824729,4.25,4.8932194816571455,994272.9875206817,3.341957026808576,5.445856499378571,6.389525004322234,2.5,3.3882257972362777,2372591.046083105,0.19174307354757666,3.458010062969295,3.4633219604666237,1.75,4.892136437404562,956627.6675810873,-0.14380254113079213,3.5253934094252863,3.52832507885185,4.25,4.893219481657186,994272.9875206822,-0.19815502402938404,0.8982657175215902,0.9198623336253438,0.75,3.9057834201733916,64550.58884685994,-0.2882686361305856,3.196663889247397,3.20963531065367,1.75,2.027798419954744,817494.1448987278,-0.06721127526826273,2.036823428848378,2.0379320488742625,1.75,2.3792276561248467,331892.2932141886,4.0,ACL_2_1,ACL_2,ortho,gait_full,4.0,0.5
9.332632674695098,1.5068289280398128,9.453494912420707,1.75,2.8659547714468854,181642.7764458313,-0.6721280050884689,1.0479738133429586,1.244992035587693,0.75,1.992077273888258,87859.9630112473,2.8112492320023548,0.9032898164672263,2.9528045544815904,1.75,2.622808043450984,65274.65593071068,-0.4083338750884704,1.0479738133429588,1.1247158161052726,0.75,1.9920772738882548,87859.9630112473,0.270613915304841,1.5068289280398197,1.5309360893042687,1.75,2.8659547714468463,181642.776445833,0.820445912002365,0.9032898164672215,1.2202720954995157,1.75,2.6228080434509677,65274.655930709974,-0.015416508247873556,0.3171103162806749,0.31748483651693726,1.0,1.5536914609103576,8044.733415869149,-0.003490510196412442,0.34842542007008986,0.34844290351856766,2.5,2.7378632211849627,9712.05248004928,-0.002094607536662205,0.19710879902930215,0.1971199280527123,0.75,2.268353402600043,3108.166149650627,9.83761269309474,1.6250638543758587,9.970930549860313,1.75,3.3260319640010447,211266.61062636308,0.3981266228708586,1.180004167323312,1.2453572349887956,1.0,4.027197709434497,111393.10954664116,-0.4105942652746359,1.5538280927098458,1.6071619060849893,1.75,1.9546152677184916,193150.54306121584,-0.026890276905197782,1.6250638543758562,1.6252863187115532,1.75,3.326031964001023,211266.61062636253,-0.07711009712914066,1.1800041673233115,1.1825209520256488,1.0,4.027197709434504,111393.10954664108,0.43473499472535904,1.5538280927098425,1.6134981429593171,1.75,1.9546152677184883,193150.54306121502,0.05848086951940457,0.3768799032531658,0.3813901854739595,0.75,1.8973477662754987,11363.082213901676,0.03887059758568885,0.2684129559659748,0.27121290213974125,0.75,2.124674276082469,5763.644205259584,-0.015596437235671858,0.19127557261956016,0.19191037891522927,2.75,2.5527007582614503,2926.9171215703313,6.245283662975101,3.996849818448174,7.414740487856127,0.75,2.8126128737386598,1277986.8158197422,1.5352288804227905,3.000890181855042,3.370796582239605,0.75,2.498045831897038,720427.9652153575,9.255326156187005,3.2841885215445736,9.820741138144538,0.75,3.4934480701800217,862871.6327620435,0.8557372029751236,3.996849818448157,4.087431299946796,0.75,2.8126128737386447,1277986.8158197314,0.6059245054227929,3.0008901818550484,3.061451680138996,0.75,2.4980458318970316,720427.9652153606,0.6820685011870518,3.2841885215445683,3.354267682424384,0.75,3.493448070180018,862871.6327620405,0.15456537428433118,0.7466421066452575,0.7624728784313075,0.75,3.541010731782565,44598.045846887755,-0.009275982209295118,1.8919743354322698,1.8919970744639976,1.75,2.4095696482011992,286365.5489968379,0.011166285269743623,1.470837765981987,1.4708801513942622,1.75,2.944967142575348,173069.18232425433,8.778793684768202,5.531005625389031,10.3758971558035,0.75,2.5394302922181025,2447361.862456392,-2.680323137575977,3.1563037006425168,4.140819384193758,1.75,4.146165957753296,796980.5170881344,7.964689839418386,3.915806653526674,8.875236672108427,4.25,5.156836451642971,1226683.3415227137,3.181346924768226,5.531005625389031,6.380673278253428,0.75,2.539430292218104,2447361.862456391,-0.11949898757599127,3.156303700642507,3.1585650315802067,1.75,4.146165957753312,796980.5170881297,-0.1768685805815634,3.9158066535266696,3.919799005382887,4.25,5.156836451642997,1226683.3415227104,-0.09436837669395245,0.6429384247369493,0.6498270604730781,1.75,3.189526751948389,33069.58544936268,-0.03199351040035427,3.0891869788447535,3.0893526465866135,1.75,2.0108615494101194,763446.1094018385,0.058475830194363115,2.0180502704463286,2.018897302183898,1.75,2.7132183075558762,325802.1560610227,4.0,ACL_2_2,ACL_2,ortho,gait_full,4.0,0.5
9.30338908884396,1.6506304554392786,9.448684005661558,1.75,3.2865328723974536,217966.48165718425,-0.38421943558068283,1.251904787438593,1.3095381519793943,0.75,2.2237275605388347,125381.52095703462,3.1076908098018072,0.8863755518924208,3.2316255643745624,1.75,2.901029550911488,62852.96000788613,-0.12042530558068525,1.2519047874385916,1.2576835257869394,0.75,2.223727560538838,125381.52095703439,0.2998575011559717,1.6506304554392903,1.6776457973670194,1.75,3.2865328723974003,217966.48165718734,1.1168874898018217,0.8863755518924156,1.4258679054766603,1.75,2.901029550911468,62852.960007885406,0.010698751718048962,0.3243529660851531,0.32452936677065286,0.75,1.7212637767924277,8416.400300614183,-0.014734156092563231,0.33751713270977746,0.3378385860561069,2.75,3.063214874818804,9113.518641363098,-0.016159715769273726,0.22366690619613816,0.2242499082298492,3.5,2.6021356008945498,4002.173827031056,9.89524445645019,1.79085636389247,10.055994698139134,1.75,3.6667020067465113,256573.66574764767,0.3094755035756289,1.4190378036588647,1.4523922939503513,5.25,4.362752682612982,161093.97271502388,-0.3065883199688945,1.5339666815921051,1.5643050144316626,1.75,2.2722812452869907,188244.35194563988,0.030741486450257954,1.7908563638924773,1.7911201955992109,1.75,3.66670200674653,256573.66574764976,-0.1657612164243713,1.4190378036588658,1.4286864838317272,5.25,4.362752682612997,161093.9727150241,0.5387409400310994,1.5339666815921036,1.625821509483831,1.75,2.272281245286985,188244.35194563944,0.08751162758148222,0.39470855573313035,0.4042933698824329,1.0,2.059498616593623,12463.596240421344,0.03500117671492762,0.2293920076256844,0.23204692528445975,2.75,3.428251164788233,4209.667816497918,-0.0019407240624698162,0.20222485864123227,0.20223417085733317,3.5,2.9003415828548023,3271.5950025488473,7.022715913284921,3.939859719515457,8.052393023702066,1.0,2.747640279322898,1241799.9504861156,1.028972021120474,3.1543117729241335,3.31790086968501,1.0,2.3579034328384556,795975.9640437013,9.087925829026224,3.563996298300924,9.76178597840501,3.5,4.135069430727214,1016171.4372017767,1.6331694532849423,3.9398597195154537,4.264942798280351,1.0,2.7476402793229138,1241799.9504861136,0.09966764612047636,3.1543117729241428,3.1558859929488974,1.0,2.357903432838451,795975.964043706,0.5146681740262813,3.5639962983009172,3.600965557133001,3.5,4.135069430727193,1016171.437201773,0.21678263836415967,0.9118439952633867,0.9372588671194426,2.75,3.613074066607121,66517.41255362995,-0.2204021733043083,2.074670124024039,2.0863444685658172,1.75,2.307166214040842,344340.52531572874,-0.009034403551735863,1.5372340379036298,1.5372605855017012,1.75,2.9330763100210917,189047.09643025295,10.15886162202675,6.318696175205752,11.963627828131722,1.75,2.969802181737852,3194077.0646403856,-2.6937334401156092,3.83035419376627,4.682714287259039,1.75,4.1453941800601655,1173730.6677480394,7.619485877868299,4.712891975570834,8.959236341141716,5.25,5.497467466839916,1776908.264768601,4.561414862026779,6.318696175205765,7.793101237509926,1.75,2.9698021817378426,3194077.0646403986,-0.13290929011563155,3.8303541937662615,3.83265940687427,1.75,4.145394180060183,1173730.6677480342,-0.5220725421316551,4.712891975570831,4.741720206069496,5.25,5.497467466839928,1776908.2647685988,-0.20988196928666444,0.715161822842252,0.7453233351255689,1.75,4.529165293832217,40917.006830462,0.1495894443005107,3.6764130627936225,3.679455124080972,1.75,2.2668057558998056,1081286.4785642177,0.13128023040979714,2.2752685416249636,2.2790527495880033,1.75,2.708038008326097,414148.5691411108,4.0,ACL_2_2,ACL_2,ortho,gait_full,4.0,0.5
9.301986383134441,1.626737688387581,9.443157638144092,1.75,3.436173870207843,211702.122683957,-0.29619781309435184,1.271622425558084,1.3056633324345528,1.75,2.307556597297425,129362.02174441444,3.2858783536159395,0.9001242917895622,3.406937084161,1.75,2.7280211189206276,64818.095337998035,-0.03240368309435333,1.2716224255580821,1.2720352164387194,1.75,2.307556597297421,129362.0217444141,0.3012602068654943,1.6267376883875935,1.6543981440576063,1.75,3.436173870207815,211702.1226839602,1.2950750336159533,0.9001242917895579,1.5771629856692093,1.75,2.728021118920623,64818.09533799741,-0.03166453638458201,0.3176868199546739,0.31926095664419085,1.0,2.0411261106126304,8073.9937752094065,-0.04839986790247039,0.39008716088190337,0.3930782877467039,1.25,2.576555856453357,12173.448738504045,-0.01962010984424497,0.2251618007721799,0.22601501108835909,1.75,2.8118434154988186,4055.8271164267453,9.917645352726662,1.717925571704766,10.065334451093909,1.75,4.032478343955877,236101.50259431294,0.348693547607675,1.4578577895966907,1.4989784937853425,1.0,3.9705850159546374,170028.86956075774,-0.38458783090061976,1.599548022803745,1.6451327231965858,1.75,2.164090759495775,204684.32953145803,0.05314238272672252,1.7179255717047752,1.7187473295278313,1.75,4.032478343955865,236101.50259431556,-0.12654317239232243,1.4578577895966893,1.463339505776721,1.0,3.970585015954656,170028.86956075745,0.4607414290993737,1.5995480228037429,1.6645829933481526,1.75,2.1640907594957715,204684.3295314575,0.007589082897343831,0.467671915784045,0.46773348714021074,1.0,2.171170155041861,17497.58795756704,0.0033845116895354476,0.2631446330519988,0.26316639759560434,1.0,2.7273632320125065,5539.612379131875,0.01982041761641278,0.21462347664217868,0.21553673858640626,2.75,2.586630815993917,3685.0592140510066,7.348703071261216,4.166600781740275,8.447721521449596,1.75,3.0033710206497886,1388845.5698461947,0.7216170525407832,3.0385898655290955,3.123100949603418,1.75,2.4189665936472546,738642.4475255491,8.718791307065214,3.833162647121659,9.524203784854913,3.5,4.089521814589036,1175451.5367917134,1.9591566112612362,4.166600781740277,4.604221617368923,1.75,3.0033710206498103,1388845.5698461966,-0.20768732245921295,3.0385898655290973,3.0456792994020914,1.75,2.418966593647261,738642.4475255503,0.14553365206525848,3.8331626471216556,3.8359243896578756,3.5,4.089521814589001,1175451.5367917113,0.1695750349435433,0.9185349828766464,0.9340568543960828,3.5,3.116584616238439,67496.59882805421,-0.01773993714755665,1.9471306696591602,1.9472114805786578,1.75,2.4459669151300916,303305.53317734605,-0.022889821663332945,1.3968991341985957,1.3970866598248532,1.75,2.9054878255166194,156106.1831632394,9.470437186145487,6.125727019094617,11.278905621078362,1.0,3.020945716073862,3001965.5847293856,-2.690562227699811,3.720157398712625,4.591154122039605,1.75,4.564324652016463,1107167.1900563033,7.716177562391271,4.545808621518121,8.955655877590372,1.75,5.328674211635001,1653150.7666530963,3.8729904261455226,6.125727019094638,7.247384794081308,1.0,3.0209457160738373,3001965.584729406,-0.1297380776998286,3.7201573987126237,3.7224189769559155,1.75,4.564324652016467,1107167.1900563024,-0.42538085760867955,4.545808621518098,4.565668066941373,1.75,5.328674211635001,1653150.7666530805,-0.1647228067084437,0.7167855087871077,0.7354692846455929,1.75,3.954539232187116,41102.53873330854,-0.12095024522407098,3.4849576920121885,3.487055932579041,1.75,2.2599060931851342,971598.096284398,-0.057166617642976564,2.0611220822100744,2.0619147072434227,1.75,2.7656235654743995,339859.17965028743,4.0,ACL_2_2,ACL_2,ortho,gait_full,4.0,0.5
9.340929305396866,1.3231542114816328,9.434177089486054,1.75,3.5172930528917177,140059.03273520694,-0.41214534264174885,1.053108406219824,1.130885095273672,1.0,2.579928321153881,88724.38256450568,2.8512093950425026,1.4643303113632278,3.2052547909886604,0.25,1.2873451824474698,171542.08052138248,-0.1483512126417494,1.0531084062198226,1.0635061812435,1.0,2.579928321153869,88724.38256450545,0.2623172846030786,1.323154211481639,1.3489060105000388,1.75,3.5172930528917097,140059.03273520828,0.8604060750425134,1.4643303113632269,1.6983997982651753,0.25,1.2873451824474742,171542.08052138228,0.681619628096804,1.1361688295810748,1.324947141103544,0.25,0.4800605228811654,103270.37429752033,-0.017390258087843908,0.36119219750364495,0.36161059803865525,2.0,2.5537839480011746,10436.849101364256,0.1403276518686671,0.3402598228807,0.36806058868857333,0.5,1.1957919041810023,9262.160099207913,9.86987464559208,1.4077994410073387,9.969770548302604,1.5,4.128986687518531,158551.9651987434,0.5614151752050607,1.2948345433425994,1.411305598934464,0.75,3.150188725639257,134128.33380367383,-0.3911313415163674,1.2577462420148233,1.317159571053866,1.0,2.027112645808684,126554.04883457573,0.005371675592134393,1.4077994410073542,1.4078096891978282,1.5,4.128986687518562,158551.96519874688,0.08617845520506556,1.294834543342597,1.2976992027333467,0.75,3.150188725639274,134128.33380367336,0.45419791848362606,1.2577462420148198,1.337243941267733,1.0,2.027112645808682,126554.04883457498,0.7230015885507781,1.2587527272813481,1.4516162459428388,0.25,0.5309845103173008,126756.68024357299,0.04477643708226694,0.2607019641015505,0.26451926849322027,0.5,2.5608234915918646,5437.311584818509,-0.028114401661136927,0.20819805486612789,0.21008771889571015,2.5,2.145037998557164,3467.714746088355,6.114362772570915,3.5662676962506477,7.078396527174921,1.75,2.717340060339508,1017461.2764283747,0.9487117039487026,2.6325666201345053,2.798296072015194,1.0,2.9153870310966563,554436.0933365646,8.665282083497722,2.978471532091185,9.1628819840738,2.5,4.237979062842093,709709.0280078287,0.7248163125709454,3.5662676962506468,3.6391790239406796,1.75,2.717340060339513,1017461.2764283743,0.019407328948705786,2.632566620134504,2.632638154753389,1.0,2.9153870310966457,554436.0933365639,0.09202442849775838,2.978471532091186,2.9798928106423483,2.5,4.2379790628420535,709709.0280078292,0.5211489456659859,1.263436153720593,1.3666993590753802,0.75,1.4787050278041456,127702.24297853296,0.13657599795209435,1.3765292763330772,1.3832880581493776,0.75,2.4713552938333523,151587.4565403329,0.5547718425232143,1.6406931252204209,1.7319485351482455,0.25,1.6437277522736078,215349.97160041367,8.010516396113543,5.108931389531268,9.501029042969073,0.25,2.4955750517657718,2088096.038955991,-3.031044261196219,3.08506552662064,4.324911399887126,1.25,4.969414441415408,761422.2261695738,7.694427931670013,3.952450810148239,8.650207431172108,0.25,4.637275614279101,1249749.392681509,2.4130696361135726,5.108931389531274,5.650140264778498,0.25,2.4955750517657393,2088096.038955996,-0.47022011119622853,3.085065526620643,3.120694835532064,1.25,4.969414441415407,761422.2261695751,-0.44713048832994073,3.952450810148213,3.9776617604109377,0.25,4.637275614279096,1249749.3926814932,0.40836929468413224,1.1071008740575603,1.1800160279334468,0.25,1.968927007336116,98054.71557772183,-0.37652809545490074,2.5864471426680558,2.613710433174005,1.75,2.103559358676404,535176.7472973246,0.369287090057972,2.2369945555480197,2.267270957877546,1.5,2.1257610792424275,400333.3349227526,4.0,ACL_2_2,ACL_2,ortho,gait_full,4.0,0.5
9.326726026347929,1.1638706974550612,9.39906449445637,1.75,3.392020338897972,108368.3658832181,-0.34457623963403167,0.8356211291198347,0.9038780096627183,0.75,1.9345816141426517,55861.020039810406,3.026293840225147,1.5134976428802165,3.383656235847348,0.25,0.9663897527443107,183254.12465918655,-0.08078210963403322,0.8356211291198336,0.8395167780744055,0.75,1.9345816141426524,55861.020039810275,0.2765205636520162,1.1638706974550583,1.1962686247314827,1.75,3.392020338897963,108368.36588321759,1.0354905202251603,1.5134976428802185,1.8338254367524056,0.25,0.966389752744306,183254.12465918704,0.6655140757389293,1.1293785510153842,1.310879436294677,0.25,0.42409844004144454,102039.67302215759,-0.02331115830548989,0.2761129294881282,0.27709521816888083,2.5,2.6989246586896756,6099.104983926519,0.14998893867679486,0.31390890790842957,0.34790154381614097,0.5,0.9842108781820953,7883.119125512844,9.891826907084031,1.4238320298374534,9.993774922865866,1.5,4.413448921179602,162183.81504648874,0.40998631386141204,1.2463896433946102,1.3120883814419713,1.0,3.233588887312658,124279.77687320155,-0.3123167246207739,1.2199571738831785,1.2593002988115585,1.75,2.271892922033393,119063.74971945045,0.0273239370840786,1.4238320298374647,1.4240941846411876,1.5,4.413448921179656,162183.8150464913,-0.06525040613858474,1.2463896433946111,1.2480964540701958,1.0,3.2335888873126573,124279.77687320171,0.5330125353792197,1.2199571738831754,1.3313143389073854,1.75,2.2718929220333925,119063.74971944987,0.7656997637677252,1.2095937334130942,1.4315771471164862,0.25,0.5885055338329278,117049.49969672899,0.05789255419525734,0.2625249583625153,0.2688324786823408,0.75,1.9985395850965655,5513.548329614497,-0.05263672458478472,0.20051395032433483,0.20730766760948402,0.75,1.935926124359017,3216.4752568384447,5.553254339112147,2.873297962293186,6.252557471546028,0.75,3.0887991682504294,660467.4081843132,1.42305622171631,2.376291147339593,2.769810214994886,0.75,3.165331519276188,451740.96402299544,8.92546829206751,2.37527722339501,9.236120729000982,2.25,3.530061541204044,451356.7650363369,0.1637078791121786,2.8732979622931962,2.8779578610191012,0.75,3.088799168250456,660467.4081843181,0.4937518467163165,2.376291147339594,2.4270456326695418,0.75,3.1653315192761844,451740.9640229958,0.35221063706755457,2.375277223395013,2.4012484712837723,2.25,3.530061541204026,451356.7650363379,0.519959794853327,1.1544921303808586,1.2661793977850249,0.5,1.1828428836319087,106628.1964467558,-0.08467387141358784,1.4596899901658829,1.462143813682717,1.5,2.3142662191798555,170455.89329513483,0.5883267016460387,1.502515872054966,1.6135929640546904,1.0,1.3886542488900646,180604.72575247686,8.195527413636706,4.775347415047421,9.485283997966052,0.25,2.5780803880630994,1824318.0559574808,-2.4538752852086083,3.000300668750838,3.875991230416337,1.5,4.320454106317451,720147.5262674142,7.663364290521058,3.604833116416174,8.468882691739452,4.0,4.164607341849627,1039586.4417369443,2.5980806536367345,4.775347415047446,5.436355950193272,0.25,2.578080388063097,1824318.0559574997,0.10694886479138282,3.0003006687508287,3.002206215866398,1.5,4.320454106317429,720147.5262674098,-0.478194129478898,3.604833116416166,3.6364118884800125,4.0,4.1646073418496155,1039586.4417369395,0.4066084809774766,1.2456144746273692,1.3102999184171646,1.75,2.221252860683588,124124.46650276626,-0.10055321436145387,2.3761958351218744,2.3783224330962702,1.5,2.1836183923237504,451707.53028641245,0.6749105923536007,2.2823104421749765,2.3800095088322704,1.5,2.131075497887279,416716.44578812685,4.0,ACL_2_2,ACL_2,ortho,gait_full,4.0,0.5
9.16697753815864,1.4702250489834885,9.284128331715559,1.75,2.991637083222373,172924.94145095968,-0.12886126514790902,1.0617241921848837,1.069515537954528,0.75,2.2354233719399117,90180.76317299488,3.4705702694595266,0.8520151457314312,3.5736239035203643,2.5,2.5978745127532927,58075.0979264415,0.13493286485208947,1.061724192184884,1.0702640507313308,0.75,2.2354233719399113,90180.76317299495,0.436269051841308,1.470225048983476,1.5335880738493564,1.75,2.9916370832223134,172924.94145095677,1.479766949459539,0.8520151457314308,1.707524533723759,2.5,2.59787451275328,58075.09792644145,-0.03303068220693178,0.2980790970563068,0.299903607962556,0.75,1.6728810687875084,7108.100039852694,-0.05647259698910487,0.3920414360725718,0.3960879218160259,2.5,2.5910158420679106,12295.731085437625,0.004463268202466606,0.2136354365056203,0.2136820546840424,3.25,2.554308119618495,3651.20914755096,9.8535421798807,1.6392209061900824,9.988960840346643,1.75,4.613231668014669,214964.86242068012,0.21058938046611878,1.3561423158257995,1.3723956674146367,0.75,3.5208623612687653,147129.77145344083,-0.2704789812397622,1.5600286430944144,1.5833029547649746,1.75,2.3600040112958367,194696.19590808282,-0.010960790119257085,1.6392209061901017,1.639257550908562,1.75,4.613231668014707,214964.86242068524,-0.26464733953387953,1.3561423158257995,1.381723631952397,0.75,3.5208623612687733,147129.77145344077,0.5748502787602312,1.5600286430944121,1.662570963978894,1.75,2.3600040112958363,194696.19590808236,0.021793250707712812,0.39477284191085993,0.395373927424136,0.75,1.917520432740558,12467.674601218267,0.024239414821404317,0.2837537338807092,0.2847871674112589,0.75,2.347898651113786,6441.360315842464,-0.0052738880294230395,0.2223613640284684,0.22242389733917517,2.5,2.6218016139530373,3955.598520945132,6.7040637108557295,3.66887140128472,7.642322133905218,0.75,2.7346303102193144,1076849.4172624208,1.3153085283265824,2.678607867856371,2.9841207472940328,0.75,2.7365208019962615,573995.2253066079,8.958787454772597,3.2881915903184176,9.543169106456808,2.5,3.4641112194177412,864976.3160527737,1.3145172508557519,3.668871401284728,3.897251975682651,0.75,2.7346303102193605,1076849.4172624254,0.3860041533265914,2.6786078678563605,2.7062777603430463,0.75,2.736520801996267,573995.2253066031,0.38552979977264945,3.288191590318416,3.31071550592217,2.5,3.464111219417727,864976.3160527725,0.12588387465480186,0.6075728859338558,0.6204768824219803,0.75,3.5925863884813856,29531.5875820423,-0.06194343690948556,1.8223708522527542,1.823423294936365,1.75,2.354702813305804,265683.5076643625,-0.03561303017308001,1.2013378887085293,1.2018656375671848,1.75,2.473330752485737,115457.01917572321,9.364828108884538,5.686018625183952,10.955857488799897,0.75,3.310101565797529,2586479.0301381224,-1.9992275272958893,3.2185871255605916,3.7889594601581615,1.75,4.52735365682611,828768.6569838013,7.765890765928045,3.88137653234859,8.6818283313017,4.25,5.365445590740255,1205249.937814873,3.7673813488845758,5.686018625183976,6.820848190207904,0.75,3.310101565797539,2586479.030138143,0.561596622704096,3.2185871255605876,3.2672149992703283,1.75,4.527353656826089,828768.6569837991,-0.3756676540719151,3.88137653234859,3.8995140687247507,4.25,5.365445590740262,1205249.9378148727,-0.2515617816037094,0.8791000563222418,0.9143851699308126,0.75,4.5270492347423525,61827.2731506258,0.21573618023853744,3.2244746037730527,3.2316835503869035,1.75,1.9324285116321684,831778.9688130304,0.3109592358124517,2.1293563759490133,2.1519419653261513,0.75,2.219821988664242,362734.0045601683,4.0,ACL_2_2,ACL_2,ortho,gait_full,4.0,0.5
9.43897669355723,1.6305995450460886,9.57878572146914,1.75,3.0262055523514544,212708.4745000251,-0.22163604175796928,1.2422608131508623,1.2618773565193973,0.75,2.1345397508190147,123456.95431333393,2.8480464110131063,0.8985054911958358,2.9864159919531814,2.5,2.309759005999486,64585.05933616972,0.042158088242029275,1.242260813150864,1.2429759580516706,0.75,2.134539750819006,123456.95431333421,0.16426989644272305,1.630599545046076,1.6388530974989104,1.75,3.0262055523514144,212708.47450002175,0.8572430910131161,0.8985054911958319,1.241844529238175,2.5,2.309759005999463,64585.059336169186,-0.045431296463282554,0.34129440217226936,0.34430491087473825,0.75,2.02799789677051,9318.610375970056,-0.07229975877769287,0.4424195392875977,0.448288192865664,2.5,2.583621645123489,15658.826785628065,-0.010855707240932657,0.2618299700205087,0.2620549171083063,1.0,2.360238979439707,5484.395124353463,9.933044039757993,1.7071306053218565,10.078673464270897,1.75,4.504040505486262,233143.60188493886,0.41804012052430833,1.3538597813646107,1.4169311380460978,0.75,3.9013866541883764,146634.91892371533,-0.3942745330082877,1.6485438835254156,1.6950366790391183,1.75,2.3854938351676527,217415.78630911247,0.06854106975804568,1.7071306053218658,1.7085060087310717,1.75,4.504040505486313,233143.60188494137,-0.0571965994756888,1.3538597813646096,1.355067436915304,0.75,3.9013866541883795,146634.9189237151,0.45105472699170707,1.6485438835254147,1.7091364201404813,1.75,2.385493835167653,217415.78630911224,-0.06552342282521606,0.40288689978642106,0.40818031917064024,0.75,1.7618796934920509,12985.450032681958,-0.008791594009663695,0.2739743529828513,0.27411537391690155,0.75,2.6047096791911,6004.959665394272,0.010702479096593838,0.20750518572339074,0.20778100288744375,2.5,2.792138981843562,3444.6803482450673,7.323761151567812,3.899747342009514,8.297319250018294,0.75,2.5922390352015205,1216644.1924246182,1.0669051869800052,2.9281563441219927,3.116470159271016,0.75,2.547479463853924,685927.9835991467,8.854225261693239,3.668500089933031,9.584111742600113,2.5,3.5280510283922095,1076632.6116466562,1.934214691567829,3.8997473420095115,4.3530696990270075,0.75,2.592239035201573,1216644.1924246168,0.13760081198001298,2.9281563441219807,2.931387650768721,0.75,2.5474794638539193,685927.9835991411,0.28096760669330006,3.6685000899330205,3.6792439040989846,2.5,3.5280510283921958,1076632.6116466497,0.12803627353161967,0.7394056917169544,0.750409264523894,2.5,3.6894621592491976,43737.7387279835,0.0030885540747158814,1.9223068148808105,1.922309296056043,1.75,2.4053206046261915,295621.5603105436,-0.12036958098651512,1.3688744667868926,1.3741565201417083,1.75,2.6754260190370576,149905.93083389068,9.071675674967471,5.435447823039445,10.575414535079975,2.5,3.0277905528804303,2363532.4028249294,-2.183574039750087,3.163448947991128,3.8438788786350555,1.75,4.259427184248482,800593.8394138362,7.88555607417346,3.7006348244927456,8.710722857672744,4.25,5.025011794439409,1095575.8734311834,3.474228914967508,5.435447823039454,6.450919282596911,2.5,3.027790552880432,2363532.402824937,0.37725011024989674,3.163448947991133,3.185863602263877,1.75,4.259427184248476,800593.8394138388,-0.2560023458265063,3.7006348244927434,3.709479115093804,4.25,5.025011794439412,1095575.873431182,-0.2082611174345911,0.7657048235692363,0.7935216253337397,0.75,4.380800438431885,46904.35092885266,-0.25463289260788,3.2364776329286418,3.2464789200679003,1.75,2.129126660132112,837987.9928826232,-0.031377576263442446,1.9857888275790576,1.9860367116521225,1.75,2.4272057015853195,315469.8979842591,4.0,ACL_2_2,ACL_2,ortho,gait_full,4.0,0.5
9.491498803809737,1.4143888757712415,9.59630373813934,1.75,3.0649771596849624,160039.7281733187,-0.43764533188616894,1.0854554894178923,1.1703619337748434,0.75,2.172593325044515,94257.58868874676,2.534234115750718,0.9599619770660055,2.709957481372595,0.25,2.171205951712662,73722.86042026634,-0.17385120188616965,1.0854554894178923,1.099289706994795,0.75,2.172593325044507,94257.58868874673,0.11174778619021346,1.4143888757712373,1.4187964828064095,1.75,3.0649771596849793,160039.72817331774,0.5434307957507316,0.9599619770660094,1.1031065348291411,0.25,2.1712059517126376,73722.86042026692,-0.06121849252989656,0.3430864723712316,0.34850542513965094,0.75,1.4954087865385597,9416.674111039265,0.024401300655979962,0.3849710779003219,0.3857436380466167,2.5,2.2142806096169982,11856.234252076318,0.006632957442187118,0.2285611229698161,0.2286573485756652,1.0,2.2315185405938927,4179.216882377968,9.932053656883753,1.5789227840601114,10.056773190305233,1.5,4.1696422908950295,199440.3586823107,0.4205400750496273,1.1930128151243584,1.2649638460342227,0.75,3.637943191037689,113862.38092023904,-0.3624952697166931,1.498648848984772,1.5418661398222482,1.5,2.298738460732102,179677.07301174922,0.06755068688382627,1.578922784060107,1.580367126120572,1.5,4.169642290895081,199440.35868230957,-0.05469664495036831,1.1930128151243595,1.1942660089024455,0.75,3.6379431910376847,113862.38092023924,0.4828339902833031,1.4986488489847707,1.5745085057681572,1.5,2.298738460732104,179677.07301174893,-0.02158358621336172,0.37663262410782566,0.3772505596234104,0.75,1.976349131779998,11348.255915512369,-0.005940964314041525,0.24874236401114372,0.24881330091221618,0.75,2.549893500852384,4949.836053996079,-0.011012714665581338,0.17629239681016584,0.17663603555723978,0.75,2.8742270822706315,2486.32900793167,6.510038624177639,3.388441964282167,7.339083173911647,0.75,2.6658400263237816,918523.3993577266,1.380308435659139,2.5425584639768952,2.893070154747777,0.75,2.668568626218117,517170.03149494156,9.040411300603616,3.063765283645019,9.545454111636074,0.75,3.5806633561732952,750932.6170709784,1.1204921641776664,3.388441964282164,3.568899218987827,0.75,2.665840026323813,918523.3993577252,0.45100406065915033,2.5425584639768943,2.582248672276082,0.75,2.6685686262181054,517170.03149494115,0.46715364560367356,3.0637652836450107,3.0991757358802996,0.75,3.580663356173292,750932.6170709745,0.14797951827825315,0.6523968433901175,0.6689690419557943,0.75,3.481598733927892,34049.776768713375,-0.020759591799728812,1.850810617351916,1.850927038528065,1.5,2.515485462454497,274041.4459455345,0.03610110656732684,1.4356620640391644,1.4361158908725227,1.75,2.816051043570287,164890.0731266423,8.70580490227043,4.891875560986691,9.9860645652116,0.75,3.0952337644512293,1914449.013420345,-1.9703261976897755,3.365512494147047,3.8998538015626334,0.75,4.269128610631019,906137.8772234083,7.766482370675809,3.271159382136732,8.427261246535513,4.0,6.0092690240421165,856079.7775089821,3.108358142270457,4.891875560986698,5.795889650847225,0.75,3.0952337644512555,1914449.0134203506,0.5904979523102134,3.365512494147047,3.416922911033029,0.75,4.269128610631031,906137.8772234082,-0.3750760493241476,3.2711593821367284,3.292592556955348,4.0,6.009269024042078,856079.7775089806,-0.1295270118617978,0.8022147748211627,0.812604326682559,0.75,3.8686891002425865,51484.03976221918,-0.12090544810601521,2.8867135957087364,2.8892444533184416,1.5,1.9838534515885575,666649.2352614757,-0.0376691227681235,1.9251506434223549,1.9255191410836785,1.5,2.4573411075150475,296496.42018064024,4.0,ACL_2_2,ACL_2,ortho,gait_full,4.0,0.5
9.735529931365896,1.6855752928067906,9.880369786209519,2.0,3.7315207447742167,227293.67369366597,-0.8535408715217508,1.1698202504903945,1.4481061555754533,1.0,2.2986033299778015,109478.4448311967,0.7143146884448393,1.3554807552907768,1.532179347234423,2.0,2.2444411672106948,146986.67332082623,0.23291870847824409,1.169820250490397,1.1927826890161461,1.0,2.2986033299778015,109478.44483119714,-0.07856558136595028,1.6855752928067946,1.6874052916522695,2.0,3.731520744774293,227293.673693667,-0.5491530715551536,1.3554807552907793,1.4624968970777754,2.0,2.2444411672106845,146986.67332082678,0.033242329682144044,0.3465649008759991,0.34815554426418,0.5,1.5573683418150837,9608.58302962709,-0.004326698001445979,0.35311824909000783,0.3531447552434957,2.0,2.2506362879970863,9975.427776731618,-0.01823785184952606,0.3170512469337041,0.317575364948703,3.0,2.991319421340082,8041.720086505933,9.713963466622676,2.1727486872435784,9.953990309860602,2.0,5.045330038565906,377667.26569408027,-0.22328009211888408,1.322781908721603,1.3414939349761463,5.25,6.299301343536529,139980.16067038252,2.6603895320691175,1.4757557205235199,3.0422898298815695,2.0,4.132754793252049,174228.4182231846,-0.00191260837726569,2.172748687243568,2.1727495290505656,2.0,5.045330038565933,377667.2656940767,-0.06440444211888317,1.3227819087216017,1.3243488627268152,5.25,6.299301343536525,139980.16067038223,0.23723734206913338,1.47575572052352,1.4947028143179235,2.0,4.132754793252036,174228.41822318462,0.0005309049334556249,0.2698720198728761,0.26987254208295147,3.0,3.629604774754996,5826.473415716661,-0.029923057197500574,0.23588797828440675,0.23777831619209863,8.25,6.620527653900099,4451.455636339962,-0.0025896581295475423,0.3210582020831974,0.3210686460153391,1.0,2.656564546890291,8246.272630541776,10.613682210544546,9.403406674705408,14.180067247947873,1.0,3.8353534812396077,7073924.573121343,3.0481981601691617,5.363650184012597,6.169299418906252,1.0,5.736259880943653,2301499.482563249,7.800535208937354,6.771826736436401,10.329858996820148,1.0,5.385354594501658,3668611.009897686,5.025715395544591,9.403406674705451,10.662170150907787,1.0,3.835353481239618,7073924.573121408,-0.11396343483082962,5.3636501840126165,5.364860758765041,1.0,5.736259880943617,2301499.4825632656,-0.11657606606260794,6.771826736436379,6.772830082579453,1.0,5.385354594501653,3668611.0098976633,0.022280302851916643,1.1110563923756125,1.1112797662757494,2.0,5.039147421257465,98755.70921988596,-0.015337320712324173,4.32706455552753,4.327091737080379,2.0,2.292853770471239,1497879.0134579532,0.007161655502886903,2.336410457450252,2.336421433515888,2.0,3.0129545255878862,436705.1077707593,10.327128180058418,9.673743306165491,14.150296322018786,1.0,4.668662193189853,7486518.580376731,-2.053068037804489,6.346512441769366,6.6703304671798485,1.0,6.077342218462651,3222269.0982480827,8.310706046115765,6.223284969723412,10.382538745380652,1.0,5.430244470259707,3098342.388910862,4.634552350058425,9.673743306165504,10.726620392230442,1.0,4.6686621931898795,7486518.580376751,-0.08466522280449292,6.346512441769367,6.347077152003583,1.0,6.0773422184626575,3222269.0982480836,0.0752374111158071,6.223284969723419,6.223739750537199,1.0,5.430244470259702,3098342.3889108687,-0.08924535126618668,1.4232352681046605,1.4260306311926016,2.0,5.997514570518386,162047.91377384853,-0.34551638794264433,4.452215775016046,4.465602633647408,2.0,2.2159915959921306,1585781.745410051,0.02162648187935532,2.3745718664725666,2.3746703463347254,2.0,2.995240930610793,451087.82950932306,4.0,ACL_3_1,ACL_3,ortho,gait_full,4.0,0.5
9.657538058262425,1.572442036941538,9.784713348194112,2.0,3.6837382964056165,197806.1876061083,-0.475718850607135,1.2849769590187643,1.3702095496792033,1.0,2.299623012907553,132093.4879406098,0.3352617221577194,1.3749964128342462,1.415279321424292,2.0,1.8101417197124037,151249.2905993688,0.6107407293928584,1.2849769590187672,1.4227332932592949,1.0,2.2996230129075506,132093.4879406104,-0.0005737082624810608,1.5724420369415333,1.5724421416007677,2.0,3.6837382964056675,197806.1876061071,-0.9282060378422736,1.374996412834252,1.6589700370994989,2.0,1.8101417197123952,151249.29059937006,-0.030722657110418036,0.2961151831968869,0.2977046915647286,3.0,2.7654486910291767,7014.798685507521,-0.002388734494734321,0.3356189781077746,0.33562747878949545,2.0,2.163142796985085,9011.208502250904,-0.06023907050669309,0.3640841212564969,0.3690338642545233,3.0,2.9649257402328075,10604.62933990253,9.687978928083687,2.1285161050287535,9.919048166047,2.0,5.3361198774371825,362446.4654795767,-0.1611384565340206,1.3650233226926745,1.3745014636838753,5.25,6.370870144304323,149063.43292116746,2.5838760373831144,1.446752708409864,2.9613356405267437,2.0,4.091008402139541,167447.48334704732,-0.027897146916262293,2.128516105028744,2.128698912522108,2.0,5.336119877437211,362446.4654795737,-0.002262806534019044,1.365023322692671,1.3650251982246884,5.25,6.370870144304317,149063.43292116668,0.16072384738312828,1.4467527084098628,1.4556529649641456,2.0,4.09100840213954,167447.48334704706,0.003455541002342415,0.3321723919313699,0.33219036518994116,1.0,2.777649983698881,8827.106297114504,-0.012074334589617012,0.24194252741856842,0.24224362969842317,6.0,7.055641647583305,4682.897153554836,0.0008740111979284954,0.3428415424926594,0.34284265655591933,1.0,2.7292577317058897,9403.228826071418,10.199621843463099,8.872897691040176,13.518897853941928,1.0,3.8913259800771103,6298265.627820826,3.1536582223161567,5.219076200598198,6.09789443749503,1.0,5.379447161946605,2179100.9956124118,7.818632940046586,6.223778729359908,9.993319904977241,1.0,5.387677480784138,3098833.754649427,4.611655028463151,8.872897691040212,9.999783774523136,1.0,3.89132598007712,6298265.627820875,-0.00850337268383389,5.219076200598217,5.219083127810642,1.0,5.3794471619465645,2179100.9956124276,-0.09847833495336365,6.2237787293599105,6.224557787866384,1.0,5.3876774807841485,3098833.7546494277,0.09109698516968201,1.097434372487324,1.101208818809426,2.0,4.860982088848769,96348.97619483204,-0.021427324905343242,4.263128880265804,4.263182728902078,2.0,2.3000573266248265,1453941.4299532953,0.005702354968880232,2.2688298831618154,2.2688370491465997,2.0,3.0921077245168425,411807.1245511797,10.826684565027147,9.883163847070398,14.659264179986538,1.0,4.537374490623967,7814154.215500878,-1.8165225031106216,6.656887201379447,6.900282691034967,1.0,6.23259527758317,3545136.0816549193,7.826932726484227,6.327484575418072,10.064687623421973,1.0,5.8020963767600335,3202967.2808393235,5.134108735027155,9.88316384707041,11.13714506195918,1.0,4.537374490624007,7814154.215500901,0.15188031188937234,6.656887201379444,6.658619589751997,1.0,6.2325952775831555,3545136.0816549156,-0.4085359085157239,6.327484575418068,6.340659479951619,1.0,5.80209637676004,3202967.2808393203,-0.18824151459297872,1.5162808481880952,1.527920966018291,2.0,5.3831142079534295,183928.62081982262,0.02635979278576184,4.53957889334997,4.539655423886734,2.0,2.292378764994303,1648628.9507358926,0.09220673191915632,2.4316070339540388,2.4333546492416533,2.0,3.1079219761295063,473017.66454397194,4.0,ACL_3_1,ACL_3,ortho,gait_full,4.0,0.5
9.708856690305169,1.1377204725231607,9.775290589362639,2.0,3.514526696661683,103552.67785713673,0.18350247545751597,1.2487630448442648,1.2621736412505833,0.75,2.6449104893396167,124754.7379080119,-0.5624198952246842,1.5764062197182729,1.6737301778097329,0.5,1.222466587243648,198804.6330725513,1.2699620554575077,1.2487630448442648,1.7810706792462163,0.75,2.6449104893396242,124754.73790801187,-0.05189234030521682,1.1377204725231551,1.1389032832425516,2.0,3.514526696661676,103552.67785713573,-1.825887655224679,1.5764062197182764,2.4122442453176967,0.5,1.2224665872436444,198804.6330725522,0.7268790788577312,1.3830175705483079,1.56239905137145,0.25,0.527182576073521,153019.02028583502,0.09240294455584283,0.270299244861109,0.2856571125231716,2.0,2.4841528150840664,5844.989385117535,-0.08718228143105534,0.3222884033151123,0.33387207895678883,3.0,2.474382157075519,8309.626899700255,9.70225891768105,1.5472058227552974,9.824849818887277,2.0,5.228527364670201,191507.67770568113,-0.12936641657662606,1.379707438134762,1.3857591004869012,0.5,4.474750024203632,152287.4664432558,2.523789905431398,1.1012084692913287,2.753575054287857,2.0,3.4862021367761464,97012.9968308148,-0.01361715731890575,1.5472058227553032,1.5472657447708724,2.0,5.228527364670209,191507.67770568252,0.029509233423375383,1.3797074381347587,1.3800229743383312,0.5,4.47475002420362,152287.46644325505,0.10063771543141083,1.1012084692913295,1.1057974690720749,2.0,3.486202136776145,97012.99683081495,0.759803987051668,1.156352394039934,1.383637581862208,0.25,0.5338935653784055,106972.08891145332,0.03345174273403545,0.22161263690925048,0.22412313564158298,2.0,5.066467244132451,3928.9877781407854,0.246060601830753,0.410718345593716,0.47878531637943067,0.25,1.3774404936477342,13495.166615505816,8.1585707048862,6.335824649775085,10.329808804587087,1.0,3.7855772792330353,3211429.7112416676,3.51935897336826,3.728030261832636,5.126801850722106,2.0,5.033366716317665,1111870.972983762,7.587604318607653,4.149553461427496,8.648152012135217,1.0,5.3800337248695955,1377511.693592408,2.5706038898862347,6.335824649775089,6.837446771375691,1.0,3.7855772792330455,3211429.7112416704,0.35719737836827425,3.728030261832636,3.74510341649641,2.0,5.033366716317662,1111870.9729837617,-0.32950695639230154,4.149553461427504,4.162615615638309,1.0,5.380033724869616,1377511.6935924129,0.5396160849943403,1.3065627391185513,1.4136094617812907,0.5,2.193179017442216,136568.75599233113,-0.0786587290848864,3.26644603563106,3.2673929820808385,2.0,2.100892957619975,853574.504339212,0.6406024338002415,2.0283436712741465,2.127098852190155,0.75,2.1278825542922672,329134.4341292913,9.220347913353066,7.786359075210781,12.068231158350901,2.0,3.7337793360807128,4850208.741951892,-2.131632462973249,5.056365009601767,5.487320299337964,0.75,5.74921237465158,2045374.9760303872,7.336787729555372,5.326643155235652,9.066508781872606,6.0,5.393372116876634,2269850.431924971,3.5277720833530837,7.786359075210768,8.548249149399101,2.0,3.73377933608073,4850208.741951876,-0.1632296479732559,5.056365009601756,5.058999014459524,0.75,5.749212374651547,2045374.9760303786,-0.8986809054445709,5.326643155235648,5.401921387157485,6.0,5.393372116876643,2269850.4319249676,0.4230182750718602,1.7153477373947066,1.766737762439551,2.0,2.8189615726989157,235393.88925394163,0.24123587879170585,3.2649181894019352,3.2738181887062723,2.0,2.1639969085216424,852776.7438590846,0.7187696007133871,2.368127290955999,2.4748043569301155,1.75,2.6740863934968773,448642.27269225125,4.0,ACL_3_1,ACL_3,ortho,gait_full,4.0,0.5
9.698821336977124,1.379320589562221,9.796410598550521,2.0,3.6770217281055415,152202.75245062448,0.10472885656379,1.2953834553226369,1.2996101068092587,1.0,2.584380739557495,134243.87720808576,-0.012091874343316534,1.7108982638051256,1.7109409932889348,0.25,1.0294490786014734,234173.98148211773,1.1911884365637808,1.2953834553226329,1.7598148163164409,1.0,2.5843807395574876,134243.8772080849,-0.04185698697718071,1.3793205895622138,1.3799555413668445,2.0,3.6770217281055038,152202.7524506229,-1.275559634343308,1.7108982638051273,2.1340630847885995,0.25,1.0294490786014652,234173.98148211822,0.7202633336135139,1.3827194725852283,1.5590678014808794,0.25,0.5338446102846408,152953.1506957108,0.06548403777124835,0.2580244749351914,0.26620441181244064,2.0,2.2814368455947154,5326.135434895554,-0.028793892477568524,0.34019671271663526,0.34141308057427244,3.0,2.7913088934783303,9258.86871517004,9.746307938765424,1.7556480564368568,9.903172145091311,2.0,4.998785049237519,246584.1121927279,-0.14354781800765187,1.2985187502575606,1.3064290722519976,0.5,4.391940999012855,134892.83930012953,2.5631885095436235,1.271945868422867,2.8614299969865526,2.0,3.7956429546904595,129427.88099772959,0.03043186376547096,1.755648056436848,1.755911784914812,2.0,4.998785049237486,246584.1121927254,0.01532783199234824,1.2985187502575577,1.298609212659465,0.5,4.391940999012851,134892.83930012895,0.14003631954363574,1.2719458684228662,1.279631377776165,2.0,3.7956429546904675,129427.88099772941,0.789827674325538,1.1205650114382193,1.3709462790313938,0.25,0.5197537201295196,100453.27682525024,0.016906270168853026,0.2291586349107638,0.22978142206276594,0.25,4.929103312222558,4201.105600596933,0.2502215652982519,0.40552033784039965,0.4765055887841183,0.25,1.5218626867272484,13155.742765510366,8.610058031396179,7.339858501461544,11.314001154564513,3.0,3.687154850860413,4309887.635328004,3.6493600883108503,4.070832704343598,5.46712977355665,1.0,5.482544691816211,1325734.6813856976,7.810406006759215,5.077130048227527,9.315561792883738,1.0,4.995260443154755,2062180.508109637,3.0220912163962397,7.339858501461557,7.937667046538095,3.0,3.687154850860359,4309887.635328021,0.48719849331087134,4.070832704343602,4.099883081093634,1.0,5.482544691816195,1325734.6813857001,-0.10670526824075434,5.077130048227518,5.078251228610602,1.0,4.995260443154754,2062180.5081096292,0.5068599600043855,1.3106002637176923,1.4051975200350064,0.25,1.897216783584508,137413.9099404431,-0.04496781434899889,3.5351029718477065,3.5353889638756595,2.0,2.333010272467118,999759.8387274254,0.6756592248116169,2.040617116113798,2.1495659102827314,1.0,2.140529703646826,333130.23786055646,9.46234083393234,8.476930375218833,12.704103378192855,2.0,4.361149366187102,5748668.005959467,-2.279456790861104,5.2984720062058654,5.767991752937067,1.0,6.273233959902534,2245907.175618598,7.5955703442603975,5.880317221654877,9.605770113941878,6.0,5.492717207947274,2766250.96041428,3.7697650039323753,8.476930375218846,9.277363675699103,2.0,4.361149366187077,5748668.005959485,-0.31105397586110617,5.298472006205859,5.307594575365203,1.0,6.27323395990251,2245907.1756185917,-0.6398982907395399,5.880317221654868,5.915031737005492,6.0,5.492717207947274,2766250.9604142713,0.465549256045426,1.74853784513746,1.8094531510051324,2.0,3.5659945144803302,244591.15742403068,0.12668504594494195,3.598397947805366,3.6006272914085327,2.0,2.167604521026126,1035877.4232759448,0.6630188143195795,2.439254411937975,2.5277571153693974,2.0,2.6364116531449486,475997.27973301616,4.0,ACL_3_1,ACL_3,ortho,gait_full,4.0,0.5
9.638562006150451,1.6880036045094087,9.785255935091516,2.0,3.5999608482489545,227948.6372782822,-0.6998715625083879,1.6256281183842636,1.76988332476734,1.0,1.9186496740791414,211413.47263282424,0.4487935640165193,1.1917546423417735,1.273457808741938,2.0,2.3065829046054374,113622.62064204951,0.3865880174916054,1.6256281183842611,1.6709629183646306,1.0,1.9186496740791363,211413.4726328236,0.01840234384949288,1.6880036045093965,1.6881039112258078,2.0,3.599960848248943,227948.63727827897,-0.8146741959834735,1.1917546423417762,1.4435973029707743,2.0,2.306582904605431,113622.62064204998,-0.013094270797876227,0.40841959041968406,0.4086294430976684,3.0,1.9551634261877586,13344.52873940691,-0.011150219538914635,0.31040666322826205,0.3106068640134497,2.0,2.7669150196463232,7708.187620545219,0.02896302013344419,0.47209098245427317,0.4729785959743751,3.0,2.345710289790464,17829.59165734003,9.69388625138804,2.2234439519630373,9.94560876278426,2.0,5.2204870179583285,395496.5226599448,-0.21157659736917062,1.3121187656687892,1.3290674594521164,5.0,6.149984248327143,137732.7349299788,2.6387901511985272,1.6251429024235915,3.0990809791549694,2.0,4.222127160442896,211287.23067116126,-0.021989823611908977,2.223443951963029,2.223552688798593,2.0,5.220487017958336,395496.52265994163,-0.052700947369170074,1.3121187656687883,1.313176699867079,5.0,6.149984248327145,137732.7349299786,0.21563796119854017,1.625142902423589,1.6393868315951639,2.0,4.222127160442895,211287.23067116065,-0.010584828015545458,0.3215156627225249,0.3216898505704261,3.0,3.4347339548604165,8269.790569620607,-0.026638968885653504,0.2434408674897114,0.24489403959148134,6.25,7.189827759924324,4741.085134578478,0.0011530264343431879,0.35019444023717705,0.35019633842030395,1.0,3.149995758990415,9810.919272934887,10.790084669735784,9.488027663050959,14.368319181967228,1.0,4.013224006254961,7201844.389813105,3.2587453920806126,5.409018025307255,6.314815716115983,1.0,5.322228075256153,2340619.1031501563,7.774497894515618,6.808342428894611,10.334231666694645,1.0,5.3686322139346885,3708300.116705623,5.202117854735857,9.488027663050978,10.820568335784504,1.0,4.013224006254906,7201844.389813135,0.09658379708063711,5.4090180253072555,5.409880260038785,1.0,5.322228075256159,2340619.1031501573,-0.14261338048433753,6.8083424288945995,6.809835916186203,1.0,5.368632213934686,3708300.1167056104,0.08992096808460864,1.0602306972995719,1.0640370820594598,2.0,4.9602981036756475,89928.79162038301,0.03968716452096256,4.494545090912867,4.494720307791873,2.0,2.3949258757051903,1616085.4435526999,-0.0031169223815434677,2.2569195298065385,2.25692168212087,2.0,3.0600095129337843,407496.2050722937,11.001937597808674,10.494338173347947,15.204399514701787,1.0,5.015570025304668,8810490.698581524,-1.6106455087288962,6.576849920907792,6.771198847835839,1.0,6.745898202766408,3460396.392915325,8.016538254051097,6.882658495204782,10.565787880715718,1.0,5.8561413514332825,3789679.037247577,5.309361767808721,10.494338173347943,11.760971731878993,1.0,5.015570025304638,8810490.698581519,0.35775730627109914,6.576849920907796,6.586573097775142,1.0,6.74589820276641,3460396.3929153285,-0.21893038094885944,6.8826584952047805,6.88613959147772,1.0,5.856141351433284,3789679.0372475754,-0.20858007166147963,1.626104359906254,1.6394270449155206,2.0,6.079073194012802,211537.23154493963,-0.06507283556641547,4.7846138556393445,4.785056344653075,2.0,2.2021630542982042,1831402.3798106234,0.07121144044899763,2.4078429454217143,2.4088957468242453,2.0,2.9662727265904327,463816.61202626687,4.0,ACL_3_1,ACL_3,ortho,gait_full,4.0,0.5
9.55157229088825,1.3740466297839362,9.649898308732833,2.0,4.222348634749938,151040.33814050956,-0.6615319232137264,1.5439026597676258,1.6796606527118507,1.0,1.9487417280409096,190691.22740546984,0.042132233523246826,1.9791423559618115,1.9795907633305745,0.5,1.1764112532233564,313360.4363799856,0.3565919717862648,1.5439026597676253,1.584548281744663,1.0,1.9487417280409065,190691.2274054698,0.15745082911169248,1.3740466297839407,1.3830382873979177,2.0,4.222348634749922,151040.33814051055,0.018459003523249286,1.9791423559618175,1.9792284355205603,0.5,1.1764112532233584,313360.4363799876,-0.009769622296715044,0.38248910202661707,0.3826138506235083,3.0,2.1512411544053,11703.964898961498,0.0842988849552108,0.4404516793926405,0.44844618839331135,0.5,1.5379593560743505,15519.856960833256,0.021395682557247043,0.41679430292263503,0.417343103669937,3.0,2.390140979647228,13897.417851871449,9.660897195567362,1.799477478014399,9.827057230789002,2.0,5.373062374379559,259049.63586514408,-0.12810870046752787,1.2055441494867958,1.2123318586498173,5.0,5.643634004536126,116266.94879251935,2.61300689779517,1.2660494641778028,2.903564411834193,2.0,3.806073646439454,128230.64007749638,-0.09297174943258436,1.7994774780144003,1.801877615176353,2.0,5.373062374379548,259049.63586514446,0.026879924532472302,1.2055441494867944,1.205843782048367,5.0,5.64363400453613,116266.94879251906,0.3496020177951813,1.2660494641777995,1.3134316946805247,2.0,3.8060736464394336,128230.64007749567,0.07107877907967315,0.3603607410057292,0.3673037659671559,1.0,1.7479461034162984,10388.795242011198,-0.0001631051366071695,0.22641304698648268,0.22641310573592868,6.0,5.93566445705894,4101.068051572084,0.005132296189624512,0.289445277181712,0.28949077523640737,1.0,2.4960221946644787,6702.322362887526,8.980311156109936,7.75263053722475,11.863779697350346,1.0,3.1188998982035723,4808263.126244482,3.576586512570054,4.464672158295241,5.720600367352601,1.0,4.6800005401128555,1594664.118826405,7.635623694255946,5.642265235371394,9.494098492567023,1.0,5.351725143911315,2546813.1778865787,3.4624383861099592,7.752630537224747,8.490686652109911,1.0,3.118899898203601,4808263.126244479,0.3756401925700791,4.464672158295241,4.480446745061342,1.0,4.680000540112871,1594664.1188264054,-0.31989144574401107,5.642265235371394,5.651326173858735,1.0,5.3517251439112865,2546813.177886579,0.13072606439375373,0.7646066219150314,0.7757013537362143,2.0,5.723034810574389,46769.96894282045,-0.00646086119130834,3.5357708058891353,3.535776708801793,2.0,2.344378831042854,1000134.0342712112,0.04837350858526155,1.7087846522883292,1.7094692112550591,2.0,2.908064157094667,233595.60421511918,9.695538750544962,8.420483766047353,12.841651705196881,1.0,4.8290714760366855,5672502.94915166,-2.059668938132433,5.655246273065842,6.018641586249565,1.0,5.528130876980319,2558610.754739528,8.33877972029208,4.971559558769089,9.708328984430985,5.0,6.2483378224281845,1977341.1369274606,3.973105175544971,8.420483766047367,9.310752471750577,1.0,4.829071476036732,5672502.949151677,-0.09933402813245021,5.655246273065854,5.656118603615933,1.0,5.52813087698034,2558610.75473954,0.1257774252921298,4.971559558769095,4.973150350341469,5.0,6.2483378224281845,1977341.136927466,-0.00526068235341477,1.54051128364552,1.5405202659549764,2.0,3.9445255421504726,189854.15493129467,0.02617256887557674,3.996133107444135,3.996218814801395,2.0,2.1096318677909065,1277527.747748079,0.12407905336252494,2.2900652994090582,2.2934242274469936,2.0,2.9629957048982085,419556.062532281,4.0,ACL_3_2,ACL_3,ortho,gait_full,4.0,0.5
9.423291596953373,1.7373424792611962,9.582107461903018,2.0,4.339022016866329,241468.78487604982,-0.6770518592816606,1.8806183173491338,1.9987807472821626,1.0,2.055656275136749,282938.1512828593,1.734562757817348,1.9961089539606867,2.6444581518505736,0.25,1.2177357639201885,318756.39934369235,0.3410720357183316,1.880618317349129,1.9112967820561295,1.0,2.055656275136747,282938.15128285787,0.28573152304656885,1.737342479261192,1.7606820818955187,2.0,4.339022016866301,241468.78487604868,1.7108895278173497,1.9961089539606942,2.628991048382845,0.25,1.2177357639201827,318756.39934369473,0.04770857399719162,0.4476873368538777,0.45022223358266394,3.0,2.3348866849613095,16033.940075396373,0.06964507542630603,0.4606286436680745,0.46586391135032745,2.0,1.9451918414686633,16974.309395110915,-0.032401845667121836,0.49807239674717657,0.4991252267759193,3.0,2.5101317892696726,19846.10625367633,9.696765049544942,2.0246500665740492,9.905880088016138,2.0,5.480510701769756,327936.63963734824,-0.10734141689341384,1.2906311978283524,1.295087282227933,5.0,5.876722404473744,133258.31287278226,2.654559692107836,1.3416810183525116,2.974356252026828,2.0,4.265222096013598,144008.79376627045,-0.05710389545500735,2.024650066574042,2.0254551950004744,2.0,5.4805107017697745,327936.639637346,0.047647208106586604,1.290631197828353,1.291510412365383,5.0,5.876722404473754,133258.31287278235,0.39115481210784686,1.3416810183525123,1.3975371344055798,2.0,4.265222096013568,144008.79376627057,0.057884925875165465,0.33864740910787866,0.34355892120428533,1.0,2.291105629496308,9174.568964818425,-0.0027595068244589153,0.22777199589525593,0.22778871129189593,6.0,7.28711212856086,4150.4227501751,0.014426895812909948,0.3256351984143083,0.3259546253224864,3.0,2.4992648458711604,8483.064298842073,10.13086437736826,8.481397115227823,13.21243770311989,3.0,3.4349831009662237,5754727.768017437,3.274609099991827,5.060579105311427,6.027646774560027,1.0,4.792934385261268,2048756.8707486219,7.660770259383435,6.139673013585598,9.817483673569567,5.0,5.560919835642238,3015646.809626843,4.612991607368278,8.481397115227814,9.654728820419809,3.0,3.4349831009662317,5754727.768017426,0.07366277999185118,5.0605791053114295,5.061115201837511,1.0,4.792934385261294,2048756.8707486228,-0.29474488061652593,6.139673013585615,6.14674379313154,5.0,5.560919835642228,3015646.8096268596,0.1746595626702432,0.8907642359411545,0.9077262180106892,2.0,5.488215894940432,63476.88322086325,-0.011441073034691362,4.148683908961923,4.148699684796643,2.0,2.3126499434478607,1376926.3072299124,-0.01345042246397109,1.9550450909059516,1.9550913588218632,2.0,3.048972820995113,305776.1095486619,10.342736312213546,9.022426380249266,13.725027220774411,1.0,4.643318397105665,6512341.177398373,-1.8647105325538496,6.158749765164126,6.434853847611959,1.0,5.093301274482702,3034420.2037265813,7.8097603202895645,5.766728861259845,9.708116090141106,6.0,6.110744354975579,2660417.3494808506,4.62030273721356,9.022426380249275,10.136635298289129,1.0,4.643318397105713,6512341.177398383,0.09562437744613234,6.158749765164137,6.159492080640357,1.0,5.093301274482737,3034420.2037265925,-0.40324197471039297,5.766728861259845,5.780810137814217,6.0,6.110744354975588,2660417.3494808506,-0.07370095500202721,1.380591012612613,1.382556825188365,2.0,4.9070152856961196,152483.20668711088,-0.09600007062642575,4.282071594773229,4.2831475758283215,2.0,2.1393679579234948,1466890.9758218734,-0.009573932625815882,2.3599703169014448,2.359989736596714,2.0,2.95872478261421,445557.00405632064,4.0,ACL_3_2,ACL_3,ortho,gait_full,4.0,0.5
9.518457451149832,1.5028090586279985,9.636361726089579,4.0,4.3670637162799055,180674.9666653381,-0.3685067240072107,2.4381265993971732,2.4658180225488153,1.0,2.145008372542748,475558.4489440299,1.1410560900467976,2.177425812771057,2.458290497633383,0.25,1.0165436937291394,379295.94979769515,0.6496171709927812,2.4381265993971675,2.523185245584767,1.0,2.1450083725427445,475558.4489440277,0.1905656688501182,1.5028090586279932,1.5148433387115143,4.0,4.367063716279883,180674.96666533675,1.1173828600467999,2.1774258127710597,2.447392004981645,0.25,1.016543693729135,379295.9497976962,0.6751243712088497,1.409592333740941,1.5629278498834733,0.25,1.0752349524621512,158956.5467471237,-0.008393266781048894,0.44268851466941445,0.44276807467055507,2.0,2.2090632625093605,15677.857420251412,-0.03835955229355275,0.5125223729470748,0.5139558716694094,3.0,2.3334323424802697,21014.421342514794,9.704903903812962,1.6865125366097422,9.850354527548024,5.75,5.664094284894516,227545.96308311974,-0.19704437497826038,1.1535136014217222,1.170222249991635,5.0,5.269351345490834,106447.49594425411,2.683175179405473,1.117989463816351,2.906773036303654,2.0,3.8878343286145314,99992.37664305381,-0.04896504118697115,1.6865125366097329,1.6872231954902224,5.75,5.66409428489452,227545.96308311718,-0.04205574997826266,1.1535136014217267,1.1542799984280923,5.0,5.269351345490848,106447.49594425497,0.419770299405487,1.117989463816354,1.1941974482753472,2.0,3.887834328614506,99992.3766430543,0.5101390326323879,0.9504252913206782,1.0786797796367114,0.25,0.8410231753472132,72264.96445642124,0.002916336410110305,0.2131268737875804,0.21314682579978567,5.75,6.339717141542629,3633.849820474824,0.1308936157008622,0.3726778927633784,0.3949961397099941,3.0,2.0375633345972437,11111.14802065822,8.772489729671339,7.185658337744077,11.339764627362424,1.0,3.41562114589644,4130694.8983152667,3.349407532702628,4.592555065874336,5.684196764118316,1.0,4.6276979940352625,1687324.9628317277,7.6367192300002555,4.8106844458983815,9.025639336682156,1.0,5.419495156762603,1851414.876106916,3.2546169596713646,7.1856583377440595,7.888359607736655,1.0,3.41562114589644,4130694.898315247,0.14846121270264898,4.5925550658743335,4.594954054695775,1.0,4.627697994035267,1687324.9628317256,-0.3187959099996979,4.810684445898396,4.821235906926904,1.0,5.419495156762618,1851414.876106927,0.42102550200661115,1.09248695134882,1.1708075043350885,1.0,3.0778528905642193,95482.23237794811,0.10853479270268847,3.4910819544428326,3.4927686745422184,2.0,2.2808898708428242,975012.4390927593,0.2923375247603087,1.8031629707583148,1.826706853191539,1.75,2.619004333502287,260111.7899004538,9.254648961461537,8.087720803591475,12.290636891419723,1.0,4.957374400970358,5232995.324647574,-1.8573438044836927,5.418828835494873,5.728300965944848,1.0,5.732569544631647,2349163.38895701,7.413800037300113,5.288107122720595,9.106509097038197,1.0,5.863730310444214,2237141.995167412,3.532215386461575,8.087720803591486,8.825404995421026,1.0,4.9573744009703775,5232995.324647588,0.10299110551629141,5.418828835494881,5.419807479625662,1.0,5.732569544631669,2349163.3889570176,-0.7992022576998452,5.288107122720591,5.348158672859358,1.0,5.863730310444226,2237141.995167408,0.2672045262645065,1.5941839523998955,1.616422201327856,1.25,3.821177854555895,203316.54979621962,-0.17536848078278472,3.366891403004881,3.371455445898735,2.0,2.178420763921563,906879.9338738733,0.4218828947595605,2.4988089702031675,2.534172734139984,2.0,2.4106315565236023,499523.7063911084,4.0,ACL_3_2,ACL_3,ortho,gait_full,4.0,0.5
9.6893450582525,1.2853831578185222,9.774232323834218,3.25,4.360987028050591,132176.82463907503,0.019340428655432795,2.0774767435389014,2.077566767188379,1.0,2.203499714554886,345272.7963701994,0.3045243367677468,1.6878843943741235,1.7151352134614744,0.25,1.1757523104663088,227916.30674120874,1.0374643236554246,2.0774767435388983,2.322120118082352,1.0,2.2034997145548836,345272.7963701987,0.019678061747445047,1.2853831578185242,1.285533775720287,3.25,4.360987028050588,132176.8246390754,0.2808511067677469,1.6878843943741255,1.7110906092151805,0.25,1.1757523104663103,227916.30674120932,0.7494687499510551,1.3940618376020328,1.5827545021927925,0.25,0.9007298417498341,155472.68214148676,0.038823980062094615,0.4611864126767772,0.46281768404582013,2.0,2.037198699582587,17015.43478545559,6.56365857313479e-05,0.42218222561283636,0.4221822307150897,3.0,2.1980224603459315,14259.026648589048,9.662279225435386,1.4950157160970576,9.777254820329551,6.0,5.013520690820038,178805.86971829258,-0.06604894405145897,1.2236361943634053,1.225417479541756,5.0,4.980828264773384,119782.98666429562,2.73102681653161,1.0502992523076313,2.9260273395873715,2.0,3.1501167309054927,88250.28155184066,-0.09158971956455814,1.4950157160970603,1.4978186365869268,6.0,5.013520690820074,178805.86971829325,0.08893968094853859,1.2236361943634069,1.2268642153895388,5.0,4.980828264773381,119782.98666429588,0.4676219365316222,1.0502992523076302,1.149695087805263,2.0,3.150116730905486,88250.28155184047,0.7518554658676456,0.9917247895535954,1.2445098230910745,0.25,0.546641048289441,78681.46036082448,-0.003860413324344516,0.2086804996097492,0.20871620375143207,0.25,4.362020485559921,3483.8049349454254,0.20226679116267895,0.3577255325229791,0.41094940251337003,0.25,1.6900765081069462,10237.40591911884,7.769288900185,6.3929474498253,10.061392901122868,1.0,3.2027604593562082,3269582.180914781,3.5810877090225586,3.8023319206678647,5.223209474512985,2.0,4.645476922198343,1156618.2637535173,7.674380173317807,4.281216934819207,8.787771588269477,1.25,4.871637816674307,1466305.490973415,2.2514161301850284,6.39294744982529,6.777805816596181,1.0,3.202760459356216,3269582.180914772,0.38014138902257616,3.8023319206678683,3.8212871536404873,2.0,4.645476922198311,1156618.2637535192,-0.2811349666821381,4.281216934819217,4.2904376597818334,1.25,4.87163781667433,1466305.490973422,0.5499353196776333,1.0852922400661804,1.2166709095629797,1.0,2.430917240166477,94228.74065684804,0.24745194807898124,2.7784316260785165,2.789429111377701,2.0,2.2266494680142817,617574.5854600056,0.6042855857127926,1.7122236014839456,1.8157287051150854,1.25,2.2972549351741334,234536.77306535476,8.373025281397261,6.766312012560554,10.765246426080498,1.0,3.8477917059262925,3662650.137755253,-1.9976653236216873,4.863213573663482,5.257519663136342,1.0,4.258216859661276,1892067.7478009947,7.977928726957864,4.530773257339496,9.174707247745962,1.0,5.522660614347172,1642232.607509285,2.6505917063972944,6.766312012560555,7.266953601430478,1.0,3.847791705926295,3662650.137755254,-0.037330413621697485,4.863213573663496,4.863356847162877,1.0,4.258216859661267,1892067.7478010054,-0.23507356804208718,4.5307732573394945,4.5368674095475585,1.0,5.522660614347197,1642232.6075092845,0.5082143707845143,1.637469188995181,1.7145224383426525,1.25,3.0042213631974177,214504.42761524537,-0.11741464228262746,2.863233518013709,2.865639959398165,2.0,2.124030215322042,655848.661211556,0.5440545799345139,2.4471000788637443,2.506849453382206,1.0,2.2733785453124233,479063.94744989806,4.0,ACL_3_2,ACL_3,ortho,gait_full,4.0,0.5
9.572684674778891,1.6224028262452481,9.70919578612746,2.0,4.272575346272569,210575.28737095263,-0.5198030785698093,1.514267793436478,1.6010003718705477,1.0,1.9662083377922759,183440.6041849158,1.043922190340302,1.484503612100284,1.8148070183420835,0.25,1.784491461795427,176300.29041688296,0.4983208164301831,1.5142677934364777,1.5941551324531196,1.0,1.966208337792274,183440.6041849157,0.13633844522104785,1.6224028262452537,1.6281213413790385,2.0,4.272575346272572,210575.28737095403,1.020248960340304,1.4845036121002844,1.801293678280769,0.25,1.7844914617954226,176300.29041688304,0.061628850442324516,0.5509772024956526,0.5544131968818724,0.5,1.8741044269845226,24286.47008839634,0.026378535296088797,0.49548969466074566,0.4961913588922785,2.0,1.9935646518679428,19640.807321603872,-0.0022229469686291716,0.4100343691295477,0.41004039479140536,3.0,2.810702449154665,13450.359586981207,9.625418279735454,1.9853266731282582,9.828031291103013,2.0,5.144943632291722,315321.92782633356,-0.022296039082471727,1.412357877604882,1.4125338536797387,5.0,5.466496712327109,159580.44134176048,2.739799747840841,1.4341044823365636,3.0924356621482945,2.0,4.2153425950295205,164533.0040086373,-0.1284506652644984,1.98532667312828,1.9894777134819823,2.0,5.14494363229178,315321.92782634054,0.13269258591752753,1.412357877604882,1.4185774905834534,5.0,5.466496712327107,159580.44134176048,0.4763948678408551,1.4341044823365598,1.5111610557326174,2.0,4.215342595029507,164533.00400863643,0.22058487408753538,0.6745732277895536,0.7097229926715288,0.25,1.3793398560234702,36404.29418069185,-0.01164574564467685,0.2346128086530407,0.23490166746042648,6.0,5.891184645005593,4403.469472460084,0.06853372030090084,0.34782247965056123,0.35451001137985816,1.0,2.4049988432441607,9678.49190482334,9.317623694299993,8.504682938952715,12.615377251620107,1.0,3.626076632335942,5786370.602064699,3.706386264683797,4.389490366643243,5.744991281271934,1.0,4.823536194188502,1541410.1276414676,7.7404113234970255,6.027684346154065,9.810552789409563,1.0,5.119401052874744,2906638.376928935,3.799750924300007,8.504682938952667,9.314920234700422,1.0,3.6260766323359257,5786370.602064636,0.5054399446838077,4.389490366643253,4.418494677662959,1.0,4.823536194188491,1541410.1276414741,-0.21510381650291574,6.027684346154071,6.031521220118929,1.0,5.119401052874742,2906638.3769289395,0.28023069373422027,0.9438010015892264,0.984525049103165,2.25,3.7676160001602095,71260.83749800287,0.09366352277479471,3.663914186581897,3.665111188236268,2.0,2.2812620868739195,1073941.5137154504,0.29426200799204055,1.9677683398828338,1.989648805390728,2.0,2.703354184039373,309769.02234697924,9.62082358364165,8.248239802436839,12.67255721099963,3.0,4.332922047082901,5442721.4599072365,-1.833396964094642,5.491288694336383,5.789265579717174,1.0,4.795408016439886,2412344.7980281063,8.514483082597676,5.2979304138484355,10.028184722761258,1.0,6.035481898895646,2245452.833254191,3.898390008641681,8.248239802436858,9.123097308369614,3.0,4.332922047082917,5442721.459907263,0.126937945905351,5.491288694336402,5.492755662384542,1.0,4.795408016439896,2412344.798028122,0.3014807875977176,5.297930413848447,5.306501421395354,1.0,6.035481898895639,2245452.8332542013,0.04926271609497,1.6246431912679442,1.625389896034285,2.0,4.627057678910557,211161.06436033236,-0.009334311582140993,4.017544338536055,4.017555182132018,2.0,2.2351536797400904,1291258.6009127982,0.13548348553658562,2.2678542448275207,2.2718975880605505,2.0,2.752954230088464,411453.13634779886,4.0,ACL_3_2,ACL_3,ortho,gait_full,4.0,0.5
9.586521487752862,1.7166238718881803,9.739003632440214,2.0,4.13230466579188,235743.82740746834,-0.9172970854535203,1.7228515807039149,1.9518328596771553,1.0,2.3386626222175835,237457.64483985724,0.7443905414184917,1.4037399232570191,1.5888999497447713,2.0,1.9788337443187562,157638.90766996294,0.1008268095464717,1.7228515807039102,1.7257994132161718,1.0,2.3386626222175804,237457.64483985587,0.12250163224708058,1.7166238718881819,1.7209892990485365,2.0,4.132304665791842,235743.8274074688,0.7207173114184948,1.4037399232570196,1.5779477859308044,2.0,1.9788337443187483,157638.90766996314,-0.01687097299805041,0.44505106806675276,0.4453707252584731,3.0,2.69242869255599,15845.671068869791,0.0137095681043378,0.41716797959449187,0.4173931904769864,2.0,2.34946948283698,13922.3320328226,-0.0016596495601225781,0.5043686075951443,0.5043713381667589,3.0,2.66552068130222,20351.048913349725,9.642284279225962,2.177531768657443,9.885104487304144,2.0,5.5776900275468675,379331.5699630079,-0.18815255022531663,1.434122716372728,1.446412578683061,5.0,5.756099719803249,164536.94392158536,2.638764580173703,1.5922754781223774,3.0819506335775633,2.0,4.657051785550447,202827.29731636783,-0.11158466577397487,2.177531768657459,2.1803888967678158,2.0,5.577690027546916,379331.56996301335,-0.0331639252253169,1.434122716372727,1.4345061211276304,5.0,5.756099719803247,164536.94392158516,0.375359700173718,1.592275478122375,1.635920567370048,2.0,4.657051785550443,202827.29731636718,-0.01957354498888062,0.34905032793053636,0.34959870579257973,1.0,2.7767064753736967,9746.89259940888,-0.01893313441400005,0.24873764259828007,0.24945716751396085,10.25,7.595239927299923,4949.65279197779,-0.0006175407060791516,0.3424773907806196,0.34247794754177224,3.0,2.855532758899459,9383.261644688402,10.453421597899997,9.438561220664893,14.084049879906036,1.0,4.034557178104354,7126915.040866532,3.447785470060724,5.213708059254078,6.250598081359316,1.0,5.053373380269589,2174620.1471247557,7.918147263005624,6.7501950229407415,10.404911769274038,1.0,5.344720884437907,3645210.644805989,4.935548827900012,9.438561220664866,10.6511069917086,1.0,4.034557178104355,7126915.040866491,0.24683915006073845,5.213708059254081,5.219547997014078,1.0,5.053373380269592,2174620.1471247594,-0.03736787699432052,6.750195022940735,6.750298453103013,1.0,5.344720884437894,3645210.644805981,0.11360597059207189,1.0025904202951503,1.0090063763038233,2.0,4.621631356303676,80415.0048398256,-0.056473881973917006,4.18352774547934,4.183908901558524,2.0,2.304590650460062,1400152.3687030599,-0.012866979712182834,2.1550002847354377,2.155038697187763,2.0,2.9295718847580585,371522.09865679475,11.149783009870852,9.692335845138642,14.773592498176066,1.0,4.298450345900594,7515363.755342693,-1.328401971158636,6.023575206434535,6.168315010158852,1.0,5.361276473456282,2902729.986529134,8.052640716016654,6.134522198847949,10.123111434208727,1.0,6.162216743845786,3010647.954250961,5.4273494348708775,9.69233584513867,11.108442556144094,1.0,4.298450345900625,7515363.755342734,0.6319329388413572,6.023575206434546,6.056632522017962,1.0,5.361276473456295,2902729.986529145,-0.16036157898330983,6.134522198847957,6.136617834293773,1.0,6.1622167438457724,3010647.9542509695,-0.2446620664712054,1.5130893539210524,1.5327422874440402,2.0,4.897382851568264,183155.3879156627,0.028947783119328722,4.560470763121786,4.560562635841781,2.0,2.1884329868653882,1663832.70397436,0.14581607508385885,2.37912002505504,2.383584364223502,2.0,2.7488956183108892,452817.60392061336,4.0,ACL_3_2,ACL_3,ortho,gait_full,4.0,0.5
9.56264621557924,1.6175397678474068,9.698486353287292,2.0,4.302244658515133,209318.73919123397,-0.8234725627019982,1.3998413597530204,1.6240883270309476,1.0,2.007992456362683,156764.4808711576,1.9780691484374007,1.112593138838609,2.269497972810421,2.0,2.403135280402081,99029.92877646611,0.2589811072979947,1.3998413597530206,1.4235965181231938,1.0,2.0079924563626825,156764.48087115763,0.1613308294207093,1.617539767847411,1.6255652977009047,2.0,4.302244658515129,209318.7391912351,2.2003460734373954,1.1125931388386014,2.4656411611347857,2.0,2.403135280402084,99029.92877646479,0.00976706312756876,0.33395180338292263,0.33409460113094336,3.0,2.190911606254079,8921.923845399944,0.05550640881058953,0.38969186082732243,0.3936250853465891,2.0,2.2709969432893082,12148.837613797878,-0.020979988375972158,0.38873430297865885,0.389300036250396,3.0,2.754001194223469,12089.176020018356,9.709814345377431,1.9495848801111224,9.903604183652297,2.0,5.203670508523307,304072.82471115404,-0.09848228947771766,1.1549413973151412,1.159132603532928,5.0,5.7365283579024435,106711.62171614714,2.593240325068797,1.445418171564173,2.968859894681936,2.0,4.104437892944755,167139.8727716005,0.019703550377491417,1.9495848801111006,1.9496844448923762,2.0,5.20367050852327,304072.82471114723,0.025344840522283883,1.1549413973151446,1.1552194562823803,5.0,5.73652835790243,106711.62171614777,0.06364275506880902,1.4454181715641736,1.4468186102482463,2.0,4.104437892944813,167139.87277160067,0.04572766161959329,0.26927904805453756,0.2731340783541189,1.0,3.297991726287112,5800.912765193296,0.02976188794932395,0.22877208585863032,0.23069988565757166,0.5,5.943486751808794,4186.9364334371785,0.03933688169861509,0.29759703514753577,0.300185585247484,1.0,2.8034599865215477,7085.139368577286,9.397092237843662,8.339838142455108,12.564165024739633,1.0,3.5846451023730053,5564235.599006184,3.065846238680302,4.575383185645161,5.507589713723656,1.0,5.522612550076031,1674730.7803197482,7.844873849283183,5.944834569655469,9.8429215059218,1.0,5.213115568101404,2827286.0474368758,3.378120232843711,8.339838142455132,8.998032926695563,1.0,3.5846451023730124,5564235.599006217,-0.16016656381967953,4.575383185645167,4.5781857349446105,1.0,5.522612550076023,1674730.780319753,0.42196318428322455,5.94483456965547,5.959791186733069,1.0,5.2131155681013865,2827286.0474368767,0.07803565259631909,0.9355475012189657,0.9387964050384853,2.0,5.45229775582613,70019.93718147295,-0.05707445464930431,3.7840916455509275,3.7845220405358777,2.0,2.311632898386147,1145550.0693049217,-0.04328366539622795,1.838214894488915,1.8387244149167719,2.0,3.143305526076431,270322.97236436454,10.433848613078943,9.582217819362272,14.166301395154393,1.0,4.663484606379419,7345515.036414605,-1.8952508768830176,6.312999317449326,6.5913531439638025,1.0,5.67018952211383,3188319.6551967626,8.13121015517037,5.995514081995092,10.102611924395948,1.0,5.724393100691315,2875706.5760853835,4.683480168078978,9.582217819362292,10.665546625583394,1.0,4.663484606379415,7345515.0364146335,0.19850960311696586,6.312999317449333,6.316119571750158,1.0,5.670189522113881,3188319.6551967687,-0.04559712482959604,5.9955140819951,5.995687467271312,1.0,5.7243931006913,2875706.5760853915,-0.05856575343640642,1.5314869137045752,1.5326063141994222,2.0,4.866279953679047,187637.46289435902,-0.02850488110400575,4.194610264798028,4.194707117522717,2.0,2.1380074946860477,1407581.9456749356,0.09392991225813128,2.501166682734556,2.5029298038974654,2.0,2.81913467161093,500468.3612274806,4.0,ACL_3_3,ACL_3,ortho,gait_full,4.0,0.5
9.57636540553245,1.5854826011464627,9.706725990714729,2.0,4.144679673389537,201100.40639117363,-0.6551200057492094,1.5900205298485275,1.7196940155948197,1.0,2.1820052602952367,202253.52230480895,1.515084249250976,1.3507904005422815,2.029806638211032,0.25,1.7047532630243298,145970.77691008348,0.4273336642507832,1.5900205298485264,1.6464444557718279,1.0,2.1820052602952376,202253.52230480866,0.14761163946750558,1.5854826011464564,1.592339246091868,2.0,4.144679673389514,201100.406391172,1.7373611742509727,1.3507904005422806,2.200695016578148,0.25,1.704753263024335,145970.77691008328,0.07953038579868318,0.37476690602840074,0.3831126676571626,3.0,2.789454464779916,11236.147514371802,-0.02090620382904985,0.38151795096463087,0.38209032474899474,2.0,2.160323234414052,11644.4882997616,-0.02823973373924864,0.4923012670152577,0.4931105556226633,3.0,2.654982815697508,19388.843106912864,9.70161481100101,2.0238283614199486,9.910459685479879,2.0,5.591168581827476,327670.5413374676,-0.1565335781185383,1.205239506161795,1.2153620976037225,5.0,6.04800821541004,116208.25262729461,2.5909721500005527,1.479884565288641,2.9838222146532183,2.0,4.54248619061762,175204.88862463812,0.011504016001067329,2.0238283614199344,2.0238610572052247,2.0,5.591168581827498,327670.5413374632,-0.03270644811853768,1.205239506161798,1.2056832000827022,5.0,6.048008215410031,116208.25262729512,0.0613745800005666,1.479884565288643,1.4811566985467142,2.0,4.542486190617658,175204.8886246387,0.04344402936784614,0.3280751945088139,0.33093914386139084,1.0,2.742974017402402,8610.669005142006,0.017285127736047175,0.23869358294386386,0.2393186206282969,6.0,7.169340975750285,4557.98081785579,0.03540768032236286,0.3398012752667602,0.3416410550544638,3.0,2.8244878084485046,9237.204187648204,10.409613980958456,9.029507376776206,13.780133043618326,1.0,4.010274720649408,6522560.584329861,2.9609312640309247,5.338652996580845,6.1047792563054575,1.0,5.245307632383388,2280097.2757036164,7.729724154511278,6.446587273666407,10.065143962300429,5.0,5.484686344333317,3324678.9983196673,4.390641975958488,9.029507376776223,10.040405391631598,1.0,4.010274720649419,6522560.5843298845,-0.26508153846905186,5.338652996580848,5.345230026849993,1.0,5.245307632383376,2280097.275703618,0.3068134895113211,6.446587273666413,6.453884256348565,5.0,5.484686344333316,3324678.998319674,0.1534295962445037,1.0890278305355514,1.0997828225084807,2.0,5.357289150706497,94878.54260966441,0.0261962547451621,4.351787566336279,4.351866411814788,2.0,2.316850353604199,1515044.608790752,-0.07131032526820141,2.1046069198076665,2.105814675937123,2.0,3.241318849173823,354349.664242726,10.489469516387546,9.236816707681541,13.976686074550306,1.0,4.819300077453102,6825509.033962034,-1.65014673264498,6.17994088442134,6.396456329421886,1.0,5.4258136097289125,3055333.553642953,7.816117917346021,5.717877134679264,9.684307834075982,5.0,5.833392016956018,2615560.821722083,4.739101071387587,9.236816707681553,10.38161171765406,1.0,4.819300077453074,6825509.033962056,0.4436137473550145,6.179940884421339,6.195842355304464,1.0,5.425813609728911,3055333.553642953,-0.3606893626539355,5.717877134679243,5.729242161369985,5.0,5.833392016956029,2615560.8217220632,-0.12904246555787036,1.4946221016356043,1.50018238378368,2.0,5.063295332496615,178711.8906244541,-0.09927561070682098,4.464838006744769,4.465941566271755,2.0,2.173733304470776,1594782.6031751016,0.019490352641423344,2.336576140243458,2.3366574273951892,2.0,2.775257583340521,436767.2651464088,4.0,ACL_3_3,ACL_3,ortho,gait_full,4.0,0.5
9.665109360177084,1.1440804749665021,9.732587481106053,2.0,4.5633090379399155,104715.13241689622,-0.4910944781851695,1.5467129882841524,1.6228046261429183,1.0,2.1787177088114107,191386.88060122324,0.6402071549202546,1.3917835836054198,1.53196825841942,0.5,2.2419482209758597,154969.58143372278,0.5913591918148247,1.5467129882841528,1.6559066283673054,1.0,2.1787177088114107,191386.8806012233,0.05886768482286318,1.1440804749664903,1.1455939671262039,2.0,4.563309037939866,104715.13241689408,0.8624840799202531,1.3917835836054209,1.6373577286926133,0.5,2.241948220975857,154969.5814337231,0.6313787498604211,1.2380338450240849,1.3897362797309525,0.5,0.9771499681736139,122618.78466754459,-0.06968397590375183,0.3483707811847759,0.355271808170935,2.0,1.9645184024924163,9708.99215615734,0.02040245034876888,0.4486454320023363,0.44910909992650677,3.0,2.5582150635154206,16102.678676246376,9.722009373119649,1.5546662441275816,9.845529614076437,2.0,6.159440599302092,193362.35441146372,-0.34645349180569524,1.178487893223346,1.228358146656894,5.0,5.263731409456997,111107.67076339839,2.566297509155636,1.0836258444136522,2.78570060777888,2.0,4.910802320260379,93941.5694309829,0.031898578119709836,1.5546662441275774,1.554993456550801,2.0,6.159440599302188,193362.3544114627,-0.22262636180569687,1.1784878932233478,1.1993315686017965,5.0,5.263731409456997,111107.67076339874,0.036699939155652644,1.083625844413654,1.0842471379788066,2.0,4.910802320260397,93941.56943098319,0.40666808691216993,1.0111554249903225,1.0898689033090927,0.25,1.3818389635614725,81796.50277805809,0.05757061002146175,0.230449513944667,0.23753179495717305,6.0,5.551930700320179,4248.602347786478,0.12893502643644364,0.37649276333473,0.397958593179727,1.0,1.8174298348656284,11339.862961767589,8.765241081993734,7.2407967077241615,11.36919470270695,2.0,3.780411633746519,4194343.346383685,3.0592224204910217,4.2017056132133135,5.197419732727309,1.0,4.872783792146109,1412351.0396895388,7.558050885208056,4.793432170741532,8.94992319290474,6.0,5.555604227874257,1838173.9278062761,2.74626907699375,7.240796707724156,7.74410296973388,2.0,3.780411633746541,4194343.346383679,-0.16679038200895974,4.201705613213316,4.205014755222504,1.0,4.872783792146101,1412351.0396895406,0.1351402202080853,4.79343217074153,4.795336782189312,6.0,5.555604227874258,1838173.9278062747,0.3435437688315177,1.178919996240578,1.2279554872383802,2.0,3.3830980242376545,111188.88675907732,0.24680410991546659,3.429255446927039,3.438125243348464,2.0,2.643714523299723,940790.3577485679,0.1203969541911412,1.8964375202062687,1.9002554287844058,1.0,2.7376288090963627,287718.7926207937,8.340764502599077,6.664848947541244,10.676542697959787,3.0,4.016879491841312,3553619.4062622553,-1.9064061232738427,4.385219715998045,4.781687595863407,1.0,4.67050280378368,1538415.2452399211,7.857609472777401,3.94342747605328,8.791623677431438,1.0,5.621744497220445,1244062.2945322013,2.5903960575991114,6.66484894754124,7.15054985499483,3.0,4.01687949184126,3553619.4062622506,0.18735435672615475,4.385219715998034,4.389220159955769,1.0,4.670502803783638,1538415.2452399132,-0.3191978072225559,3.9434274760532606,3.956324999166205,1.0,5.621744497220443,1244062.2945321887,0.16412140107965684,1.2825547999161795,1.2930130119532366,1.25,3.3753077335689152,131596.9379053627,-0.1314896509732099,3.2131903629686156,3.215879636582725,2.0,2.235962883129915,825968.7499428886,0.2590182618555129,2.003121412775839,2.0197984687328896,2.0,2.54479631176113,321001.112392303,4.0,ACL_3_3,ACL_3,ortho,gait_full,4.0,0.5
9.659655958087203,0.9702193442815709,9.70825827863205,1.75,3.823327313810216,75306.15294131803,-0.11083285482598716,1.5284014064735452,1.532414689638281,0.75,1.628489375913478,186881.03744847715,0.46167119425360637,1.2721102769230923,1.3532940730886607,0.25,1.2212773050998778,129461.3419988035,0.9716208151740084,1.5284014064735458,1.8110930036278419,0.75,1.6284893759134773,186881.0374484773,0.06432108691273257,0.9702193442815673,0.9723491030693603,1.75,3.823327313810118,75306.15294131744,0.6839481192536055,1.2721102769230936,1.4443163041674403,0.25,1.2212773050998738,129461.34199880375,0.7253398269261084,1.3048612777980737,1.4929101844458088,0.25,0.6124598402981268,136213.1366577592,-0.009703026088144738,0.2786883411361851,0.2788572039602096,1.5,1.9906002600316235,6213.400744608709,0.005756205097968916,0.36359222143429365,0.36363778321931056,0.75,2.0564110183926614,10575.961582696156,9.730401106583761,1.3063497219383569,9.817701120476979,5.75,5.493304116201182,136524.21559054605,-0.1271870385336762,1.2959333742975887,1.302159688129417,1.0,4.024981352174812,134356.80423938535,2.43011720791559,0.9299120356924355,2.601961959432365,1.75,3.120359515016104,69179.12678287868,0.0402903115838241,1.306349721938358,1.3069708891998884,5.75,5.493304116201215,136524.21559054632,-0.0033599085336773627,1.2959333742975903,1.2959377298326078,1.0,4.024981352174812,134356.8042393857,-0.09948036208439529,0.9299120356924383,0.935218015526913,1.75,3.1203595150161236,69179.12678287909,0.7439476534289148,1.096248929889733,1.3248470958290899,0.25,0.5634566919328831,96140.98217684485,0.05388760055429549,0.19793123148789163,0.2051356767893207,2.0,4.055954574944686,3134.1510831480064,0.2366415620108687,0.3707510853302013,0.43983587409903935,0.25,1.1465830308253342,10996.50965157155,7.689855554956748,5.526026764896883,9.469469375971173,0.75,3.6818649281951186,2442957.770646982,3.390418548604521,3.1585903202318155,4.633749102593246,2.0,5.346452671773734,798135.6721652682,7.422204727499848,3.6648687564870923,8.277704151465933,5.25,4.625041197525175,1074501.2804126795,1.6708835499567738,5.526026764896874,5.773112128122297,0.75,3.6818649281951346,2442957.7706469744,0.1644057461045343,3.158590320231829,3.162866114841789,2.0,5.34645267177373,798135.6721652747,-0.0007059375001120394,3.6648687564870883,3.664868824476937,5.25,4.625041197525165,1074501.2804126772,0.4806597481670174,1.0637638060028511,1.1673162504093104,0.5,2.2419798188449667,90527.47605925273,0.31354347089966667,2.681786551804034,2.7000534471711446,2.0,2.1256706695297183,575358.357174545,0.447001089658834,1.7541039763462078,1.810163178829401,1.0,1.9994715957562172,246150.46169383873,7.618773244358376,5.620586049914991,9.467665672881044,1.0,4.838814358146788,2527397.9176121284,-2.4269482484745124,3.845917727048895,4.547654446415475,1.0,5.935630927369889,1183363.1189008176,8.119847407806063,3.142003663042861,8.706555515508393,1.0,6.791554556329173,789838.9004586564,1.868404799358417,5.620586049915006,5.922999581188971,1.0,4.838814358146739,2527397.9176121415,-0.3331877684745245,3.845917727048891,3.8603234647228644,1.0,5.93563092736986,1183363.1189008157,-0.056959872193891294,3.14200366304288,3.1425199196847133,1.0,6.791554556329188,789838.900458666,0.5081278119313334,1.5849560596226768,1.6644156885203791,0.25,2.930763094745167,200970.8595917653,-0.036679418577120516,2.5358417559022604,2.5361070148407805,2.0,2.3485694837335904,514443.3415566331,0.5458284029816433,2.0925871965311544,2.162602557241531,1.75,3.1671804070753797,350318.8299398854,4.0,ACL_3_3,ACL_3,ortho,gait_full,4.0,0.5
9.618937227149267,1.2936524324567333,9.705539139884978,2.0,3.765910625086676,133882.93424816403,-0.24534100448919752,1.5734963787074308,1.5925084182789009,1.0,1.7170985845954114,198071.81182615357,0.2969735569473892,1.3227409237729704,1.3556684126104566,0.25,1.5601691758758307,139971.51423723018,0.8371126655107982,1.5734963787074319,1.7823154795276832,1.0,1.7170985845954168,198071.81182615386,0.10503981785067477,1.2936524324567389,1.2979098502343451,2.0,3.765910625086648,133882.93424816508,0.5192504819473865,1.322740923772973,1.4210083090631003,0.25,1.5601691758758258,139971.5142372308,0.16262588499343336,0.6372730560575423,0.6576960745259294,1.0,1.6386332395177403,32490.010343471276,-0.03576878998913545,0.3409160079885004,0.3427872967892803,2.0,2.06244284287557,9297.909737777225,-0.017922292969121716,0.40174212269639026,0.40214169360297936,3.0,2.357221434174719,12911.757775996246,9.678302165105304,1.80803267403052,9.845735876481958,2.0,5.323317232843927,261518.59357071808,0.009061615093860382,1.2546655595836937,1.2546982821672996,4.75,4.742597285712829,125934.88129434249,2.42046836932326,1.3477366616563264,2.7703900873463545,2.0,4.067100144728341,145311.79874661085,-0.011808629894639761,1.8080326740305304,1.808071235903602,2.0,5.323317232843966,261518.59357072113,0.13288874509385945,1.2546655595836929,1.2616834329490427,4.75,4.742597285712815,125934.8812943423,-0.10912920067672748,1.3477366616563242,1.3521476589532946,2.0,4.067100144728334,145311.79874661035,0.324729853435353,0.757239654551217,0.8239304413219555,0.25,1.6921709818645736,45874.419768709806,0.01340315639069884,0.19257264900154447,0.1930385188108984,5.75,6.61891270002884,2966.741702574505,0.12868467265832728,0.36902895447239076,0.3908223563413008,1.0,2.4149565351770614,10894.71484396138,9.29253794436159,7.950581861925152,12.229595798331731,1.0,4.064088916222113,5056942.946210979,3.496848667594439,4.489068617973929,5.6903152514544715,1.0,5.617707748322931,1612139.6374115914,7.5270704472782795,5.540564520347581,9.346370671144198,5.0,5.350599797599967,2455834.2964607864,3.273565939361621,7.950581861925153,8.598138513801796,1.0,4.064088916222131,5056942.9462109795,0.27083586509445656,4.489068617973932,4.497231272983396,1.0,5.617707748322929,1612139.6374115935,0.10415978227832663,5.540564520347574,5.541543509201982,5.0,5.350599797599985,2455834.29646078,0.2924955665401677,0.9525336288222228,0.9964306149867566,2.0,4.48929794490963,72586.35300290826,0.07112967998919734,3.7422908974235525,3.742966816886645,2.0,2.288941501617872,1120381.7798027282,0.2254303018499694,2.0985687843783594,2.1106420264363717,2.0,2.7228124620142555,352320.9919703412,9.748565933994515,8.691451107267984,13.060469368268055,1.0,5.182634751083689,6043459.4999158615,-2.0242368178612686,5.754311822599388,6.099970429968674,1.0,6.125627562024804,2649043.7659643763,8.005069484702808,5.344191312798357,9.625046402106824,1.0,6.378916157131002,2284937.9592706994,3.9981974889945615,8.69145110726798,9.566969505074853,1.0,5.182634751083667,6043459.499915856,0.06952366213871869,5.754311822599391,5.7547318001192975,1.0,6.125627562024811,2649043.7659643786,-0.17173779529715566,5.344191312798379,5.346950033254769,1.0,6.3789161571310276,2284937.959270718,0.1289709373467435,1.8145203399369356,1.819098009103674,2.0,3.7634423191794597,263399.3772078445,0.036980725301217605,3.998794419017049,3.9989654136545996,2.0,2.1256187846626413,1279228.863622503,0.3463041992060562,2.3930389472430713,2.4179665013002096,2.0,2.9505735164811364,458132.5001383627,4.0,ACL_3_3,ACL_3,ortho,gait_full,4.0,0.5
9.457058133992463,1.5038997345192124,9.57588966943542,2.0,3.567934285686753,180937.62093590814,-0.5325404997011696,1.3138091017154534,1.4176366740361712,1.0,2.17303077545022,138087.5780415763,-1.3388958595623046,1.9950672540268715,2.4026933784491527,0.25,1.1308490073974313,318424.1570546881,0.5499131702988265,1.3138091017154527,1.424253787293006,1.0,2.1730307754502185,138087.57804157617,0.26691891100748455,1.503899734519228,1.527403062894803,2.0,3.5679342856867517,180937.62093591192,-1.1166189345623105,1.9950672540268748,2.2862920183374222,0.25,1.1308490073974318,318424.15705468925,0.056181908586902335,0.27854245871406863,0.28415191035596726,3.0,2.559602501149258,6206.921241373528,-0.07459888946888837,0.38893633671620903,0.39602584300549853,2.0,2.0728157815894863,12101.718128041124,-0.020933125212655876,0.36540752588115,0.36600663341222667,3.0,2.812214113084468,10681.828395724526,9.69641005827832,2.0550787877927554,9.911796852353095,2.0,5.4297069214574165,337868.3668288841,-0.1882721249838991,1.1599042847349912,1.175084823658507,5.0,6.315805507679741,107631.41088407995,2.575348176149307,1.5035948225567586,2.982149496389317,2.0,4.563913604529161,180864.1323227957,0.006299263278374343,2.0550787877927723,2.0550884420758293,2.0,5.429706921457491,337868.3668288896,-0.06444499498390142,1.15990428473499,1.161693206972075,5.0,6.3158055076797375,107631.41088407974,0.04575060614932221,1.5035948225567557,1.5042906994269796,2.0,4.563913604529161,180864.13232279496,-0.020512503628226278,0.33126817589589297,0.33190264712184847,1.0,2.4785086613270852,8779.097392009198,0.016921748306969103,0.21965235557199864,0.2203032066813648,6.0,7.527202890368907,3859.7798739053046,0.026234070221772078,0.3417862712001621,0.3427916008616775,3.0,2.8793829209059094,9345.433756706323,10.433041660611034,9.148755178659746,13.876169486248678,1.0,4.235104597850521,6695977.752881888,3.2983238017436194,5.272438990036317,6.219127977844133,1.0,5.328558614385834,2223889.065482858,7.735340314325188,6.433224951715336,10.060908162675837,1.0,5.375090402086712,3310911.3659589584,4.414069655611071,9.148755178659755,10.15793936995295,1.0,4.235104597850541,6695977.752881903,0.07231099924364014,5.272438990036314,5.272934835958696,1.0,5.328558614385816,2223889.0654828562,0.31242964932523143,6.433224951715329,6.440807058525366,1.0,5.375090402086719,3310911.365958951,0.07487068030188722,1.0608645013839726,1.0635032247555867,2.0,4.787035973400034,90034.7005258618,-0.01454345775449784,4.325612998634708,4.325637447373625,2.0,2.2889646680650113,1496874.2917522667,-0.06346985215321146,2.2822815264291894,2.283163898631086,2.0,3.036424695622648,416704.72395815834,10.765575995510742,9.585348417693814,14.41445561940174,1.0,4.79432558672799,7350376.610552439,-1.259223077117779,6.611611003625542,6.7304563605455705,1.0,5.688685757965318,3497117.0127092726,7.704440834734938,6.497428961538114,10.078441927508708,1.0,5.373995726499401,3377353.908346797,5.015207550510785,9.585348417693803,10.818096462099303,1.0,4.794325586727964,7350376.610552423,0.834537402882211,6.611611003625558,6.664071783832461,1.0,5.688685757965318,3497117.0127092907,-0.47236644526503385,6.497428961538112,6.514576975433367,1.0,5.373995726499402,3377353.908346795,-0.12914682605609035,1.5755459782177175,1.580830171826938,2.0,5.565986936746993,198588.72844240163,-0.061655765757510216,4.608998523890741,4.6094108980083535,2.0,2.2082204160212004,1699433.0537098132,0.03189777769896846,2.385448434579276,2.3856616906549952,2.0,3.1512837898760346,455234.5974721515,4.0,ACL_3_3,ACL_3,ortho,gait_full,4.0,0.5
9.691014552952028,1.609942366121756,9.823832118260254,2.0,4.0513249497225265,207353.59202541012,-0.4678038965702851,1.5665634764153056,1.6349194510081375,1.0,2.215563132229736,196330.26545367757,1.2565205368799606,1.116933097465808,1.681185118841964,2.0,2.677031799990367,99803.31038886259,0.41497438342971193,1.5665634764153054,1.6205939850996847,1.0,2.2155631322297324,196330.26545367754,-0.10308015295208689,1.6099423661217407,1.6132389594124903,2.0,4.051324949722489,207353.59202540616,-0.6482348831200291,1.1169330974658076,1.29141318248971,2.0,2.677031799990355,99803.3103888625,0.043513738608469466,0.3373322804443945,0.3401272010255896,3.0,2.527104998019727,9103.489457632368,0.06520792005093741,0.3915472807347441,0.3969399776895015,2.0,2.6486851686623587,12264.763952908099,-0.030119350324168216,0.436395126810121,0.4374332885910394,3.0,3.132625446841556,15235.456005154314,9.70830570339924,2.160539936061306,9.94580979337379,2.0,5.168516459304099,373435.0745454913,-0.11343675977361034,1.3069702601908555,1.3118838208817456,5.0,6.141483119628835,136654.00205670344,2.670231386443061,1.6022075036036625,3.1140334843654958,2.0,4.157047558253294,205365.74648133357,-0.026237546600710884,2.160539936061306,2.1606992442650172,2.0,5.168516459304092,373435.07454549137,-0.11303437477360953,1.3069702601908564,1.3118490884639955,5.0,6.1414831196288295,136654.00205670358,0.3149660014430772,1.6022075036036643,1.6328724587881707,2.0,4.157047558253252,205365.74648133403,0.015725095749286128,0.32383353531317854,0.3242151095025583,1.0,2.711292247641399,8389.45997335896,-0.0019841868269623304,0.2351619003044718,0.23517027097865625,10.25,6.3641382963674165,4424.090152103401,0.010383945900091663,0.3419180330226012,0.3420756753095734,3.0,2.884687910466088,9352.637163805868,9.732984316122405,9.207862174767099,13.398347268502611,1.0,4.270790848823006,6782806.6046915315,3.4004920987347123,4.9007067556731885,5.964920218968402,1.0,5.680537792628396,1921354.3119845374,7.973721086473417,6.270053597071971,10.143658120965336,1.0,5.4037425295097075,3145087.4940289254,4.142072661122454,9.207862174767136,10.096607933337088,1.0,4.270790848822998,6782806.6046915855,0.2925290237347282,4.900706755673181,4.909429695476651,1.0,5.680537792628404,1921354.311984532,0.03394305147345124,6.270053597071963,6.270145472068284,1.0,5.403742529509703,3145087.494028916,0.10701770769284391,0.9902430220942785,0.9960090524519548,2.0,5.2192339724701,78446.56485326987,-0.32472324891715887,4.211575856463044,4.224075802247131,2.0,2.3802220487472514,1418995.3097075769,0.10226227188707339,1.97618248899025,1.9788266225324558,2.0,2.8946512698650624,312424.1975272092,10.927424186624423,9.88444250696615,14.73468028251525,1.0,4.56439776850463,7816177.488070288,-1.916969398190296,6.453358921695091,6.732058603861057,1.0,5.472513473102914,3331668.504201766,8.10810110414559,6.225389830583406,10.222366754219799,1.0,5.879487034086228,3100438.283919564,5.229378606624454,9.884442506966158,11.182513325945154,1.0,4.564397768504618,7816177.488070299,0.25214206680968126,6.453358921695096,6.4582828208492655,1.0,5.472513473102895,3331668.5042017726,-0.07605635585435044,6.225389830583406,6.225854408191469,1.0,5.879487034086228,3100438.283919564,-0.08721248682995647,1.5289722865901525,1.5314575642242865,2.0,4.836736512762889,187020.51198220317,-0.03823163826059399,4.473245012374962,4.473408387225737,2.0,2.167367840749785,1600793.6823583539,-0.0012249490313492072,2.514223001063003,2.5142232994653404,2.0,2.844626724094683,505705.38413760613,4.0,ACL_3_4,ACL_3,ortho,gait_full,4.0,0.5
9.577878589414551,1.6564865450611115,9.720067178138954,2.0,4.242174079053479,219516.5294757703,-0.28292771556211427,1.712879275068831,1.7360885643288828,1.0,2.3396051343903888,234717.0702909191,1.4422107399137092,1.1462698779602265,1.8422558051045468,2.0,2.7203389978558494,105114.77249032218,0.5998505644378824,1.7128792750688318,1.814876334799915,1.0,2.3396051343903888,234717.07029091934,0.010055810585398997,1.656486545061102,1.6565170670098741,2.0,4.242174079053479,219516.52947576778,-0.46254468008627847,1.1462698779602292,1.236075327071565,2.0,2.7203389978558423,105114.77249032269,0.10000835081217066,0.47799177250115105,0.4883418933605454,3.0,2.1250041355155056,18278.09142786853,0.03765985495393651,0.4164953402045683,0.41819449193798647,2.0,2.6200694208162383,13877.501677534452,-0.009795120423012007,0.5183213680197186,0.5184139127472698,3.0,2.82140007195157,21492.706538248403,9.605511935431842,2.1354178610338748,9.840013667823133,2.0,5.341333029270662,364801.1746538798,-0.18356771803633185,1.410211315410669,1.4221086671620267,5.0,6.140571463244346,159096.23827106558,2.720307178146259,1.5615133208247909,3.1366215893198413,2.0,4.329392354092934,195066.406707486,-0.1290313145681124,2.135417861033884,2.1393126282434047,2.0,5.341333029270682,364801.17465388274,-0.18316533303633123,1.4102113154106721,1.4220567827406219,5.0,6.140571463244345,159096.23827106625,0.3650417931462765,1.5615133208247933,1.6036144679618984,2.0,4.329392354092884,195066.40670748652,0.04427515271342777,0.3807528458501125,0.3833184299909892,1.0,2.341377149911641,11597.834135161986,-0.018219017911062764,0.25017704856534984,0.25083956674040286,6.0,7.244217245912742,5007.1988657827715,0.0048573301079762946,0.3627137859840998,0.36274630831849575,3.0,2.9330336658807368,10524.941757799153,10.708878682619195,9.333974587976847,14.205744058234098,1.0,4.004420279444468,6969873.27165623,3.195487884798987,5.475866938364977,6.340052172385945,1.0,5.637564932978345,2398814.646093091,7.777434585498984,6.593356586797721,10.196118860251906,5.0,5.39642997323619,3477791.479717464,5.117967027619247,9.333974587976915,10.645030206852239,1.0,4.004420279444458,6969873.27165633,0.08752480979900609,5.4758669383649705,5.4765663804074265,1.0,5.6375649329783375,2398814.646093085,-0.1623434495009613,6.593356586797723,6.595354916626156,5.0,5.3964299732362075,3477791.479717468,0.21691202751911276,1.0303648620411647,1.0529494653645828,2.0,5.2208374674361595,84932.66453956993,0.015726878230354922,4.38516241815935,4.385190619384296,2.0,2.369720576010258,1538378.404639307,-0.04132731278343752,2.1077991663917275,2.108204276777647,2.0,3.1602793748117914,355427.5887158775,10.662254622907044,9.268644464179859,14.127683598066408,3.0,4.370849637831597,6872626.728876164,-1.719553376535218,6.342654796646465,6.571615759018179,1.0,5.197999248128809,3218341.6518339827,7.7755845608070056,5.848344911860118,9.72948372064728,1.0,5.6507227077276685,2736251.152766181,4.964209042907077,9.26864446417989,10.514330298457098,3.0,4.370849637831611,6872626.72887621,0.4495580884647714,6.342654796646466,6.3585668467294205,1.0,5.197999248128802,3218341.6518339845,-0.4085728991929458,5.848344911860138,5.862599254770472,1.0,5.650722707727682,2736251.1527662,-0.17170282597591752,1.4188213519243866,1.4291731487558323,2.0,5.35349404490662,161044.48953619594,-0.03360281498902993,4.479128682191342,4.479254726045879,2.0,2.2085598857123796,1605007.5730125546,-0.02417975639791089,2.4081541794198076,2.4082755682181696,2.0,2.990364250541143,463936.6685204888,4.0,ACL_3_4,ACL_3,ortho,gait_full,4.0,0.5
9.518181897957016,1.3491774223443613,9.613327538348022,4.0,4.4049400417701206,145622.3777571298,-0.5950460032272409,1.8364231765959722,1.9304221894434272,2.75,2.039433934519005,269797.0299903215,0.030185645821488548,2.3624699396083817,2.362662775083844,0.25,0.9339934178569159,446501.403466313,0.28773227677275387,1.8364231765959729,1.8588275731319668,2.75,2.039433934519013,269797.0299903216,0.06975250204294275,1.349177422344352,1.3509793220123691,4.0,4.40494004177012,145622.37775712778,-1.874569774178502,2.3624699396083804,3.01583753770273,0.25,0.9339934178569156,446501.4034663125,-0.8845338971313018,1.6355077681556558,1.859377819291115,0.25,0.7495258987381699,213991.0128083733,0.15705278439167836,0.37946829612286576,0.4106845076790333,4.0,2.8105792801651357,11519.904602834216,0.1820352240912605,0.48583798108387366,0.5188211316760428,3.0,2.302540399770598,18883.312486990217,9.623198300144953,1.5706803525991948,9.750537538718254,6.0,5.59978511321755,197362.94639234224,-0.3729987492073932,1.3784188359240679,1.427993891492727,5.0,4.660399315965088,152003.15030192057,2.6659086378724663,1.092894916508263,2.881230321236508,2.0,3.9138710992661108,95553.71132150572,-0.11134494985500087,1.5706803525992148,1.574622007943305,6.0,5.599785113217601,197362.94639234725,-0.3725963642073934,1.3784188359240694,1.4278888394587428,5.0,4.660399315965088,152003.15030192095,0.3106432528724804,1.0928949165082642,1.136185957088364,2.0,3.9138710992661037,95553.71132150589,-0.7459770140575382,0.9891691200394255,1.2389258466678996,0.25,0.5637580491936922,78276.44995393095,0.024242184611981906,0.2412538865137815,0.24246880474148827,0.5,5.031772917725937,4656.295923780981,-0.2564213340698307,0.4102294903379269,0.48377694788927983,0.25,1.397273524738435,13463.063519493338,9.310725073875895,7.542391317753247,11.982373228681407,1.0,3.2507931452960634,4551022.896627322,4.095319356705603,5.160077875427805,6.587719204238075,1.0,4.72286940146853,2130113.3178265663,6.944930225386663,5.516782195280165,8.869438630806883,1.0,4.545958643260008,2434795.759620858,3.7198134188759284,7.542391317753287,8.409796588584625,1.0,3.250793145296063,4551022.89662737,0.9873562817056282,5.160077875427799,5.253691664677612,1.0,4.722869401468534,2130113.3178265598,-0.9948478096132746,5.516782195280176,5.60576559931404,1.0,4.545958643260024,2434795.7596208686,-0.4431120577261292,1.756340900140751,1.8113756245487869,1.25,2.1384264078310515,246778.7651824752,0.16044979367450352,3.170128130434788,3.174185958582791,2.0,2.4551712467090456,803981.1109243801,-0.4792341177249993,2.1066468112796586,2.160468959986792,1.0,2.8786058575019564,355037.2254069469,8.717383158278613,7.093099222538719,11.238541974340755,1.0,4.4754199132226,4025063.2037767456,-1.6017363677664063,4.778315577557712,5.039628870319342,1.0,5.35760919816271,1826644.6968770188,7.907105089183359,4.293191406380107,8.997433153027888,1.0,6.320524909509449,1474615.2854493074,3.0193375782786394,7.093099222538731,7.708985406159819,1.0,4.475419913222634,4025063.203776759,0.5673750972335853,4.77831557755771,4.811882610755534,1.0,5.3576091981627165,1826644.6968770172,-0.2770523708166066,4.293191406380113,4.302121624035188,1.0,6.320524909509512,1474615.2854493123,-0.6084954650739575,1.471689742462064,1.5925254877343813,1.0,3.221523430810829,173270.59355872488,0.15341124841734838,3.5466330028501876,3.5499493895050263,1.0,2.1045534365017464,1006289.0243710666,-0.4753607163817229,2.337727297242389,2.3855684284780323,1.25,2.1397648856480176,437198.32047650806,4.0,ACL_3_4,ACL_3,ortho,gait_full,4.0,0.5
9.601283578253277,1.4398468497095298,9.70864590458703,2.0,4.038051293168221,165854.80416645922,-0.6612069913005912,1.6423476021371026,1.7704520133542934,1.0,2.214823694489063,215786.68488018485,-0.4272006723141363,2.05492207059219,2.0988580539504196,0.25,1.0316559354253212,337816.38172525464,0.22157128869940607,1.642347602137105,1.6572264426509176,1.0,2.214823694489065,215786.6848801855,-0.013349178253334593,1.439846849709529,1.439908730155663,2.0,4.038051293168167,165854.80416645895,-2.331956092314128,2.0549220705921862,3.108170512164327,0.25,1.0316559354253212,337816.3817252536,-0.9276109237389426,1.5750341668680494,1.8278935014495634,0.25,0.6822292787484386,198458.61073468532,0.11027616550749794,0.3565245540921736,0.3731897511315929,0.25,2.4779621281599034,10168.908669544377,0.16151760338266816,0.3962814881293246,0.4279333523300947,0.25,2.0973936448900066,12563.342598147154,9.666939499581433,1.7552958250142456,9.825008026555508,6.0,5.345715440003614,246486.55737844357,-0.4360464748669055,1.2471029487965706,1.3211367427866643,0.75,4.568719055965221,124422.3225857389,2.613731984041178,1.1150479536436027,2.8416415719306714,2.0,4.119772832988216,99466.59748621006,-0.06760375041851065,1.755295825014274,1.756597193548706,6.0,5.345715440003615,246486.55737845154,-0.435644089866905,1.247102948796571,1.3210039886136102,0.75,4.56871905596523,124422.32258573896,0.25846659904118835,1.1150479536436018,1.1446121272049767,2.0,4.1197728329882395,99466.59748620987,-0.8018135909881456,0.9211872308713072,1.2212661253853119,0.25,0.5682120050588809,67886.90850180438,0.026803686083103333,0.23611287874125256,0.23762939442569597,0.25,4.661356029888248,4459.943875320265,-0.26421839188256874,0.3953789608624922,0.47553746571822786,0.25,1.4394884455051185,12505.977183474934,9.417656869906422,7.974290215303082,12.340241705784132,1.0,3.47140868750455,5087151.524526168,4.46635846565287,4.881427963523,6.616396066347098,1.0,4.807497910960414,1906275.8958585393,6.947424525605004,5.9103811270151745,9.12136572041463,1.0,4.5108697992490825,2794608.4674150944,3.8267452149064343,7.974290215303045,8.844958076649496,1.0,3.4714086875045815,5087151.524526119,1.358395390652892,4.881427963522994,5.066910005162049,1.0,4.807497910960412,1906275.8958585344,-0.9923535093949485,5.91038112701518,5.993110257135747,1.0,4.510869799249111,2794608.467415099,-0.5677404276256773,1.7424307285070257,1.8325921632502173,1.0,2.2438175458695864,242885.47344829683,0.0557834714042604,3.4380963790498416,3.43854889558336,2.0,2.3606391158682167,945640.5570562318,-0.3331805039198763,2.2009984022949207,2.2260734972361305,2.0,2.758023230720238,387551.8326701673,9.04346800648771,8.3644502366888,12.318617671898505,3.0,4.588767117605287,5597123.7793377545,-1.2944642386077074,5.557956874626048,5.706708533404976,1.0,5.781235507507452,2471270.9570088843,8.093455309458937,5.357740545325616,9.706152821650559,1.0,5.883204357545101,2296433.9184360406,3.3454224264877404,8.364450236688802,9.008655780619574,3.0,4.588767117605307,5597123.7793377545,0.874647226392278,5.557956874626064,5.62635693773856,1.0,5.781235507507479,2471270.9570088983,-0.09070215054102647,5.3577405453256395,5.358508246810773,1.0,5.883204357545102,2296433.91843606,-0.5531540271313985,1.6465559232100735,1.7369875606894432,1.0,3.5014973683985944,216892.49955457932,0.1676545958252538,3.7460689582919535,3.749818756124073,2.0,2.1055796635132054,1122643.842603264,-0.44292209006465283,2.4230289728924146,2.4631787148608018,2.0,2.2941403019952493,469687.9369091695,4.0,ACL_3_4,ACL_3,ortho,gait_full,4.0,0.5
9.715297545198673,1.7959665256903055,9.879903954651759,2.0,3.8840473360828844,258039.68708129416,-0.5149722411651889,1.300063606260748,1.3983425150850555,1.0,2.569613659010871,135214.63981229241,0.3712969449109292,1.3209557753525691,1.372146341225125,0.5,2.53479532940515,139596.37908309087,0.36780603883480867,1.3000636062607518,1.3510909157148026,1.0,2.5696136590108654,135214.63981229323,-0.1273631451987341,1.795966525690303,1.800476917973405,2.0,3.884047336082879,258039.68708129355,-1.5334584750890619,1.3209557753525714,2.0239612286948048,0.5,2.5347953294051533,139596.37908309128,0.07857842782250637,0.31378007266190167,0.3234694781873015,3.0,2.2307068745163265,7876.644668533253,-0.023453047601611078,0.38349371920022385,0.38421020042136256,2.0,2.670638304216727,11765.46599716447,-0.035046128520391025,0.34837725517369583,0.3501356066535167,3.0,3.0713832807094312,9709.33844824798,9.740590216275537,2.3256140411001565,10.014368598646891,2.0,5.312463158611817,432678.94633912516,-0.20447994764023314,1.2896138184548338,1.30572426252123,5.25,6.734767055333097,133049.12884282845,2.6404650018986393,1.5650944578469488,3.0694585985536302,2.0,4.586529946000817,195962.6381122189,0.006046966275598038,2.325614041100158,2.325621902623757,2.0,5.312463158611828,432678.94633912557,-0.20407756264023355,1.2896138184548387,1.305661308426825,5.25,6.734767055333112,133049.1288428295,0.2851996168986492,1.5650944578469463,1.5908675254283,2.0,4.586529946000824,195962.6381122183,-0.04899066350686888,0.2774902209660649,0.28178166697398677,1.0,3.3512173137869734,6160.066299898236,-0.018400068846730913,0.254719928930121,0.255383642247757,6.25,7.148151134894517,5190.616100197876,0.0017326651481935017,0.34654914884228694,0.346553480276608,1.0,3.2163889308448246,9607.795902314889,10.690019938304266,9.611320639282587,14.375465582458267,1.0,4.078824491860711,7390239.394407459,3.664278744522501,5.450413646402347,6.567643994192158,1.0,5.429603812682924,2376566.5825841464,7.805282880831685,7.049304312483734,10.517372872528858,1.0,5.355066088625703,3975415.358309705,5.099108283304286,9.611320639282525,10.880183349372409,1.0,4.0788244918607175,7390239.394407364,0.5563156695225225,5.450413646402342,5.478731243731997,1.0,5.429603812682913,2376566.5825841418,-0.13449515416826785,7.049304312483737,7.05058722635899,1.0,5.355066088625733,3975415.3583097085,0.03637737945644112,1.1143134133086208,1.1149070350552224,2.0,4.799114532338947,99335.85110251592,-0.17933803426197456,4.618188368758124,4.621669172481494,2.0,2.402080439171097,1706221.1660881108,0.14905500496285748,2.30053060223961,2.3053542995265217,2.0,3.187790294878192,423398.1060108969,11.090574631138168,10.480335948007678,15.259039525210866,1.0,4.967061891195654,8787092.412034387,-1.2484938541989632,7.061633428831003,7.171150785414855,1.0,6.244285709441208,3989384.7522704354,8.085680261497412,6.9047997595860915,10.63270826323891,5.25,6.434309155664818,3814202.0453415364,5.392529051138207,10.480335948007685,11.7862976014723,1.0,4.9670618911956685,8787092.412034402,0.9206176108010107,7.0616334288310005,7.121390557222686,1.0,6.244285709441215,3989384.7522704317,-0.0984771985025386,6.904799759586093,6.9055019715155455,5.25,6.4343091556648195,3814202.045341537,-0.10986967748102032,1.6293595443452724,1.633059665406876,2.0,5.309005385971903,212386.33912196502,-0.0772484575609794,4.6891589559933475,4.68979520222026,2.0,2.2460917395987763,1759057.771971326,-0.02420796422890058,2.503054710332152,2.5031717696650544,2.0,3.1967990521203493,501223.9790967982,4.0,ACL_3_4,ACL_3,ortho,gait_full,4.0,0.5
9.712716882964834,1.7143803512043154,9.862858066363195,2.0,3.448999437945618,235128.10534599566,-0.9148745298591178,1.2299618849087806,1.5329062736231793,1.0,3.0057371721932067,121026.49869184468,0.5029773390279464,1.5381395164041594,1.6182890271826151,0.25,1.828518837798375,189271.66852228012,0.40337129014087625,1.2299618849087783,1.2944167165323037,1.0,3.0057371721932094,121026.49869184427,-0.06271052796490449,1.714380351204318,1.7155269158229718,2.0,3.4489994379456177,235128.10534599642,-0.40386672597204665,1.5381395164041578,1.590277178441355,0.25,1.8285188377983654,189271.66852227968,-0.002102628508890734,0.5341445196368894,0.5341486580576326,0.75,1.1153993359150203,22824.842852559286,-0.03689647808940884,0.3564644826329662,0.35836891253872805,0.25,1.9295391574305152,10165.419964889896,0.030698102473607908,0.3385718029346859,0.33996064366029777,3.0,2.7243957860274577,9170.469733455579,9.708027743727655,2.189010655920802,9.951762171832717,2.0,5.2015534353924435,383341.43002668273,-0.12950250096826438,1.320836018535685,1.3271694261164382,5.25,5.9916650389547,139569.17444126093,2.6761582623251297,1.464169370934148,3.050510611650574,2.0,4.037257943831417,171503.4025339957,0.009667523727710695,2.1890106559208147,2.189032003591976,2.0,5.201553435392461,383341.4300266873,0.006787499031735291,1.3208360185356889,1.320853458186909,5.25,5.991665038954703,139569.1744412617,0.1757100523251446,1.4641693709341463,1.4746748690032658,2.0,4.037257943831415,171503.40253399528,0.007103190111475244,0.287047657866687,0.28713553105895895,3.0,3.2449519310697332,6591.710264298431,-0.015396159090696453,0.24030944670972454,0.2408021426247698,6.25,6.787892721257002,4619.893076204543,0.005153626262101732,0.306144841043662,0.3061882159086115,1.0,2.8508580117181888,7497.979614982582,9.847282283363388,8.531981537616899,13.02933909783908,1.0,3.773888074091124,5823593.75087353,3.364867739858925,4.996577743337216,6.023962487595364,1.0,5.220577054840454,1997263.6653687793,8.007617080701477,6.08018708814353,10.0543824443856,1.0,5.1653099305203956,2957496.9541222425,4.2490544983633995,8.531981537616888,9.531483257515468,1.0,3.7738880740911447,5823593.7508735135,0.216847629858945,4.996577743337217,5.001281039872512,1.0,5.220577054840439,1997263.6653687803,0.09342779070151785,6.080187088143539,6.080904848696679,1.0,5.165309930520429,2957496.9541222495,0.02715300975338451,1.0142890388445784,1.0146524233740961,2.0,4.984503725659391,82303.17086747936,-0.3108688972841229,4.080108122212837,4.091933743384149,2.0,2.3453960532873377,1331785.510736148,0.11292107759890438,2.1269379486954705,2.129933380969225,2.0,3.1212767497195224,361910.1874301696,10.853443484177852,9.59451732600546,14.486269298313545,1.0,4.333887617558269,7364381.01752154,-1.798557662664487,6.288808228155522,6.540941720918001,1.0,5.991220279344664,3163928.740535162,8.019016782669928,6.261939072812002,10.174306419228369,1.0,5.679772189376809,3136950.5053100577,5.114041389177893,9.594517326005507,10.872358624017346,1.0,4.333887617558265,7364381.01752161,0.22806991733550683,6.288808228155513,6.2929424610201155,1.0,5.991220279344611,3163928.740535151,-0.17994574233002683,6.261939072812002,6.264524037929165,1.0,5.679772189376798,3136950.5053100586,-0.08605126334426118,1.3843834622903701,1.387055294711143,2.0,5.380651540603605,153321.40569608027,-0.05377114616101287,4.478917648603807,4.4792404087226805,2.0,2.14920717492214,1604856.2655229438,0.041622456886107925,2.42911901910709,2.4294755890737054,2.0,2.875635229430587,472049.53707004787,4.0,ACL_3_5,ACL_3,ortho,gait_full,4.0,0.5
9.520809099268126,1.6649437811886778,9.665290668118864,2.0,3.577747997485,221763.0355250547,-0.6467141832372684,1.3860901624956319,1.5295375684720576,1.0,2.3610936695799323,153699.94254057063,0.9849171133471211,1.8767238823292642,2.119470275957899,0.25,1.2485688772057564,281767.5419873583,0.6715316367627238,1.3860901624956294,1.5401950128929722,1.0,2.3610936695799367,153699.94254057007,0.1291972557318194,1.6649437811886785,1.6699490188049118,2.0,3.577747997485027,221763.03552505485,0.07807304834712905,1.87672388232926,1.8783471274988612,0.25,1.2485688772057635,281767.541987357,0.04963519932666269,0.5356717962441588,0.5379664732152377,0.75,1.153168017410754,22955.54272570094,0.0341973101210068,0.41488396598587646,0.41629095744645017,0.25,1.763766291287705,13770.330642471477,0.012765322310629521,0.4022692110468202,0.40247170286856865,3.0,2.5407111553292454,12945.667086408253,9.674577740836055,2.186603135915071,9.918603114222995,2.0,5.484152046617223,382502.6125251704,-0.1670832533113674,1.240153668143551,1.2513584355199812,5.25,6.83244991812419,123041.67713103803,2.6028655269058536,1.498889398663074,3.003594243665319,2.0,4.2501118797299275,179733.5844453026,-0.023782479163886566,2.186603135915078,2.1867324665602865,2.0,5.4841520466172575,382502.61252517306,-0.030793253311369003,1.2401536681435528,1.2405359104271858,5.25,6.8324499181241825,123041.67713103836,0.10241731690586561,1.4988893986630725,1.5023843503666907,2.0,4.25011187972995,179733.58444530223,0.04983253138839597,0.29378847474446024,0.2979848135010437,1.0,2.964663534164522,6904.9537467346745,-0.007573644353547405,0.23692568162760794,0.23704670152419471,6.0,7.157086052803823,4490.706347042241,0.011706452718877894,0.34907896196066773,0.34927519625475356,3.0,2.850406088440262,9748.518842433154,10.380340488554125,9.033003938681615,13.760328078013025,1.0,4.008211855613806,6527678.476528045,3.222900797613695,5.461621458630432,6.341640048806886,1.0,5.037472304595352,2386344.7187913684,7.885437891425847,6.354563516173739,10.12722114998092,1.0,5.2534718371374725,3230438.221630275,4.782112703554124,9.0330039386816,10.220751541140752,1.0,4.0082118556138315,6527678.476528023,0.0748806876137167,5.461621458630442,5.46213475435658,1.0,5.037472304595322,2386344.718791376,-0.02875139857410744,6.3545635161737675,6.354628559090349,1.0,5.253471837137501,3230438.2216303027,0.17864898347173366,1.0363771165382,1.0516620117602031,2.0,4.827589068817962,85926.23103673403,0.04214010667066024,4.266027274550998,4.266235400889552,2.0,2.521060853411745,1455932.2959996392,-0.015196822053292883,2.1665435276941407,2.166596824698562,2.0,3.2277364203526484,375513.2493119768,10.686535395556286,9.639237784169435,14.391558074796384,1.0,4.601849021096667,7433192.4136506375,-1.6714363151063336,6.8227978440612205,7.024547656353588,1.0,6.088960403496076,3724046.752584959,7.9022961908018745,6.1160611992168405,9.992621762066628,1.0,5.859270891185764,2992497.4802184994,4.947133300556319,9.639237784169453,10.834621957098145,1.0,4.601849021096679,7433192.4136506645,0.3551912648936546,6.822797844061204,6.83203712340492,1.0,6.088960403496039,3724046.7525849417,-0.29666633419808014,6.1160611992168405,6.123252036819346,1.0,5.8592708911857585,2992497.4802184994,-0.1319722108405131,1.506555160410471,1.5123244082516,2.0,5.610591633245391,181576.84504942189,-0.05670567799610536,4.618016001335317,4.618364139227873,2.0,2.199041737153185,1706085.7492245175,0.02165523010319541,2.419458984529981,2.4195558945421514,2.0,3.0161330588903548,468302.60766122234,4.0,ACL_3_5,ACL_3,ortho,gait_full,4.0,0.5
9.527619554809629,1.1629101794193497,9.598327691144327,2.0,3.935833654287803,108188.86719951687,-0.6340351343156764,1.458042107637171,1.5899331241249555,0.5,1.8081585179615056,170072.60274832378,0.7814357446926853,1.9236450586672398,2.0763073314946174,0.5,1.494580707102738,296039.0037596968,0.6842106856843131,1.4580421076371706,1.6105995933339983,0.5,1.8081585179615047,170072.60274832373,0.12238680019033067,1.1629101794193548,1.1693325507561927,2.0,3.9358336542878467,108188.86719951782,-0.12540832030730947,1.9236450586672365,1.927728600850539,0.5,1.4945807071027306,296039.0037596959,-0.841960651787828,1.4229948659701368,1.653424364080907,0.25,0.5062069728414395,161993.15300344094,0.26277624998932386,0.336395591476481,0.4268645587575328,0.25,1.8172188099349467,9052.976352216414,-0.0186240018239644,0.3404926977536528,0.3410016578662037,3.0,2.2049435872722887,9274.82232919645,9.68724551993905,1.5757976259176567,9.814574057055504,2.0,5.555592889609667,198651.09359351237,-0.2946053873312767,1.0154690304080276,1.057340856092505,5.0,5.1452019189810665,82495.19053278686,2.4577622509536976,1.1025002537134037,2.693715295210521,2.0,4.087106158048259,97240.60549212826,-0.011114700060887968,1.5757976259176496,1.5758368235338152,2.0,5.5555928896097075,198651.09359351054,-0.1583153873312787,1.0154690304080276,1.0277359162662716,5.0,5.145201918981073,82495.19053278687,-0.04268595904628983,1.1025002537134003,1.1033262892443982,2.0,4.087106158048273,97240.60549212764,-0.7710942670999245,1.0150945557493949,1.2747561829096696,0.25,0.5000050866365647,82433.41626519043,0.02502800166781224,0.20877580456564213,0.21027062904627267,1.25,5.077604953149013,3486.996200848148,-0.212201897998688,0.41437648381922987,0.465550766143322,0.25,1.51862752050726,13736.634126375742,9.076585330028744,7.319708304363648,11.660297205228654,1.0,3.4771244251478572,4286251.970196966,3.6261431836830385,4.355295692180137,5.667231683537723,0.75,4.373321713517769,1517491.978550997,6.862030991714907,5.021837521389017,8.503312379448756,1.0,4.613438507495002,2017515.3903809183,3.4783575450287545,7.319708304363626,8.104140970641385,1.0,3.477124425147882,4286251.97019694,0.4781230736830552,4.355295692180148,4.381461199179,0.75,4.373321713517754,1517491.9785510045,-1.0521582982850475,5.021837521389023,5.130876063196297,1.0,4.613438507495035,2017515.390380922,-0.46085183696633836,1.5626006387620848,1.629142465192938,0.25,1.9197936863339973,195338.2195861473,0.2219085790892284,3.046773675955402,3.054844226792619,2.0,2.2836625047566335,742628.619214056,-0.6033275439847218,2.070518676680985,2.156629712262959,1.0,2.7014950813880776,342964.83751079574,8.348969577548619,7.139529679765112,10.985361944655228,1.0,4.541316553769446,4077853.74688405,-1.850076596280199,4.936213995297138,5.271526535973337,1.0,5.850058118929899,1949297.599458017,8.026942328380557,4.249172468190559,9.082250261228003,5.75,5.772468010490307,1444438.4320126057,2.6095674825486412,7.1395296797650785,7.601495017049061,1.0,4.541316553769455,4077853.746884011,0.17655098371978498,4.9362139952971384,4.939370289542965,1.0,5.850058118929912,1949297.5994580179,-0.17202019661940754,4.249172468190558,4.252653008708048,5.75,5.77246801049032,1444438.4320126045,-0.6828640214427258,1.7366015841832625,1.8660354589258878,1.0,2.96129824011089,241263.1457323324,0.06613615120513261,3.805767332145001,3.8063419416702837,1.75,2.1585785031264892,1158712.4610380225,-0.41310743604108774,2.2052047794633416,2.243565437663989,1.25,2.2641699047862502,389034.47308907553,4.0,ACL_3_5,ACL_3,ortho,gait_full,4.0,0.5
9.57143746883473,1.2710684292333017,9.655466336309553,2.0,4.208264580000293,129249.72675378407,-0.5790158054865102,1.5394702875282849,1.6447577539521168,1.0,1.6443038519022222,189597.82126240843,0.45307528710186873,1.7552047215830766,1.8127384892614726,0.5,1.17521871527044,246460.03091517044,0.73923001451348,1.5394702875282833,1.707755773095209,1.0,1.6443038519022244,189597.82126240814,0.07856888616522945,1.2710684292332906,1.273494413677119,2.0,4.2082645800002725,129249.72675378175,-0.4537687778981286,1.7552047215830753,1.812911944486737,0.5,1.175218715270447,246460.03091517003,-0.8656078606514659,1.4118883646741263,1.6561116274948937,0.25,0.5243914394352411,159474.30054540705,0.05849569163884309,0.4360889828628555,0.4399947123712585,0.25,1.3914992766528118,15213.890900211463,-0.022380954284084664,0.33866973837889786,0.3394084542381014,1.0,2.372730798250514,9175.82002125725,9.667988788260978,1.6502003177999183,9.807811595804996,2.0,5.069764500111719,217854.47796063748,-0.3638592897470563,1.1785411453566,1.2334313171124198,4.75,4.992740348335598,111117.23314728637,2.566259363686718,1.0272974476457526,2.7642407940787717,2.25,3.6454310667625602,84427.66714354396,-0.030371431738954104,1.6502003177999165,1.6504797825883293,2.0,5.06976450011167,217854.47796063696,-0.22756928974705673,1.1785411453566006,1.2003112150331798,4.75,4.992740348335602,111117.23314728652,0.06581115368673567,1.0272974476457521,1.0294032999213942,2.25,3.6454310667625203,84427.66714354389,-0.81211423623437,0.9816364619315864,1.2740249903703211,0.25,0.5086592183075146,77088.83394804128,0.026890387475261613,0.2182265387282215,0.21987704551378182,6.0,4.69764191306051,3809.827180131275,-0.22627411655310006,0.3649699424718103,0.4294217445935434,0.25,1.2452164707751592,10656.247892921023,9.394411825035041,7.34446001875727,11.924599217813663,1.0,3.1775715800102704,4315298.418767987,3.62008876190838,4.616917372266135,5.866938611101039,1.0,4.676161719258942,1705274.1034213402,6.824319912845433,5.380038657821673,8.690003350546784,0.75,4.877760518722351,2315585.9083100227,3.79618404003508,7.344460018757272,8.267533261677338,1.0,3.177571580010271,4315298.418767989,0.4720686519083877,4.616917372266145,4.640988562197447,1.0,4.676161719258908,1705274.1034213472,-1.089869377154515,5.3800386578216886,5.48931974099842,0.75,4.877760518722361,2315585.9083100366,-0.5752200707287092,1.5504139696239145,1.6536812289477454,0.25,1.9839399623459406,192302.69030124112,0.1204431437417315,3.1480802096509386,3.1503833984564937,1.75,2.2402265862755533,792833.531054367,-0.5349187073757525,2.2163669819356127,2.2800045223891385,1.75,2.6029175146313235,392982.73720102134,8.452059774637638,7.106827670911796,11.042839941703638,3.0,4.557543299175876,4040608.0238739653,-1.920527170259809,4.680334221664316,5.059046653094659,1.0,5.556896107668449,1752442.299679782,8.140181478200626,4.362555855888436,9.235499341875729,5.0,5.674148025619076,1522551.6844179682,2.712657679637675,7.106827670911809,7.60693836118941,3.0,4.557543299175929,4040608.023873979,0.10610040974017679,4.680334221664316,4.681536683977724,1.0,5.55689610766842,1752442.299679782,-0.05878104679933152,4.362555855888433,4.3629518456211835,5.0,5.674148025619056,1522551.6844179663,-0.661551055886045,1.712708879131214,1.836034178385261,0.75,3.0382594131131513,234670.89097908934,0.10247610890368376,3.8331769081745533,3.834546461090108,2.0,2.1395625949987678,1175462.5818463806,-0.4606560250545168,2.133117072133963,2.182290635284035,2.0,2.3739014777697256,364016.997276518,4.0,ACL_3_5,ACL_3,ortho,gait_full,4.0,0.5
9.151839879646507,1.7613227559519453,9.319787070170776,2.0,3.807997073480712,248181.02180263787,-0.20060269454710855,1.4329537953016898,1.4469270957892377,1.0,2.114366183161669,164268.5303272098,-1.3529793968382797,3.138549098603145,3.417754188441803,0.25,0.8403861697912405,788040.3690931699,1.1176431254528851,1.4329537953016884,1.817273434390545,1.0,2.114366183161675,164268.53032720948,0.4981664753534472,1.7613227559519276,1.8304173534470685,2.0,3.8079970734807027,248181.0218026329,-2.259823461838277,3.138549098603145,3.8674659045707624,0.25,0.8403861697912405,788040.3690931699,0.03790621265224339,0.27181970878489803,0.274450059285007,3.0,3.244127496159465,5910.94255774995,-0.04578415477560235,0.7032733947079453,0.7047621276236073,0.5,1.3514575530437176,39567.47766393398,-9.68973561862363e-05,0.38137438814519664,0.38137440045475096,3.0,2.551281157291999,11635.727230839417,9.632092346131486,2.173439666788401,9.874261640729095,2.0,4.987007816664684,377907.3770332003,-0.2840010070195386,1.4622520426275147,1.4895763183390274,5.25,6.276684850586981,171054.60611814575,2.6939888876090503,1.5309834011480687,3.098626518500085,2.0,3.929305903990696,187512.84297451982,-0.06626787386846048,2.1734396667884033,2.1744496812472645,2.0,4.987007816664688,377907.377033201,-0.14771100701953904,1.4622520426275156,1.4696937020219787,5.25,6.276684850586974,171054.60611814598,0.19354067760906696,1.5309834011480723,1.54316822429711,2.0,3.929305903990695,187512.84297452067,-0.05279540760686023,0.293038448006792,0.2977564223901877,1.25,3.25381830507703,6869.74197359029,-0.012186498782739356,0.243770704386943,0.24407512587293295,6.25,6.860373663822464,4753.945223152797,-0.014488838321893818,0.2968499399166466,0.2972033197399293,1.0,3.0938421469535546,7049.60456852602,10.597791018529751,9.376823130848699,14.15054721555492,1.0,3.820139013988249,7033985.038559439,3.4643466771189755,5.4215322573499485,6.4338720780531,1.0,4.786243647700121,2351440.9958635103,7.610984273527711,6.6349872777696115,10.097036089271482,1.0,5.561216589510047,3521844.6605584454,4.9995632335297975,9.376823130848713,10.626403180440802,1.0,3.8201390139882654,7033985.038559458,0.3163265671189872,5.42153225734996,5.430752665565928,1.0,4.786243647700099,2351440.9958635196,-0.3032050164722462,6.634987277769631,6.641911581629102,1.0,5.561216589510052,3521844.6605584663,0.04676167199645638,0.9883834580477451,0.9894890166698784,2.0,4.221421322277456,78152.17701075127,-0.06579727479049985,4.351747833758423,4.3522452240184,2.0,2.329974218327146,1515017.3492477692,0.04947570851604124,2.224273368706281,2.2248235580533464,2.0,3.0819001451577765,395791.4549166339,11.302718391903445,10.009657414381811,15.09783708350177,1.0,4.279967491845082,8015460.4008040875,-1.1522293943198134,6.799040175925196,6.895982880705225,1.0,5.570465338109505,3698172.240877626,7.844390426223615,6.814132324709691,10.390710298034596,1.0,6.257957610000636,3714680.8820203342,5.563316296903493,10.009657414381824,11.451800285225072,1.0,4.279967491845085,8015460.400804108,0.8743981856801808,6.799040175925198,6.8550360685386424,1.0,5.570465338109474,3698172.2408776274,-0.3545720987763423,6.814132324709686,6.823351135027721,1.0,6.257957610000627,3714680.8820203277,-0.14791609549712006,1.5330706938872116,1.540189898604367,2.0,5.567470142510893,188024.49972148938,0.0642305190007059,4.692586993136857,4.693026555191043,2.0,2.218044592610452,1761634.5322709905,0.08960381722976468,2.3990322517429363,2.400705019148527,2.0,3.0350145420872705,460428.5058251032,4.0,ACL_3_5,ACL_3,ortho,gait_full,4.0,0.5
9.256599533373963,1.616356791947292,9.396661332629437,2.0,3.544511488081374,209009.81190959047,-0.5306429188126134,1.3486655271024426,1.4493034917781988,1.0,2.0906871525213298,145511.89653247877,-1.748638451381258,2.8053308592005637,3.305694732311503,0.25,0.8431448142465113,629590.8591651464,0.7876029011873821,1.3486655271024441,1.561799293748494,1.0,2.0906871525213258,145511.8965324791,0.39340682162598717,1.6163567919472872,1.6635438696277256,2.0,3.5445114880813846,209009.81190958925,-2.6554825163812534,2.8053308592005655,3.862831684708706,0.25,0.843144814246506,629590.8591651474,-0.3046809671175736,0.8767323060149385,0.9281648712022944,0.25,1.231450923466922,61493.896512592524,0.11567955647036036,0.6775395791973063,0.6873439031256786,0.5,1.5416210651330655,36724.9828538252,0.04799801554528954,0.3512157658248,0.35448035722757143,3.0,2.578697840780025,9868.252710246716,9.704955819965507,1.9568717744233826,9.90027851168932,2.0,5.334965263696862,306347.8835436321,-0.26913380383857427,1.3565989906052098,1.3830378974126827,5.25,6.165974473651556,147229.08220164911,2.6553136453336204,1.4446352191262124,3.0228565085750856,2.0,3.9551792685539238,166957.87746018005,0.006595599965554802,1.9568717744233883,1.9568828895654042,2.0,5.3349652636968905,306347.8835436339,-0.13284380383857505,1.3565989906052114,1.3630877805663801,5.25,6.165974473651544,147229.0822016494,0.1548654353336322,1.4446352191262173,1.4529123233701782,2.0,3.955179268553945,166957.87746018116,-0.27350099106975756,0.7238953196982106,0.7738392765924422,0.25,1.8029346767621326,41923.07291479038,0.004877246288770524,0.23509010155780494,0.23514068848631955,8.25,6.648378119942244,4421.388819946327,-0.045133482150408216,0.37070466583270767,0.37344207111834715,1.0,2.5550741215366286,10993.824356888672,10.03170334586435,8.88945741919902,13.403638507031532,1.0,3.805273219607296,6321796.795431698,3.5582600777679714,5.108652041911522,6.225716060531839,1.0,4.92657159966542,2087867.6306795767,7.51387186349575,6.048230978919651,9.645691699167896,1.0,5.161627184636665,2926489.0091424393,4.433475560864382,8.889457419199044,9.933688074251913,1.0,3.805273219607314,6321796.795431731,0.41023996776799165,5.108652041911523,5.1250973177571035,1.0,4.926571599665433,2087867.6306795783,-0.4003174265042057,6.048230978919663,6.061464510852675,1.0,5.1616271846366795,2926489.0091424496,0.08645764780642008,0.8851307676311899,0.8893432412019548,2.0,4.619909937451201,62676.853107803116,-0.021217812938272497,4.070958701991071,4.071013995174017,2.0,2.340570241189671,1325816.3857499475,-0.03306109982944355,2.1636000773108837,2.163852659231121,2.0,3.0434686365789894,374493.7551514206,10.266958635464057,9.093994529485299,13.715362777726243,1.0,4.421050518317708,6616111.187171608,-1.2762525180723518,5.959911189060207,6.0950276349965025,1.0,5.3662126619784685,2841644.3378142673,7.777968616393503,6.109156524832155,9.890328065463832,1.0,5.882488183767474,2985743.519387494,4.527556540464106,9.093994529485308,10.158715702755345,1.0,4.421050518317685,6616111.187171623,0.7503750619276437,5.959911189060205,6.0069629693421565,1.0,5.366212661978434,2841644.3378142663,-0.4209939086064592,6.109156524832142,6.123645100426941,1.0,5.882488183767456,2985743.5193874813,-0.3937650981220853,1.6763925235225408,1.722017086274514,1.0,3.8707579972990516,224823.57116089907,0.011425695243240561,4.12501374590902,4.12502956964555,2.0,2.3035029096384876,1361261.1677386675,-0.2571920096963591,2.4255234786565367,2.439121127653516,2.0,3.0150220821336076,470657.0557561085,4.0,ACL_3_5,ACL_3,ortho,gait_full,4.0,0.5
9.216468821867545,0.9675980652828764,9.267121643768128,1.5,3.786351989326731,74900.99378942866,-0.32521106162324576,0.8643783792326817,0.9235324667206001,0.75,1.671373312468049,59772.00507904759,3.3927316924272675,0.9437560663745586,3.521548501670703,0.75,2.346859656923105,71255.2239887863,0.03772510837675197,0.8643783792326825,0.8652012287826206,0.75,1.671373312468047,59772.00507904768,-0.5067762018675878,0.9675980652828915,1.0922765834341286,1.5,3.786351989326772,74900.99378943098,-1.0769499075727045,0.9437560663745561,1.4319555217392865,0.75,2.346859656923109,71255.22398878592,0.06290717378330245,0.10975390389868185,0.1265038811041136,0.75,2.440895515157755,963.6737804624676,0.1862867745835446,0.13849239358474733,0.23212691671922261,0.75,2.8061203499557084,1534.4143009788859,0.04611477985233991,0.07619668347561469,0.0890646253768172,0.75,2.5249173926124877,464.4749123393412,9.858191162568811,1.26576867979002,9.93911984777763,1.5,5.626270603915081,128180.65925670658,0.3620140430434819,1.1356478488956696,1.1919522658487838,0.75,5.081516925080805,103175.8814674921,1.2103580164019638,1.2262652478219533,1.7229895489771065,1.5,2.7010654683890793,120298.87881951904,-0.06864892243113534,1.2657686797900256,1.2676288988849773,1.5,5.626270603915206,128180.65925670767,0.22191377304348023,1.1356478488956674,1.1571265096642414,0.75,5.0815169250808,103175.8814674917,0.1437827614019687,1.2262652478219542,1.2346659226253125,1.5,2.7010654683890736,120298.87881951917,0.027923902092782463,0.2919576396191818,0.2932899719391908,0.75,2.2680947951056236,6819.1443778086405,-0.0029845720436726866,0.21888822814987863,0.21890857473584077,0.75,1.8525997365142683,3832.9983742870727,-0.017620515388327825,0.1500650392891972,0.1510959912751447,0.75,3.4974419788927276,1801.5692884017537,8.079268936458995,4.571511892447352,9.282957908469628,0.75,3.503341945837578,1671908.0359537085,1.7288520069895608,2.6085444105521156,3.129446149703573,0.75,5.638907485814863,544360.938472086,8.217774801831354,4.266986999169494,9.259535665717575,1.5,4.290587344986315,1456576.7911388883,2.4491476464590316,4.5715118924473535,5.186236128151456,0.75,3.5033419458375525,1671908.0359537096,0.4782885519895666,2.6085444105521214,2.6520301432651534,0.75,5.638907485814857,544360.9384720883,-0.1657522731685941,4.266986999169498,4.270205131740404,1.5,4.290587344986355,1456576.7911388918,0.013051098701412528,0.7315249572387391,0.731641369962397,2.25,4.31191820347617,42810.39806312303,0.005258939106361318,2.563822106956008,2.5638275005461795,1.5,1.8343463968393394,525855.5230076242,-0.04958011793343438,0.9887261756553849,0.9899685038022251,1.5,3.4294932123955912,78206.4117037463,7.420829854554097,3.553044611397001,8.22756596696852,0.75,3.3528088591048317,1009930.1345275239,-0.9827968953412932,1.9727398445469233,2.2039946079234185,0.75,4.441287158413453,311336.34399834805,7.965402578653515,2.751436894112295,8.427220373426959,2.5,3.6180111132232624,605632.6957201406,1.5334329145541217,3.5530446113969836,3.869824610239473,0.75,3.352808859104841,1009930.1345275142,-0.5134722803412902,1.97273984454692,2.038469101296826,0.75,4.4412871584134965,311336.34399834706,-0.3665715313464477,2.7514368941122975,2.775748488223673,2.5,3.6180111132232757,605632.695720142,0.047834950469510626,0.5261106246521279,0.5282807699114863,2.5,3.039597648612439,22143.393539496472,-0.028566262477681157,1.9663669389913236,1.9665744252659374,0.75,1.5718931290558618,309328.8847312217,0.03144642930804455,0.8484420705073604,0.8490246315172738,1.5,2.01193979663282,57588.318009887254,4.0,ACL_4_1,ACL_4,ortho,gait_full,4.0,0.5
9.120094817856103,1.1455559520318062,9.19175869602337,1.5,3.0549529543080025,104983.92704723754,-0.25041722417687917,0.8435545597522714,0.8799392487230592,0.75,1.8752042259131707,56927.03955876614,3.8188336993461003,0.9436412189975191,3.933694138269083,0.75,2.04559125277263,71236.72642264234,0.11251894582311933,0.8435545597522713,0.8510257390044054,0.75,1.875204225913178,56927.0395587661,-0.4104021978561441,1.1455559520318228,1.2168518411214608,1.5,3.054952954308063,104983.92704724058,-0.650847900653869,0.9436412189975183,1.14632532030688,0.75,2.04559125277263,71236.72642264221,0.08024591106281573,0.09643940282448826,0.12545901585555838,0.75,2.9275697693833758,744.0449274272529,0.14777123050941668,0.13249394131833,0.19847161271157202,0.75,2.6640650016366627,1404.3737691226559,0.048395453067370794,0.08480912561025718,0.09764582768542887,2.25,2.5644653225689877,575.408238682019,9.976529639970208,1.523023383120655,10.092112954319148,1.5,4.939974026766504,185568.19558317488,0.35135983330451365,1.0540601044172782,1.1110789513729162,0.75,4.9551877168300535,88883.5041190897,1.0702055469931506,1.2534983108595472,1.6482105230044632,1.5,2.8877159021975842,125700.99182698173,0.049689554970258856,1.5230233831206557,1.523833743360945,1.5,4.939974026766544,185568.19558317505,0.21125956330451406,1.054060104417276,1.0750224680497487,0.75,4.955187716830033,88883.50411908934,0.0036302919931566267,1.2534983108595474,1.2535035677443023,1.5,2.88771590219758,125700.99182698183,0.06878458768660703,0.26239602693192926,0.2712618558752378,0.75,3.037656081930085,5508.173311338735,0.001763620890422254,0.2853011157150799,0.28530656667331467,0.75,1.616346131698671,6511.746496284557,-0.009794989706486916,0.15834999514350753,0.15865264821394898,0.75,4.351229287017977,2005.9781312815019,8.356741338104994,4.947351390623521,9.711406261417412,0.75,3.374488752819258,1958104.7214377513,1.697386570471215,2.720234008379559,3.2063677627434997,0.75,5.673255302085603,591974.7339577241,8.440054129835541,4.524435713089814,9.576274444502753,1.5,4.406330287365757,1637642.132578404,2.7266200481050236,4.947351390623522,5.648959432411667,0.75,3.3744887528192486,1958104.7214377513,0.4468231154712224,2.7202340083795584,2.7566871343814348,0.75,5.6732553020856,591974.733957724,0.05652705483558658,4.524435713089816,4.524788816045556,1.5,4.406330287365795,1637642.1325784049,0.0474763107184919,0.7899312295037627,0.7913566499529558,3.25,4.433539703035945,49919.352367270294,-0.11904663369650201,2.7829967023018454,2.7855417329520336,1.5,1.848421478247012,619607.9979599523,0.007682780224145902,1.013502582168622,1.013531701119623,1.5,3.4740503170354757,82175.111963199,8.55445252566003,4.6662435378234175,9.744356662604776,0.75,4.000690676297047,1741923.5583086454,-0.8522849065928501,2.483402543444016,2.6255814127141806,0.75,3.887240432619395,493384.09753158473,7.685001153611865,3.6452968807252133,8.505729367881433,4.75,4.073140822049556,1063075.8255131159,2.66705558566006,4.666243537823423,5.374664105902748,0.75,4.000690676297055,1741923.55830865,-0.382960291592849,2.4834025434440137,2.5127568083125507,0.75,3.8872404326194347,493384.09753158386,-0.64697295638809,3.645296880725215,3.702264625188552,4.75,4.073140822049556,1063075.8255131175,0.07983449617892217,0.6905964932846292,0.6951957014518786,2.25,3.0327010744442555,38153.90089803123,-0.03148262770593016,2.7327429154103933,2.7329242575623947,1.5,1.5802129409953245,597430.7499929933,-0.019768665348735955,0.9691527689054829,0.9693543674048385,1.5,1.9316760380760056,75140.57341069261,4.0,ACL_4_1,ACL_4,ortho,gait_full,4.0,0.5
9.13745471187548,1.159541628955635,9.210733705892082,1.5,3.1811543845026957,107565.63118176367,-0.25000476894444806,0.8171247189547048,0.8545145936856621,0.75,1.5558967314459446,53415.440822487195,3.714357868835718,0.9788554919439874,3.841173317085644,0.75,2.178078624311009,76653.19423055257,0.11293140105554939,0.8171247189547046,0.8248916945097546,0.75,1.5558967314459455,53415.44082248719,-0.4277620918755247,1.1595416289556324,1.2359276663813326,1.5,3.1811543845027845,107565.63118176318,-0.7553237311642539,0.9788554919439867,1.23639476421117,0.75,2.1780786243110035,76653.19423055249,0.057152515061274736,0.15323868831820128,0.16354970368457433,0.75,1.5353431065012753,1878.5678721417294,0.13796048848359532,0.13987345492266404,0.1964629221370658,0.75,2.274879000698553,1565.16923388218,0.042832759174988924,0.10968662790079095,0.11775313838190968,0.75,2.0557814688585316,962.4933509932496,9.978948841321099,1.6422169723755382,10.113174405796727,1.5,5.822288571598378,215759.0335171541,0.30450882512709837,1.1703767879588471,1.2093417425910484,0.75,5.662650166873868,109582.70592530674,1.088348203402009,1.3093616948283167,1.7026244035993559,1.5,2.796223464114934,137154.3419091199,0.05210875632115194,1.642216972375539,1.6430434890299221,1.5,5.822288571598384,215759.03351715437,0.16440855512709818,1.1703767879588463,1.1818680124243344,0.75,5.662650166873855,109582.70592530661,0.021772948402015747,1.309361694828314,1.309542709943357,1.5,2.796223464114922,137154.34190911934,0.008328779292232823,0.26245517010014724,0.2625872900138085,0.75,3.0435702665802467,5510.618958484356,-0.031724251809421095,0.3169395938350801,0.31852336538033293,0.75,1.465860829834001,8036.063602460775,-0.021457800368258128,0.17628318416586392,0.17758434113485322,0.75,4.660986174536038,2486.062687820182,8.40817074155319,4.934501427694034,9.749186610124232,0.75,3.2065776173142817,1947954.277989163,1.6764089370705102,2.7317079969750364,3.2050858810689054,4.0,5.82367348809111,596979.2503992423,8.532420923531335,4.273444274530679,9.542773851655209,1.5,4.316946171633545,1460988.7646021743,2.7780494515532075,4.934501427694021,5.662761084063976,0.75,3.206577617314286,1947954.2779891528,0.4258454820705124,2.73170799697503,2.764701241605899,4.0,5.823673488091144,596979.2503992396,0.14889384853138654,4.273444274530679,4.276037341470433,1.5,4.316946171633553,1460988.7646021745,-0.043656511234097,0.8109594144262808,0.8121336483730675,2.25,4.56979125104517,52612.45990866363,-0.05563331453203322,2.8013084111466817,2.801860788841403,1.5,1.7102000198936103,627786.8623651501,-0.034739376466813965,1.0157713185565107,1.016365188246496,1.5,3.1133194075774364,82543.3375019027,8.67263462541964,4.778922377535986,9.902155847922302,0.75,3.7283577760549127,1827052.3121291825,-1.0273752889260883,2.5727012769192785,2.770251224087456,0.75,3.4097868448308124,529506.1540856138,7.768684648657515,3.5591244223779266,8.545164002185912,4.75,3.7711302474660164,1013390.0723357856,2.78523768541967,4.778922377535991,5.53133329811142,0.75,3.7283577760549114,1827052.312129186,-0.5580506739260959,2.5727012769192825,2.6325296607885496,0.75,3.409786844830821,529506.1540856154,-0.5632894613424362,3.559124422377922,3.6034236041889978,4.75,3.7711302474660235,1013390.0723357829,-0.03385952199773997,0.7341614921454956,0.7349418778238291,2.25,3.0361201463600422,43119.47473233825,-0.19558980924049954,2.97685267938114,2.9832712327606763,0.75,1.5760277565210212,708934.9415426768,-0.05796507106060738,1.024206210946323,1.0258451696060595,1.5,1.9603282310797294,83919.87067124202,4.0,ACL_4_1,ACL_4,ortho,gait_full,4.0,0.5
9.23909995873606,1.1088793828858636,9.305406038067655,1.5,2.8392622036304136,98369.08070370529,0.07407618407160889,1.481844419634462,1.4836947681542878,0.75,1.1276071905634886,175669.9695271066,2.1730892775386126,2.325875994659448,3.1830828061309315,0.25,0.7360387369769892,432778.3896850503,0.4370123540716056,1.4818444196344585,1.5449409961590739,0.75,1.1276071905634981,175669.96952710583,-0.5294073387360999,1.1088793828858425,1.2287740297129195,1.5,2.8392622036303785,98369.08070370152,-2.2965923224613594,2.3258759946594445,3.2686442813682746,0.25,0.7360387369769805,432778.3896850491,0.5922668461311228,0.7985673250900008,0.9942282382468858,0.25,0.5876716262446339,51016.78812809382,0.09354097126733613,0.28160973108295895,0.2967388649069297,0.75,1.3334085760162881,6344.338790411139,0.02367007352560722,0.15655464505777514,0.1583339169915076,0.75,1.6000165326774425,1960.751021988524,9.874717046743497,1.5261571278422401,9.99195638161568,1.5,5.243674709449309,186332.45827243663,0.23615870122370786,1.2598558619120144,1.28179862886404,0.75,4.944356616565477,126979.89672594616,1.0510321861895893,1.1437629710747301,1.5533391099203553,1.5,2.8830813191482236,104655.49937597262,-0.05212303825643775,1.5261571278422463,1.5270469508108704,1.5,5.243674709449355,186332.45827243812,0.09605843122370762,1.2598558619120137,1.2635125701801397,0.75,4.94435661656546,126979.89672594602,-0.015543068810404766,1.1437629710747264,1.1438685767996821,1.5,2.883081319148221,104655.49937597192,0.6383799971185629,1.0452194064844198,1.2247500269086502,0.25,0.752457875393327,87399.30484657404,0.01062877601234434,0.2937039722328174,0.29389623030051976,0.75,1.4109482020196489,6900.966440154705,0.050327332089862835,0.24600083015339955,0.25109609473555156,0.25,2.873077631299745,4841.324159790202,7.8230571084319935,4.656412317853881,9.10397705377434,0.75,3.1956429994049858,1734577.6988133094,1.4995669801407143,2.950072043249956,3.3093241286240476,1.5,4.713626029618561,696234.3120500429,8.315469542474375,3.6346519378674897,9.075115890238697,1.5,4.206100952035255,1056856.027121869,2.1929358184320176,4.656412317853867,5.146954747967318,0.75,3.1956429994049818,1734577.6988132987,0.24900352514071614,2.9500720432499525,2.9605620776969785,1.5,4.713626029618597,696234.312050041,-0.06805753252557314,3.63465193786749,3.6352890582699704,1.5,4.20610095203526,1056856.027121869,0.27974566943077905,0.9843461849928907,1.0233254865756705,0.75,3.2786980184705823,77515.15816512518,0.20445076971176568,2.492361871378795,2.5007334554363334,1.5,1.9076434061161338,496953.4058083307,0.24643120155522008,1.2555612657324664,1.2795164825463026,1.0,2.4698038037485377,126115.19425213196,8.266448014825636,4.120823084395099,9.236630645137772,0.75,3.6747651566806137,1358494.6314424216,-1.4057463746233176,2.6956938342568137,3.040211854101093,0.75,3.0891662216260007,581341.2283709872,7.488219584053756,3.0905431716308556,8.100919061114013,0.75,3.429920186276729,764116.578751157,2.379051074825667,4.120823084395088,4.758263013906714,0.75,3.6747651566806128,1358494.6314424146,-0.9364217596233252,2.6956938342568213,2.8537082822086575,0.75,3.0891662216259945,581341.2283709901,-0.8437545259461959,3.0905431716308582,3.2036508542237887,0.75,3.4299201862767243,764116.5787511584,0.48114432411105823,1.282870995035986,1.3701305961582304,0.25,1.1967454881346002,131660.63993529428,0.004834637192046038,2.50475531684034,2.5047599827042775,1.5,1.5341886646588743,501903.95589249674,0.36238000633162365,1.2663422110071016,1.3171719190626796,0.75,1.4661159755496531,128289.81230908581,4.0,ACL_4_1,ACL_4,ortho,gait_full,4.0,0.5
9.411719142502266,0.8707330948178672,9.451911623568785,0.75,2.5930760403177984,60654.10082597161,0.47026154843917495,1.5603101142332114,1.6296360257796425,0.25,1.430717083943218,194765.8322071891,1.1654476603408106,2.3829819296599877,2.6527101473926447,0.25,0.5298376893498818,454288.3708959285,0.8331977184391718,1.5603101142332079,1.7688374969427485,0.25,1.4307170839432155,194765.83220718818,-0.7020265225023041,0.8707330948178545,1.1184888737523306,0.75,2.5930760403177504,60654.10082596985,-3.304233939659158,2.3829819296599872,4.073888167964545,0.25,0.5298376893498827,454288.37089592835,0.8324306923691664,0.9058466590603752,1.2302434829451663,0.25,0.9563530344254937,65644.65750998411,0.20160322154188448,0.3483653993372138,0.4024951060465736,0.25,1.0199912005976344,9708.68212592963,0.054456957913243446,0.1811392083664484,0.18914801895020836,0.75,1.5645078505685412,2624.913206326262,9.866077211438027,0.9250919251404657,9.909352885633695,3.25,4.601694978264028,68463.63396207882,0.12664008448467784,1.0193495639163352,1.027186080734503,0.75,2.430397664874471,83126.27539544538,1.1810787046817586,0.874705917672375,1.4697133560881224,1.5,1.7876996315202565,61208.84619978171,-0.06076287356190677,0.9250919251404651,0.9270853233460189,3.25,4.601694978264078,68463.63396207875,-0.01346018551532138,1.0193495639163366,1.019438428768767,0.75,2.4303976648744716,83126.2753954456,0.11450344968176497,0.8747059176723747,0.8821686246971696,1.5,1.7876996315202678,61208.846199781656,0.8218237954036249,0.9706115503378415,1.2718023165338423,0.25,0.39865178858579997,75366.9460444481,0.039895752168986665,0.1853466703371763,0.18959182273032532,0.75,1.5379733462261327,2748.2951086335042,0.0725067391365171,0.21728570647266193,0.2290639767783986,0.25,1.7605057355458114,3777.0481566813605,6.174118555030368,2.579524314352759,6.691314192287442,1.75,3.701245149625394,532320.223524052,1.177679925204059,2.2178040796671463,2.5110923802235705,1.0,3.672160281970995,393492.5732039477,8.35498061647943,1.447889096238429,8.479509651905182,1.5,3.5350778319343523,167711.0703847373,0.5439972650304002,2.579524314352758,2.636262261744385,1.75,3.7012451496253767,532320.2235240516,-0.0728835297959337,2.217804079667145,2.2190013395002146,1.0,3.6721602819710077,393492.5732039473,-0.028546458520524336,1.447889096238426,1.4481704786730705,1.5,3.5350778319343323,167711.0703847366,0.5062602648004838,0.9189947280144032,1.0492143564754168,0.75,1.8340006114657463,67564.12901559462,-0.06809142689530776,1.5014530240563702,1.5029962161844113,1.5,1.8112827385817212,180351.66273781445,0.6627800095500084,1.3251063913548493,1.481615432380677,0.75,1.5001311695238182,140472.71090861948,7.374967696078295,3.2697327638441696,8.067298238267531,0.75,3.8002542861564197,855299.566964554,-1.1919085335896746,2.5003101496753186,2.769873065144557,1.25,3.6175980591688903,500131.46165147924,7.62409428614781,2.5514600064664648,8.039699114312024,0.75,3.068483664455678,520795.8713865001,1.4875707560783247,3.2697327638441687,3.592216460807375,0.75,3.8002542861564685,855299.5669645536,-0.722583918589679,2.5003101496753266,2.6026291253219065,1.25,3.6175980591689045,500131.46165148244,-0.7078798238521392,2.5514600064664723,2.6478372324625292,0.75,3.0684836644556563,520795.8713865032,0.6363821735914597,1.1526873810092237,1.3166892075212335,0.25,1.1221098074838671,106295.10049477118,0.3097951636910198,1.566976902404294,1.5973070012101314,1.5,1.429455179852823,196433.37670545324,0.5509550788122114,1.1219926724644371,1.2499676219538087,1.25,1.5476696329531887,100709.43582150314,4.0,ACL_4_1,ACL_4,ortho,gait_full,4.0,0.5
9.404778995126897,0.9002950212187703,9.447772175090346,1.5,2.7882421254702936,64842.794563364005,0.06673959888461578,1.1512087873965937,1.1531417285999215,1.5,1.964728921386834,106022.81645755171,2.3491235515580553,1.9044819661298824,3.024141699689132,0.25,1.0230367873133894,290166.54962164944,0.42967576888461323,1.1512087873965933,1.2287810783641315,1.5,1.9647289213868306,106022.81645755161,-0.6950863751269399,0.9002950212187768,1.1373988720402473,1.5,2.7882421254702763,64842.79456336497,-2.120558048441918,1.9044819661298793,2.8502312180112206,0.25,1.023036787313393,290166.5496216484,0.3078771576752242,0.6785479974285942,0.7451279950669754,0.25,1.1570940246558858,36834.202338529525,0.26732155246789185,0.23615421747053336,0.3566926223556689,0.75,1.297578568477529,4461.505216299948,0.06747185401743319,0.13311077037463726,0.14923447414816465,1.0,1.962162727123587,1417.481377298863,9.888317978131553,0.9650055183166844,9.935294061426733,1.5,4.615280850759041,74498.85203681797,0.31332186524920436,1.0493795668691974,1.0951566402144604,1.0,4.487423602507454,88096.38709581332,1.3386284759889497,1.076565993860839,1.7178243611807567,1.5,2.944675817041535,92719.60007711484,-0.03852210686838831,0.9650055183166772,0.9657740952723978,1.5,4.61528085075901,74498.85203681688,0.17322159524920394,1.0493795668691994,1.063580366696973,1.0,4.487423602507441,88096.38709581362,0.2720532209889579,1.0765659938608418,1.110408615865371,1.5,2.944675817041545,92719.60007711535,0.15190891686323277,0.40988312242122776,0.43712754782595864,0.75,2.0061683393082315,13440.784403392692,-0.04479969035564805,0.24460709649732235,0.24867578071218013,0.75,1.526468634413748,4786.6233045556755,0.00972507234861546,0.1445572742724647,0.14488403147783535,0.25,3.1526017939325572,1671.7532633887095,7.2934662237213415,4.378854579243214,8.506998118180308,0.75,3.3970874294148095,1533949.6114193609,1.454123977805655,2.240012412207934,2.670605202884722,4.0,5.307102464249213,401412.49387533986,8.418387833193073,3.5902227198049164,9.151991744306622,1.75,4.326443675429206,1031175.9791915744,1.6633449337213784,4.378854579243232,4.684131060794093,0.75,3.3970874294148086,1533949.6114193734,0.2035605228056597,2.240012412207936,2.2492426488243833,4.0,5.307102464249263,401412.4938753405,0.034860758193131586,3.590222719804914,3.5903919633189343,1.75,4.326443675429179,1031175.979191573,0.14497701164834328,0.8502965045678779,0.8625673768389546,1.5,2.3760452768438154,57840.76803023666,0.016167241161580713,2.195038931909606,2.1950984698381166,1.5,1.8168813324886652,385455.84829142364,0.25827901328695096,1.2919893949768464,1.3175525209406715,0.75,1.810052068161339,133539.95916885967,7.238574581650376,3.6019804456924907,8.085247374401478,1.0,3.5645019722329856,1037941.1710470675,-1.0507485648445758,2.424193603218039,2.642117933099542,0.75,3.830423474071277,470138.01094858965,8.129727081050376,2.643739078290238,8.548790483246316,4.0,4.077446878731769,559149.8808624257,1.3511776416504073,3.6019804456924978,3.847069553627421,1.0,3.5645019722329976,1037941.1710470717,-0.5814239498445791,2.4241936032180447,2.492943728874793,0.75,3.830423474071297,470138.0109485919,-0.2022470289495734,2.6437390782902446,2.6514637796503804,4.0,4.077446878731754,559149.8808624283,0.05186499124457462,0.5890338731460262,0.5913128453113535,2.25,3.1532030600092247,27756.880607974406,-0.16893231041664603,2.234758536396266,2.241134498752515,1.5,1.9209432288613157,399534.21536839585,0.05156789526393343,0.8784696476913145,0.8799819144373673,1.5,2.329011604205747,61736.86418526,4.0,ACL_4_1,ACL_4,ortho,gait_full,4.0,0.5
9.224146998835314,1.08701831872626,9.287975919508458,1.5,2.7221078983243205,94528.7707590677,-0.144183495147254,0.905235884121164,0.9166465437525544,0.75,1.5269587767555304,65556.17559773794,3.2845904201449914,1.0299094508945235,3.442273624386956,0.75,1.7062407762272074,84857.0849667419,0.21875267485274313,0.9052358841211627,0.9312919728290656,0.75,1.5269587767555353,65556.17559773776,-0.5144543788353598,1.0870183187262719,1.202610549242508,1.5,2.7221078983243463,94528.77075906972,-1.1850911798549795,1.0299094508945208,1.5700810748531173,0.75,1.7062407762271996,84857.08496674144,0.04769511161024107,0.09236396509883901,0.10395155467953764,0.75,2.569298387818307,682.4925764282157,0.1408423243769478,0.17070355076539048,0.22130581234981972,0.75,2.1598678816632857,2331.177584240183,0.029265684167353218,0.07339401256961958,0.07901367825163404,0.75,2.9942020796075157,430.93522726143846,9.885626869856223,1.3171888169988848,9.972993782693855,1.5,4.444537186004916,138798.92885176817,0.44004204000355635,1.1032879260570856,1.1878052217235942,0.75,5.411582904302192,97379.54381823738,1.0134002704670193,1.3808613611043472,1.7128217089859579,1.5,3.050302329334262,152543.1818321652,-0.041213215143720054,1.3171888169988781,1.3178334146353199,1.5,4.4445371860048635,138798.92885176683,0.29994177000355726,1.1032879260570863,1.143332547064157,0.75,5.41158290430218,97379.54381823748,-0.05317498453297297,1.3808613611043483,1.3818848278966795,1.5,3.050302329334268,152543.18183216546,-0.019631301963354383,0.2757381477453384,0.2764360941317296,0.75,2.6439545615723024,6082.5752995720095,-0.005280162023487325,0.297530570280958,0.29757741910754304,0.75,1.463910081225507,7081.956579308833,-0.02797311960006895,0.15143015911005875,0.1539921702823149,7.25,4.67806717019752,1834.4937106948908,8.586478886543514,5.192672579745395,10.034513849185583,0.75,3.7078260660316245,2157109.9983693655,2.0189829760847493,2.731551469152543,3.396713954154728,0.75,4.9825243174475125,596911.0303251285,8.30385341473916,4.527605014586644,9.457969586628272,4.0,4.508324169855186,1639936.672730433,2.956357596543544,5.192672579745398,5.9752739484546185,0.75,3.707826066031635,2157109.9983693687,0.7684195210847542,2.731551469152548,2.8375767811662054,0.75,4.982524317447565,596911.0303251304,-0.07967366026078725,4.527605014586637,4.528305981296915,4.0,4.508324169855175,1639936.6727304282,-0.04246865880314776,0.7814589383945718,0.7826120746431846,2.5,3.7997326983255792,48854.256303422015,0.15856254880880766,2.908919416861919,2.9132377616118172,0.75,2.1178329310024573,676957.8599924564,-0.11362375338734998,0.8872736132032404,0.8945193245651893,0.75,3.0500484205713154,62981.22399658823,8.69100846756907,4.733144156369803,9.896276157643081,0.75,3.2618545524200955,1792212.3902871227,-0.8921269391637034,2.7217542141014626,2.8642340123601406,0.75,3.148147870944935,592635.6822970337,7.72343371853068,3.701785035791497,8.564732386697584,3.25,3.84636112725014,1096257.0270779568,2.803611527569109,4.733144156369796,5.501171802670404,0.75,3.261854552420086,1792212.3902871185,-0.4228023241637034,2.721754214101464,2.7543979028632206,0.75,3.1481478709449346,592635.6822970342,-0.6085403914692676,3.7017850357914894,3.7514708927645124,3.25,3.8463611272501113,1096257.0270779522,-0.049254173741714445,0.8730524542141055,0.8744407135079266,2.5,3.1375126003528826,60977.64881598427,-0.006458002299538812,3.0055235683274515,3.0055305065105355,0.75,1.6242573826574112,722653.8198743765,-0.035855709754084114,0.9661698667029642,0.9668349617420715,1.75,2.0930728090829573,74678.73690601852,4.0,ACL_4_1,ACL_4,ortho,gait_full,4.0,0.5
9.258329823502415,1.1182999211900755,9.325624152542714,1.5,2.764419251732542,100047.72139157304,0.11084518884513826,0.8297567288858666,0.8371277590795134,0.75,1.7068044044368242,55079.79572402113,3.1281239522129987,0.9694980924961843,3.2749177106856306,0.75,1.8137993749989911,75194.22488557165,0.47378135884513484,0.8297567288858644,0.9554920225310687,0.75,1.7068044044368291,55079.795724020834,-0.5486372035024697,1.1182999211900733,1.2456313639278414,1.5,2.7644192517325754,100047.72139157262,-1.3415576477869695,0.9694980924961859,1.655204964253506,0.75,1.8137993749989862,75194.22488557191,0.019443410893602228,0.09693088689687807,0.09886173709677985,0.25,2.3952785284842752,751.6510602804335,0.12548778369160044,0.13997326182418557,0.18798855784736448,0.75,2.8915388829555777,1567.4180678770465,0.020109412834689765,0.08441767095044694,0.08677978827615287,0.75,2.9022646217718444,570.1074949877944,9.895236105821986,1.4115799028988236,9.995411717994958,1.5,4.800611443466315,159404.65499778037,0.23087630217594168,1.1148725937126054,1.1385274555837066,0.75,4.444263790286138,99435.3291403745,0.874095358517317,1.2928408808611196,1.5606025243498975,1.5,2.8148634057072695,133715.1599647458,-0.031603979177958236,1.4115799028988292,1.4119336506251805,1.5,4.80061144346633,159404.65499778162,0.09077603217594325,1.1148725937126067,1.1185621074527257,0.75,4.444263790286155,99435.32914037473,-0.1924798964826774,1.2928408808611203,1.307090683072808,1.5,2.8148634057072837,133715.15996474598,-0.057226217828257916,0.3074716032165711,0.31275170150056064,0.75,2.1154761895160146,7563.104211359359,0.006356958137038538,0.28025663385299465,0.2803287208535144,0.75,1.5754697872730714,6283.502689371098,-0.023939894404606345,0.15978910509617203,0.1615725120543071,0.75,4.643931925886846,2042.6046538417618,8.535067559016149,4.866422325651966,9.824939922898958,0.75,3.364521464817797,1894565.3995256014,2.4153397936279206,2.5631651166576295,3.521886104622506,0.75,4.74526220026132,525585.2758676376,7.980033374899194,4.317538359653146,9.073151059669481,1.5,4.421364024935295,1491291.0514483973,2.904946269016159,4.866422325651952,5.667519658322735,0.75,3.3645214648178032,1894565.39952559,1.164776338627924,2.5631651166576273,2.8154074899165096,0.75,4.745262200261342,525585.2758676367,-0.40349370010077124,4.31753835965315,4.336351537075543,1.5,4.421364024935288,1491291.0514483997,-0.05013272426399866,0.775063745324418,0.7766833971177988,2.25,3.526121512613975,48057.916653868575,-0.013397674169236451,2.7202778415679636,2.720310833893584,1.5,1.7034182771148016,591992.952611359,-0.037097133939350324,0.8960132500454994,0.8967808771397908,1.5,3.4720045331641947,64227.18453195169,8.742820261774465,4.351053676305943,9.765683500082808,0.75,3.4453742834001124,1514553.71663901,-0.6630039905916264,2.3245541789184174,2.417255969538083,0.75,3.0332945304910885,432286.55080939457,7.64025169429,3.4210446377254975,8.371200174730717,0.75,3.6897981662679347,936283.7952596609,2.8554233217745137,4.351053676305939,5.204335734810853,0.75,3.4453742834001106,1514553.7166390065,-0.19367937559162773,2.3245541789184196,2.3326088037338475,0.75,3.033294530491079,432286.55080939556,-0.6917224157099515,3.4210446377254855,3.4902759652649116,0.75,3.6897981662679116,936283.7952596543,-0.08824186964360518,0.8812371652669546,0.885644154842077,2.25,2.9830269517878696,62126.407510435834,0.18514990944195084,2.897887317268174,2.9037960314991302,0.75,1.4712294955951444,671820.2498809237,0.02579391935679066,0.9483650196641032,0.9487157302365549,1.5,1.8475800815649284,71951.69848421733,4.0,ACL_4_1,ACL_4,ortho,gait_full,4.0,0.5
9.472969175575374,1.0087609623311984,9.526528417032333,1.5,2.97028634578364,81408.18573853532,0.1295155633422414,0.8626978831400088,0.8723657023990056,0.75,1.4154432488751136,59539.828692650146,2.4304971934284705,1.0812298302716343,2.6601455887099297,0.75,1.8467204568848796,93526.23866251233,0.49245173334223835,0.8626978831400068,0.993356102938933,0.75,1.4154432488751099,59539.8286926499,-0.7632765555754263,1.00876096233119,1.2649860787433334,1.5,2.9702863457836273,81408.18573853395,-2.0391844065715024,1.0812298302716377,2.3081011654330936,0.75,1.846720456884879,93526.23866251291,0.041049923581590715,0.11274498437652988,0.1199855313282331,0.75,2.167124216249123,1016.9271857806613,0.07967009816834145,0.1661534631812969,0.1842669201709622,0.75,2.3676211129745823,2208.5751320252643,0.03259501507724973,0.08767263259956776,0.09353569112817271,0.75,2.256028877792742,614.9192533709771,9.948568238563718,1.2188800372909345,10.022957574621634,1.5,5.030907507116412,118853.49471396644,0.15886168601961884,1.1163704806505748,1.1276169940866407,0.75,4.101946696736113,99702.64476869481,0.8931700490970393,1.162414290871379,1.4659330544830549,1.5,2.689925328601014,108096.71974161199,0.02172815356377505,1.2188800372909405,1.2190736884879667,1.5,5.0309075071164795,118853.49471396762,0.018761416019619705,1.1163704806505756,1.1165281191260068,0.75,4.101946696736138,99702.64476869501,-0.1734052059029542,1.1624142908713817,1.1752771371282025,1.5,2.6899253286010256,108096.71974161251,0.009336376747573719,0.29491414869335086,0.29506189694756674,0.75,2.3480386468516445,6957.997473048696,-0.0076678864525407155,0.26360881300572425,0.26372031165030874,0.75,1.6091978598873644,5559.171774974806,-0.025998947490416206,0.1457926948133855,0.14809272477592672,0.75,4.354166484094104,1700.4437046057458,8.04156284588254,4.605122020415798,9.266816164530134,0.75,3.832283353714595,1696585.9710423895,2.093171327901836,2.4744560578670205,3.2410336299188764,6.75,5.476656203511996,489837.718586865,7.972496015835918,3.9323994966770837,8.889570210307456,1.5,4.294351742967724,1237103.0250159632,2.411441555882563,4.605122020415796,5.19828810286192,0.75,3.832283353714599,1696585.9710423884,0.8426078729018427,2.4744560578670187,2.613985617747533,6.75,5.476656203511996,489837.7185868642,-0.4110310591640454,3.9323994966770934,3.9538224964031676,1.5,4.294351742967721,1237103.02501597,-0.006274767448917631,0.6754686447855325,0.6754977888897504,2.25,3.4230415660494717,36500.74606383109,-0.15653769748067245,2.4081447548738737,2.41322713625533,1.5,1.8177051884220612,463932.97075753775,-0.008553606087983081,1.0197557198526999,1.019791592605767,1.5,3.3019897612513676,83192.14083702741,8.15693198924192,3.729123060821022,8.968940755733941,0.75,3.864330303689239,1112508.7919811339,-0.7037591754678058,1.9184465184169437,2.043456390795071,0.75,2.8700682167882414,294434.9667601768,7.566586918789749,2.8344835951496985,8.080070225608988,2.25,3.1690028573546063,642743.7906446002,2.2695350492419646,3.729123060821032,4.365449363179574,0.75,3.8643303036892607,1112508.79198114,-0.23443456046781136,1.9184465184169432,1.932717415238924,0.75,2.8700682167882445,294434.9667601767,-0.7653871912102068,2.8344835951496963,2.9360032022532603,2.25,3.1690028573546174,642743.7906445992,-0.05447323282225138,0.7002145780662379,0.7023302559555488,2.25,2.8465422452336493,39224.03831584181,0.0303005282484178,2.533244781572805,2.5334259897178724,1.5,1.49402102972569,513386.3863449201,-0.002729086114213738,0.8406393067448281,0.8406437366420118,1.5,1.843901276892431,56533.95559216319,4.0,ACL_4_1,ACL_4,ortho,gait_full,4.0,0.5
9.005491765871252,0.8132685731495716,9.04213955417896,1.5,3.1264835325466187,52912.46376749708,-0.30561463768879593,0.8666719194549765,0.9189779772885894,0.75,1.4430499329578195,60089.62157567504,4.060465554709334,0.7588717739919423,4.130770738051515,0.75,2.2036378364887796,46070.911931635215,0.045879737311202255,0.8666719194549753,0.8678854568821374,0.75,1.4430499329578237,60089.62157567489,-0.03565047087130708,0.8132685731495662,0.8140495858030254,1.5,3.1264835325465588,52912.463767496374,0.1464084897093554,0.7588717739919406,0.7728659749404481,0.75,2.203637836488778,46070.911931635,0.013998182564115273,0.08086475912201985,0.08206740146343487,0.75,2.708950311953926,523.1287581050477,-0.01850851195071084,0.12025843507664542,0.12167438605439251,2.25,2.994457025755816,1156.9697655794164,0.0025255546524006983,0.07274367313279836,0.07278750172353543,0.75,3.1364070437722558,423.335397092391,9.954536015198038,1.1621293584988608,10.022142082596902,1.5,5.241018256152011,108043.61665877668,0.2098565465288572,1.1780047841601362,1.196551311739362,0.75,5.29384809588966,111015.67683592647,0.8954915823825391,1.15357774113376,1.4603584419440494,1.5,3.1298497801406713,106459.6379833815,-0.007014594801898686,1.1621293584988368,1.1621505282987883,1.5,5.241018256151877,108043.61665877221,-0.09091245847114075,1.1780047841601382,1.1815076582948756,0.75,5.293848095889653,111015.67683592682,0.2910905223825403,1.1535777411337576,1.1897374908189633,1.5,3.1298497801406695,106459.63798338108,0.03168472022348655,0.3251323887825364,0.3266726063371079,2.25,2.5079514314290083,8456.894577821859,-0.02799218248809713,0.2582797070797777,0.25979216572033637,0.75,1.8568591195336022,5336.69090528791,-0.001229883028322891,0.15788443222632093,0.15788922240511252,0.75,4.295125873404361,1994.205336707665,8.013160585030471,4.876621568608936,9.380414728833037,0.75,3.421085993242539,1902515.0548077705,1.3470198456437084,2.609348419947418,2.9365220314583182,7.25,6.726922627214818,544695.9395811391,8.524442001714517,4.00620688357212,9.41890678553383,1.5,3.8671062501131717,1283975.5261616507,2.7344635650304987,4.876621568608936,5.590950626852394,0.75,3.421085993242528,1902515.0548077703,0.05709231064371892,2.6093484199474126,2.6099729325448373,7.25,6.726922627214807,544695.9395811368,-0.11681008328543896,4.006206883572132,4.007909453759888,1.5,3.8671062501131788,1283975.5261616579,-0.048566950016355095,0.7530471985024871,0.7546117092958042,1.5,4.456462711774575,45366.43226499726,0.027549250180699546,2.710944329591288,2.711084306938587,1.5,1.7497043306844344,587937.5392872777,-0.04431782701663249,1.014397493091722,1.0153651283071752,1.5,2.8665217578996685,82320.1985349319,7.696497979766985,4.121497562849114,8.730568327040826,0.75,4.451379262765423,1358953.458673696,-1.010824618041976,2.3303058115867095,2.5400967666517156,0.75,4.334187169450052,434427.47453948605,7.972217591707281,3.043498002269654,8.533412765086803,2.25,4.0155791809822,741031.5611512538,2.0252343447670165,4.121497562849094,4.59220168457298,0.75,4.4513792627654105,1358953.4586736832,-0.5087250830419755,2.3303058115866975,2.3851889622482325,0.75,4.334187169450053,434427.4745394815,-0.5190483982926694,3.043498002269641,3.0874409030116645,2.25,4.015579180982202,741031.5611512472,0.009923642949278619,0.5643148400903726,0.564402088440154,2.25,3.536427426738623,25476.15105149675,-0.2272666307288881,2.4980535014327283,2.508370271204627,1.5,1.6378350028554922,499221.71094578604,-0.013716474639954974,0.9683336367326048,0.9684307789947306,1.5,2.2999952605711327,75013.71098512695,4.0,ACL_4_2,ACL_4,ortho,gait_full,4.0,0.5
8.815386579990564,1.052798573231498,8.878030490512861,1.75,3.0112092199554295,88671.14233439168,-0.39333062189817836,0.8444658665124964,0.9315747838083152,0.75,1.9404077745121313,57050.02483674385,4.334677813560506,0.8302121443513805,4.413466206056437,0.75,2.512203036650468,55140.719211651056,-0.04183624689817859,0.8444658665124956,0.8455015501223078,0.75,1.9404077745121298,57050.02483674374,0.1544547150093743,1.0527985732314937,1.0640681814559139,1.75,3.01120921995537,88671.14233439094,0.420620748560528,0.8302121443513788,0.9306847042624767,0.75,2.512203036650493,55140.71921165083,0.024254691494891106,0.08378589952516388,0.0872259538139492,4.0,3.353014346620313,561.6083889237023,-0.0356194619636781,0.1355566708555609,0.1401583286288217,0.75,3.104304683899236,1470.050557755513,0.006376192201617987,0.0827437948798592,0.08298910421321697,1.25,2.953389472379489,547.7232856451105,9.90440340785233,1.305843960167389,9.990116881887944,3.25,5.097728229082048,136418.9943406248,0.3499139306389901,1.1002563407237274,1.1545578262512428,0.75,5.581316757036908,96845.46204676002,1.0070662375400723,1.272741044721683,1.622976331839857,1.5,3.0640624311621933,129589.58721103676,-0.05714720214760339,1.3058439601673686,1.3070938187516974,3.25,5.097728229082035,136418.99434062053,0.04914492563899195,1.100256340723728,1.1013533670075333,0.75,5.5813167570369115,96845.46204676015,0.4026651775400735,1.2727410447216827,1.3349191032128573,1.5,3.0640624311622005,129589.58721103673,0.03965736338961667,0.2975628325501815,0.30019384701606305,0.75,2.6847212173250137,7083.5191181127175,0.012587863505755817,0.26739269095729834,0.2676888221144559,0.75,2.0582996043267006,5719.925737721813,-0.002789019298107438,0.15348485496121814,0.15351019292252677,7.25,4.547371861635817,1884.6109785632698,8.254664169460217,5.02606250495,9.664408148160682,0.75,3.6892567219602093,2020905.256887568,1.299651490531143,2.8860186221679998,3.165153627288935,7.25,6.441687036512413,666328.7028745696,8.779270730173934,4.296538549043782,9.774243605369573,4.0,3.820591583792337,1476820.2641968313,2.975967149460254,5.026062504950018,5.841034564041806,0.75,3.689256721960197,2020905.2568875833,0.009723955531156108,2.8860186221679967,2.886035003739843,7.25,6.441687036512398,666328.7028745679,0.13801864517397017,4.296538549043792,4.298754778983675,4.0,3.820591583792326,1476820.2641968376,-0.021568002782358545,0.8835461509194861,0.8838093570157871,3.25,4.232273869914572,62452.34683340894,-0.07600020204336662,2.997874221706985,2.9988374213828086,0.75,2.1784948342559773,718987.7176221109,-0.020639353281534323,1.068778575294841,1.0689778416380529,0.75,3.119254636593183,91383.30752329493,8.560746366373632,4.850699106415249,9.839494914392558,0.75,3.9921565230367584,1882349.262445321,-1.0239022612190363,2.538847589646271,2.737539574870496,0.75,2.8948095607510353,515661.8882102263,7.861288617185044,3.5460753420651008,8.62406569167265,3.25,3.9050463702574745,1005973.2884690257,2.889482731373653,4.850699106415252,5.646095312327296,0.75,3.9921565230368024,1882349.2624453236,-0.5218027262190362,2.538847589646259,2.591915347487691,0.75,2.8948095607510247,515661.88821022125,-0.629977372814909,3.5460753420650994,3.601599897526221,3.25,3.9050463702574967,1005973.2884690247,0.022660008986066984,0.6769458886185059,0.6773250417080025,2.5,3.1727786772365123,36660.6222068798,0.013355796520595611,2.797957900727027,2.7979897768829485,1.5,1.681392075249615,626285.6524353849,-0.0238777815085961,1.0177987397931094,1.0180787902585016,1.5,2.036580983448167,82873.20456463337,4.0,ACL_4_2,ACL_4,ortho,gait_full,4.0,0.5
8.732455444537333,1.0811390022761351,8.79912720859702,1.5,2.9628099516649273,93508.97036106487,-0.3244057362663726,0.8151811733082539,0.8773593488638215,0.75,1.9004281519987174,53161.74838624831,4.461435800014824,0.7858428025398422,4.5301168095268345,0.75,2.203790740538493,49403.93842551395,0.027088638733625076,0.815181173308255,0.8156311296564546,0.75,1.9004281519987154,53161.74838624847,0.23738585046261654,1.081139002276135,1.1068936643790568,1.5,2.962809951664908,93508.97036106483,0.5473787350148508,0.785842802539837,0.9576911766588035,0.75,2.203790740538522,49403.938425513305,-0.005844837641483369,0.10136672944676575,0.10153509721169872,1.25,2.7374112915093414,822.0177605938015,-0.039295041754868684,0.13406251825559523,0.13970275268422122,0.5,2.6617422297527815,1437.8207135912166,-0.004176853968823441,0.08875731515553358,0.0888555406415131,1.25,2.9628246476042968,630.2377703516123,9.891155127865312,1.3251854657696125,9.979532367910998,1.5,5.218130793356563,140489.3329714085,0.29822029013068124,1.063285192062861,1.1043146024144492,0.75,4.9160143287989335,90446.07744765296,1.0681036425129813,1.2577910742706004,1.6501162921637644,1.5,3.0517835082411353,126563.49878240278,-0.07039548213462682,1.3251854657696045,1.3270538958881701,1.5,5.218130793356539,140489.33297140678,-0.0025487148693178387,1.06328519206286,1.0632882467175298,0.75,4.9160143287989255,90446.0774476528,0.46370258251298435,1.2577910742706022,1.3405440953374144,1.5,3.051783508241148,126563.49878240316,0.0017621421861091168,0.26526617193657526,0.2652720247575473,0.75,2.6779612424042085,5629.296674435725,-0.001819846634595601,0.25055286123098724,0.2505594702117799,0.75,2.10251613680097,5022.19015888521,-0.008453367827964159,0.1457283487331553,0.1459733230837984,0.75,4.393256311332454,1698.9416048120197,8.13321113380737,4.694757645926043,9.39094631552482,0.75,3.20881462733393,1763260.1009114017,1.3814074163372976,2.613815637162481,2.956402989273755,4.0,6.438005914225457,546562.6775206418,8.596402299427691,4.046784678764282,9.50129458178658,4.0,3.7602295717141123,1310117.543487131,2.8545141138074097,4.694757645926064,5.494451763361559,0.75,3.2088146273339344,1763260.1009114166,0.09147988133731097,2.613815637162477,2.615415981018043,4.0,6.43800591422542,546562.67752064,-0.04484978557226956,4.046784678764277,4.047033202179985,4.0,3.7602295717140954,1310117.5434871283,-0.0024785201520009536,0.8391149266512754,0.8391185870847572,2.5,4.102971374438616,56329.17183003986,-0.029360113564514716,2.782530641313844,2.7826855348959127,1.5,1.7537540900162036,619398.1450368784,-0.06571876869945256,1.006733554310012,1.0088763085398733,0.75,2.658489132782593,81081.01636326713,8.732785542395954,4.900970080298034,10.014042693011465,0.75,3.9746829607901577,1921564.934997858,-1.1334068751655184,2.555042874476369,2.7951485175362203,0.75,2.732160412101115,522261.96171411953,7.716165123321791,3.558609750170911,8.497229405187262,4.0,3.916179057046697,1013097.1021761291,3.0615219073959814,4.900970080298056,5.77861783798187,0.75,3.9746829607902137,1921564.9349978748,-0.63130734016552,2.555042874476367,2.6318801355987547,0.75,2.732160412101112,522261.9617141189,-0.7751008666781594,3.558609750170906,3.6420440287751426,4.0,3.916179057046702,1013097.1021761264,-0.01072243704803601,0.7209139215117562,0.7209936566196041,2.5,2.991840439484617,41577.4017388528,0.25591205577474185,3.0469437396099877,3.057671848423135,0.75,1.6208487106638776,742712.6213584322,0.030040297285497973,1.0211263928708174,1.021568171821327,1.5,2.326731698960455,83417.36558315012,4.0,ACL_4_2,ACL_4,ortho,gait_full,4.0,0.5
9.118042778234093,0.9349177108631647,9.165848309447007,1.5,2.8455697576698595,69926.0253458357,-0.07424016140424382,1.2196307390466674,1.2218881868619766,0.75,1.4390527970587028,118999.99055506733,3.34673758916069,1.5946411682943673,3.7072271236492016,0.25,0.783291387023783,203431.0621711296,0.2772542135957536,1.2196307390466699,1.2507473919957321,0.75,1.4390527970587066,118999.99055506776,-0.14820148323413113,0.9349177108631701,0.946591150243032,1.5,2.8455697576698413,69926.02534583648,-0.567319475839286,1.5946411682943626,1.692551873144741,0.25,0.7832913870237854,203431.06217112846,0.7158458515364876,0.9358456704247045,1.1782369889010713,0.25,0.613118709365769,70064.64780374369,-0.06907419350925556,0.17112222066132718,0.18453741792118483,0.5,1.8400077860343673,2342.627627009417,0.1607381891514338,0.23199027565008742,0.28223439451612853,0.25,0.8419316939704918,4305.577454872886,9.879175905626143,1.1224668926815773,9.94273848089501,1.5,5.3785978421903575,100794.5546226753,0.384596766133588,1.1503312338212175,1.212920698160048,0.75,3.6378279095222035,105861.02417930943,1.1192082693989887,1.0854382444378854,1.5591033746289813,1.5,2.7616631852254465,94254.10415827432,-0.08237470437379767,1.1224668926815724,1.1254854584075689,1.5,5.378597842190226,100794.55462267448,0.0838277611335878,1.1503312338212168,1.153381567843579,0.75,3.6378279095222075,105861.02417930927,0.5148072093989924,1.0854382444378863,1.2013336944153272,1.5,2.7616631852254474,94254.10415827448,0.6391208670868099,0.9443032707396758,1.140256177302033,0.25,0.606426611248799,71336.7895231488,0.030520205902282625,0.2616206220886184,0.26339482316544,0.75,1.4195526439850963,5475.628833452319,0.05142799523003548,0.20488617376611507,0.21124200078085617,0.75,2.379083504107193,3358.2720931591025,7.790728626088012,4.15342793338993,8.828726755496001,0.75,3.003012938357874,1380084.8789815994,1.399358973701311,2.48405484812297,2.8510934789588394,0.75,5.433150333314766,493645.2075928183,7.946528262600474,3.315872856725168,8.610593721124857,1.5,3.979491600805762,879602.9436978684,2.5120316060880494,4.153427933389933,4.853994889557371,0.75,3.003012938357856,1380084.878981601,0.10943143870131988,2.4840548481229687,2.4864641015424827,0.75,5.433150333314766,493645.20759281766,-0.6947238223994822,3.315872856725158,3.3878686502543167,1.5,3.9794916008057672,879602.9436978633,0.443689620605333,1.0009587140182312,1.0948875862854304,0.75,2.4903986313335875,80153.84579524156,0.3204727950614915,2.3006840047347588,2.32289683413123,1.5,1.6327233180504048,423452.6526420136,0.2180833100541386,1.1857878810767548,1.205675424412669,1.0,3.2819065344919,112492.733049205,7.992251740263319,4.083376630150561,8.974968110439267,0.75,3.897659581207103,1333917.1762984758,-1.232907038746419,2.134526579114571,2.4650078058977862,0.75,2.469433866327453,364496.3028800964,7.630735480389303,2.8885414919865866,8.159154118081132,0.75,3.4380877554326803,667493.7656328826,2.3209881052633587,4.083376630150549,4.696908609759578,0.75,3.897659581207118,1333917.1762984684,-0.7308075037464199,2.134526579114573,2.2561656243455697,0.75,2.469433866327468,364496.302880097,-0.8605305096106455,2.8885414919865853,3.013998126890401,0.75,3.438087755432683,667493.7656328818,0.4416404933711548,1.2474157115145412,1.3232884351940986,0.25,1.147617367614416,124483.6768881787,0.014633469526473685,2.433562071394977,2.433606067908813,1.5,1.6247149830088456,473777.9558233791,0.3737940175139726,1.2026150178892683,1.259366844403187,0.75,1.3144389871362046,115702.63093116973,4.0,ACL_4_2,ACL_4,ortho,gait_full,4.0,0.5
9.263032442326583,0.6689210304557024,9.28715378211111,0.25,2.5373867181368523,35796.42785441885,0.09741101344215197,1.1810619522653043,1.185072251227139,0.75,1.424508023630056,111592.58682848654,3.0196161015663225,1.5126624998371156,3.377310947966158,0.25,0.4967898863014357,183051.85255433095,0.4489053884421509,1.1810619522653039,1.2634964910363342,0.75,1.4245080236300565,111592.58682848653,-0.29319114732662965,0.6689210304556976,0.7303536087790746,0.25,2.537386718136894,35796.427854418325,-0.894440963433654,1.5126624998371152,1.7573196850549402,0.25,0.4967898863014444,183051.85255433078,0.7636170804478415,0.9005167478235949,1.1806953284664377,0.25,0.5771715924214718,64874.43511746051,-0.014521913729949328,0.18752927646474118,0.18809071085454862,0.25,1.4395434020004554,2813.3854134851854,0.17359629463120643,0.22562380200048074,0.2846783685825756,0.25,0.6858831160580767,4072.4887508425804,9.9000073991154,0.6290060100473709,9.919969509187789,2.75,3.846520563682467,31651.90027236933,0.32734481897584333,1.05310037839394,1.1028032632721885,0.5,1.8561668963797253,88721.64751204381,0.982685621615885,0.8089602418737685,1.2728266590007709,0.25,1.598337622315721,52353.684102076746,-0.06154321088453878,0.6290060100473633,0.6320095944538204,2.75,3.846520563682345,31651.900272368573,0.026575813975843642,1.0531003783939403,1.05343565577682,0.5,1.8561668963797362,88721.64751204383,0.3782845616158881,0.8089602418737681,0.8930374474171787,0.25,1.5983376223157222,52353.684102076695,0.8005841803360906,0.837683575415578,1.158727233789487,0.25,0.5549979553942475,56137.1544141022,0.04363640769099792,0.20266288303225288,0.2073074533998225,0.75,1.1887110704867752,3285.7811389505414,0.08918226163408896,0.1878958832656807,0.20798639075276393,0.5,1.418352155129918,2824.3908888746982,6.232700480622124,2.3349343775520035,6.655709866619895,2.5,2.943263531993574,436155.10169284034,1.571993673671294,2.2140614480955643,2.7153696260372358,0.5,4.506370793585516,392165.5267532588,8.071949204774002,1.7222984421513847,8.253646217780886,1.5,3.9986065530898034,237305.09197410065,0.9540034606221535,2.3349343775520066,2.52230869450058,2.5,2.943263531993495,436155.1016928415,0.28206613867130287,2.2140614480955674,2.231956406950633,0.5,4.506370793585501,392165.5267532598,-0.5693028802259523,1.7222984421513887,1.8139508519446343,1.5,3.9986065530898323,237305.09197410173,0.54118347471179,0.8133459038872599,0.9769396668532354,0.75,2.0503411169334567,52922.53315140447,0.10225763768258381,1.40233531593216,1.40605866263644,0.75,1.7980212105125692,157325.42762037268,0.5765114110894389,1.3973550776692907,1.5116106046877564,0.75,1.5284365367527095,156208.18561565917,6.963323425753994,3.098365940413288,7.621531646091057,0.75,3.671176928618449,767993.7044648586,-0.8794621543981694,1.8654865510229406,2.062399998318982,0.5,3.219851504134367,278403.51641760883,7.878854018155655,2.298993668520866,8.207418140152635,0.75,3.169183680012111,422830.063344292,1.2920597907540363,3.0983659404132604,3.3569763185933126,0.75,3.6711769286184572,767993.7044648448,-0.3773626193981707,1.8654865510229361,1.9032715567061096,0.5,3.219851504134367,278403.51641760743,-0.6124119718442981,2.2989936685208665,2.3791637840126207,0.75,3.1691836800121527,422830.06334429217,0.5958362177720591,1.1651227912288569,1.3086374276513089,0.75,1.093134270664069,108600.89624810776,0.07193297377836588,1.092548997995812,1.094914455899753,1.5,2.3126415470898123,95494.99409846727,0.5398757249481504,1.1265803238558647,1.249259390393955,0.75,1.693880830303236,101535.1082101745,4.0,ACL_4_2,ACL_4,ortho,gait_full,4.0,0.5
9.060454418982735,0.9475313857113297,9.109865531684417,3.0,3.501405633937543,71826.17384278531,-0.20855824345290785,0.8457563291077926,0.8710914470582587,1.0,1.8978127152812287,57224.69272490994,3.8464330254628227,1.0164456646834203,3.97846814849947,0.5,1.7410376763057243,82654.0795025872,0.14293613154709015,0.8457563291077913,0.8577496755624765,1.0,1.897812715281226,57224.69272490978,-0.09061312398277596,0.9475313857113281,0.9518542247350418,3.0,3.501405633937565,71826.1738427851,-0.06762403953715637,1.0164456646834221,1.0186926916283667,0.5,1.7410376763057278,82654.0795025875,0.034003683531250765,0.13070380401981152,0.1350545625995018,0.25,3.1864786854729914,1366.7577981882455,0.020847259583207337,0.15332274151046005,0.15473354935634664,0.75,2.3063091458345286,1880.636336369097,-0.00046080357817076314,0.08788193658702965,0.08788314467646431,1.0,3.1763592833810135,617.8724704905001,9.931659128015925,1.1313832832631765,9.99589321515338,1.5,5.146267281657957,102402.35828867837,0.22164816897806452,1.2198530572075414,1.239826355579649,1.5,4.341980414271306,119043.97752823414,0.9977303359542324,1.1083426408268213,1.491271012511917,1.5,2.921715081992586,98273.94944763191,-0.02989148198402468,1.1313832832631725,1.1317780852899377,1.5,5.146267281657953,102402.35828867769,-0.07912083602193551,1.21985305720754,1.2224162907419844,1.5,4.34198041427131,119043.97752823387,0.393329275954237,1.1083426408268249,1.1760660393012223,1.5,2.9217150819926188,98273.94944763255,0.10347307289727725,0.36496803975746134,0.37935253638167377,0.75,1.6644963105322814,10656.153986915122,-0.047851358440105116,0.21850548632269717,0.22368370539152335,0.75,1.6206733112557548,3819.57180539953,0.03831252241021103,0.14779169731337372,0.15267689795185388,0.25,2.930782854685847,1747.3929453716844,7.465894857104029,4.8990809589663495,8.929758129974129,0.75,3.402428376235668,1920083.81009356,1.8708689101157916,2.5918515727746034,3.196536415267631,1.5,5.969519888223531,537415.6833497812,8.43145152169731,3.9163873810882865,9.296637288906105,4.75,4.647722036807733,1227050.5719015305,2.18719783710406,4.8990809589663495,5.365149450028333,0.75,3.4024283762356697,1920083.81009356,0.5809413751158026,2.5918515727746088,2.6561602844360976,1.5,5.9695198882234966,537415.6833497832,-0.2098005633026502,3.916387381088296,3.9220028550613963,4.75,4.64772203680771,1227050.571901536,0.08671954153142274,0.6661869269028933,0.6718074876478685,1.75,4.378565994376115,35504.62866082546,0.05424699254261084,2.32087357448636,2.3215074595936604,1.5,1.851271838987582,430917.57973558904,0.17961326443650877,1.407426026374319,1.418840704405306,0.75,2.6194440616176817,158472.27912943964,7.107415088377788,3.3498251042965155,7.857269084604104,0.25,3.5704917287116484,897708.5621668383,-0.8917197999965105,2.1240438797658663,2.3036333486205334,0.75,3.7395722397705926,360927.04305330256,8.264496185846559,2.45752304300561,8.622141074743318,2.25,3.7044452685867926,483153.6060493548,1.4361514533778248,3.3498251042965057,3.6447028996084625,0.25,3.5704917287117057,897708.5621668332,-0.38962026499651187,2.124043879765856,2.1594828904315824,0.75,3.7395722397706126,360927.043053299,-0.2267698041533953,2.457523043005611,2.4679635432840836,2.25,3.704445268586816,483153.60604935535,0.05703655812081244,0.6677005136580013,0.6701321846482435,2.25,2.786831511575506,35666.12420894047,-0.2652451720126955,2.0062005733458705,2.023658998391118,1.5,1.8492597578823167,321990.06295368355,0.08081241135874465,0.9543308898874974,0.9577463616339545,0.75,2.2525813746631833,72859.91208940119,4.0,ACL_4_2,ACL_4,ortho,gait_full,4.0,0.5
8.847428027560843,1.3281188669958728,8.946557015284682,1.75,3.202429084446943,141111.9857696921,-0.32645331221792523,0.8990484857791505,0.9564831126788583,0.75,2.5198091093834125,64663.39825179284,4.221797212711025,1.2031893699584146,4.389901635029593,0.75,2.799901627414328,115813.24363868103,0.025041062782072996,0.8990484857791506,0.8993971506553927,0.75,2.5198091093833965,64663.39825179285,0.12241326743911518,1.3281188669958874,1.3337483769120622,1.75,3.20242908444703,141111.9857696952,0.30774014771104524,1.2031893699584082,1.241921357612521,0.75,2.799901627414289,115813.2436386798,-0.025183927877553147,0.10842813358423785,0.11131437632176326,0.75,3.1496341150716303,940.5329204661654,-0.03998237935019029,0.17778473144566342,0.1822251393022082,0.75,2.7430832201948485,2528.5932507072544,-0.008890821747078913,0.09142346656847922,0.09185476008752169,1.75,3.6342926485774325,668.6604213206151,9.897594299150674,1.571883101898798,10.02163606386776,3.25,4.724481715695336,197665.32030824083,0.25578978424592663,1.2789152199862448,1.3042440544764016,0.75,5.0186480532208115,130850.3691753855,0.961321476535307,1.4083646585647178,1.7051774079966393,1.5,2.789138344550907,158679.414458065,-0.06395631084927465,1.5718831018988013,1.573183681498269,3.25,4.724481715695347,197665.32030824167,-0.04497922075407291,1.2789152199862432,1.2797059311467243,0.75,5.01864805322081,130850.36917538519,0.35692041653531165,1.4083646585647185,1.4528878811642196,1.5,2.789138344550929,158679.41445806512,-0.028589004570980573,0.32476838132194813,0.32602428236074354,1.0,2.5540652620771818,8437.960361870671,0.0029276379419316623,0.2752253104824946,0.27524088103714645,0.75,1.7330701255175582,6059.921494690407,-0.01674052538947801,0.14308545052201121,0.14406141517215038,0.75,4.621580121823996,1637.8823784810581,8.509068075663125,5.640352728319254,10.208712867748206,0.75,3.742082138405846,2545086.3126369203,2.0540060887891194,2.9837117693525457,3.622357924799215,0.75,5.61904168292182,712202.9347946458,8.712172592749814,4.807448306063466,9.95055327614166,4.0,4.814216932697793,1848924.8532095489,3.230371055663144,5.640352728319249,6.499913542280745,0.75,3.742082138405846,2545086.312636917,0.7640785537891241,2.98371176935255,3.079992201115679,0.75,5.619041682921825,712202.9347946477,0.07092050774985688,4.807448306063482,4.807971394870412,4.0,4.814216932697799,1848924.8532095607,-0.019789130780800034,0.744784981807166,0.7450478366001476,2.5,4.5050694615017886,44376.375343388856,0.023946677624807577,2.9970772042003406,2.9971728697735465,0.75,2.293531627849239,718609.3215786355,-0.06566147212110449,0.9955371194081281,0.99770014786034,0.75,3.078677495988198,79288.06313942165,8.43712177387145,4.421731224752036,9.525582966468923,0.75,3.341122067160805,1564136.639958865,-0.7822046598418686,2.5027272200927357,2.622115113428746,0.75,3.8971632483638756,501091.4834537799,7.891062387084223,3.539986624320615,8.648720766519418,2.5,3.5240859931715662,1002520.4248617192,2.765858138871474,4.421731224752026,5.2155228183096485,0.75,3.341122067160844,1564136.6399588578,-0.2801051248418699,2.502727220092729,2.518353116454434,0.75,3.8971632483639067,501091.4834537774,-0.600203602915725,3.5399866243206044,3.590508273952562,2.5,3.524085993171551,1002520.4248617134,-0.06974546222636557,0.7598872796555589,0.7630813241611244,2.5,3.1987182852887472,46194.2983061583,0.0006537175896914249,2.617266767215957,2.617266848855835,0.75,1.5827561581134229,548006.8481938249,0.0013320762432961252,0.9225368564483846,0.9225378181585758,1.75,1.9722220920378524,68085.94014415052,4.0,ACL_4_2,ACL_4,ortho,gait_full,4.0,0.5
8.79840847523928,1.4492564036481579,8.916968981704354,1.5,2.977344945337148,168027.91061404988,-0.18395961796734622,0.9655449518734623,0.9829131167763601,0.75,2.2233662703416,74582.20174071795,4.2338871141859915,1.1707131149307732,4.392763286718406,0.75,2.8670963295941982,109645.53919135891,0.16753475703265316,0.9655449518734621,0.9799719123027538,0.75,2.223366270341587,74582.20174071792,0.17143281976066999,1.4492564036481648,1.4593605912201093,1.5,2.9773449453372045,168027.91061405157,0.3198300491860111,1.1707131149307681,1.2136146249255686,0.75,2.8670963295941716,109645.539191358,-0.0266113616854094,0.09950924474471573,0.10300608894825301,2.0,3.679212616496153,792.1673901147029,-0.05954738018584658,0.1647542084392795,0.17518515829102446,0.75,3.162567189208276,2171.541961032832,-0.016122341790410496,0.10608584801158953,0.10730394705296209,1.5,2.829225545506509,900.336726480905,9.86979205251383,1.5998693929532557,9.998618766328367,3.25,4.51325919801078,204766.7814760175,0.20164418608878382,1.1292326885210546,1.1470949579733567,0.75,4.369855071487092,102013.32033698133,1.0138356209852333,1.403350155046523,1.7312580177569181,1.5,2.5392362104096806,157552.4150560105,-0.09175855748611225,1.5998693929532568,1.6024985826454121,3.25,4.513259198010796,204766.78147601773,-0.09912481891121519,1.1292326885210537,1.133574962033243,0.75,4.369855071487094,102013.3203369812,0.4094345609852357,1.4033501550465213,1.461857830775027,1.5,2.5392362104096815,157552.4150560101,-0.04363327054098209,0.31329506405998847,0.3163189204939452,0.75,2.3561751580349823,7852.303785275693,0.007302869400259171,0.2832636518069308,0.2833577744415624,0.75,1.7118461673526086,6419.063916559018,-0.01686325067163845,0.13880537971971363,0.13982597277454717,0.75,4.736245664370497,1541.3560268570823,8.652902463148246,5.551962354616088,10.280904971053435,0.75,3.50358117246321,2465942.8877435517,2.17189062236926,2.8491392176519885,3.5825553948401296,0.75,5.049307875235969,649407.9074641293,8.334044041620869,4.94312834004409,9.689726924626067,4.0,4.892618654639976,1954761.4678938389,3.3742054431482624,5.551962354616082,6.49688759019621,0.75,3.5035811724631976,2465942.8877435466,0.8819630873692694,2.8491392176519885,2.9825246300817905,0.75,5.049307875235968,649407.9074641293,-0.30720804337908286,4.943128340044126,4.952665400374247,4.0,4.8926186546399935,1954761.467893867,-0.028033562185948265,0.7642058203450433,0.7647198287334217,2.5,4.301668836930959,46720.87106719362,-0.010555894331950349,2.837771064925019,2.8377906976785345,1.5,1.8580314692207598,644235.571047586,-0.03140844686826213,1.0713032229275916,1.0717635401476024,1.5,2.9653048067223042,91815.26150224809,8.798005258576607,4.4776107236999065,9.871873901288147,0.75,3.5732413345741345,1603929.6620770702,-0.7106621361955169,2.4832597998483297,2.582947909920899,0.75,4.402681184161593,493335.295991951,7.773683358125698,3.5648298534479563,8.552085408626029,3.25,3.735043532870923,1016651.6338955299,3.1267416235766334,4.477610723699912,5.461273750106204,0.75,3.5732413345741634,1603929.6620770735,-0.20856260119551892,2.4832597998483266,2.4920027271574545,0.75,4.402681184161617,493335.2959919498,-0.7175826318742486,3.564829853447946,3.636335616744043,3.25,3.7350435328709106,1016651.633895524,-0.09810457602589479,0.771539898814131,0.77775209630019,2.5,3.5832334452383208,47622.58532530272,0.3230503541652556,2.824935538740373,2.8433470293590015,0.75,1.3991999854275912,638421.6175940516,0.08766724828225378,0.9510871599512856,0.955119014702139,0.75,1.7453926964488164,72365.34397040789,4.0,ACL_4_2,ACL_4,ortho,gait_full,4.0,0.5
9.134874674664776,1.2501352001731616,9.220020246211169,1.5,3.194099127997998,125027.04976190501,-0.2917337113686597,1.108754695460506,1.1464927095514617,0.75,1.4175959467674824,98347.05626249456,3.5773086113455914,0.9857802248269316,3.7106467835765717,0.25,1.9849605931315755,77741.04756018672,0.059760663631338654,1.1087546954605074,1.1103640446373344,0.75,1.4175959467674804,98347.05626249475,-0.1650333796648235,1.2501352001731685,1.2609813777830352,1.5,3.194099127998026,125027.04976190634,-0.33674845365438977,0.9857802248269306,1.0417111752777044,0.25,1.9849605931316034,77741.04756018655,-0.03418143099329857,0.11299635726299963,0.11805315319574095,0.5,2.781120315321194,1021.4616577710173,-0.04544363339225476,0.17575055591437155,0.18153066330540496,0.25,2.95442980940961,2471.06201644857,-0.022484790325879432,0.13816013824098375,0.1399778182240547,0.75,1.9220794660796363,1527.0622279472598,9.873577046366082,1.405544820799609,9.973117864229009,1.5,4.540771263762817,158044.50775721358,0.3855721184960452,1.2170321594422726,1.2766491826959547,0.75,3.81747035397612,118493.38737342393,1.2047822908934078,1.3127268246451043,1.7817834000217831,1.5,2.479110914364292,137860.1445231141,-0.0879735636338538,1.4055448207996022,1.408295278404009,1.5,4.540771263762805,158044.507757212,0.08480311349604636,1.2170321594422722,1.2199831331519888,0.75,3.817470353976122,118493.38737342384,0.6003812308934086,1.3127268246451045,1.4435059191260364,1.5,2.4791109143642838,137860.1445231142,-0.04040955518491031,0.3073159484428887,0.30996132713226415,0.75,2.3422029646079534,7555.482861190092,-0.009589611961510052,0.2780409299425482,0.27820625331018234,0.75,1.8896993052570579,6184.592554174455,-0.005885476674675928,0.15266265177658692,0.15277605860588103,0.75,4.273503524465634,1864.4783738396902,8.85834550830647,5.375609308367205,10.361827086992793,0.75,3.418612664463361,2311782.0539634647,1.9194333019627419,2.702088683561141,3.3144392368110736,0.75,5.227303031310108,584103.3032739111,7.744097285792659,4.795822066056594,9.108839226877187,4.0,4.781990947996531,1840018.8783512365,3.579648488306508,5.375609308367198,6.458409923196198,0.75,3.418612664463332,2311782.053963458,0.6295057669627552,2.7020886835611417,2.774447830554496,0.75,5.227303031310098,584103.3032739115,-0.8971547992072867,4.795822066056615,4.8790158867353774,4.0,4.781990947996513,1840018.878351252,-0.07345059746302415,0.864831022666685,0.867944518984007,2.5,4.026777709651916,59835.06489129419,0.11660521030641885,2.7157518918905894,2.71825405607679,1.5,1.9650219111422398,590029.5643794179,-0.15308171851234828,1.187127010117869,1.1969563695866634,0.75,2.81477740517271,112741.7162493894,8.234029771927434,3.9869310608394826,9.14848979716729,0.75,3.3992662400808404,1271649.5436559925,-0.7188765543641549,2.215056540885025,2.328789166011387,0.75,3.6705372942563717,392518.0383536424,7.787468674289617,3.175057875686284,8.409854984897159,0.75,3.353970341567063,806479.4016480682,2.562766136927469,3.986931060839503,4.739555839577053,0.75,3.399266240080873,1271649.5436560055,-0.21677701936415794,2.2150565408850227,2.2256387297676885,0.75,3.6705372942563765,392518.0383536416,-0.703797315710334,3.1750578756862873,3.2521259470627197,0.75,3.353970341567069,806479.40164807,-0.06759936620534615,0.7149532968245107,0.7181419713062324,2.25,3.270952637933628,40892.6577689121,0.009251214710055277,2.5819140406338543,2.5819306145200436,1.5,1.5480135453150372,533302.4197577207,0.0017204841685641114,0.9312229857310041,0.9312245750728125,1.5,1.9319102928670737,69374.10009541082,4.0,ACL_4_2,ACL_4,ortho,gait_full,4.0,0.5
9.530520422041098,2.308402720092251,9.806097217194603,2.0,2.6795864359869404,426298.0126506748,0.3565160451681723,1.2284074845606976,1.279096805791921,1.0,2.1239223431008205,120719.05884494104,1.9530874857743432,1.5437501317928914,2.489521077737426,1.75,2.015423815141731,190653.69885912733,-0.3800755798318246,1.2284074845606943,1.2858625099555667,1.0,2.1239223431008156,120719.05884494039,-0.3574645370411551,2.30840272009225,2.3359160972456494,2.0,2.6795864359869443,426298.01265067456,-1.476492054225634,1.5437501317928968,2.136163209027348,1.75,2.0154238151417267,190653.69885912866,0.015246358403776084,0.177412765843228,0.17806667551431526,0.5,2.466553656536958,2518.0248647494127,0.08563191253538255,0.4079234688151535,0.4168145641105345,1.75,2.341108436121429,13312.149077916843,-0.007489422930158409,0.24437692531344804,0.24449166260116384,1.0,2.4451287115655527,4777.640207860702,9.132726987918758,2.0646546935793695,9.363199305770381,2.0,3.6746825264064618,341025.2743109291,0.2887129923542766,1.8498012648334783,1.8721965471962863,8.75,7.621489369332926,273741.2646868474,4.064600361679375,1.824991979784196,4.455510276774227,2.0,3.56571027163392,266447.67740586284,0.18826139791881347,2.064654693579386,2.073220045645356,2.0,3.674682526406441,341025.2743109346,-0.04108506264571998,1.8498012648334767,1.8502574690437363,8.75,7.6214893693329255,273741.26468684693,-0.3998052433205984,1.8249919797842005,1.8682719178062113,2.0,3.5657102716338867,266447.6774058642,0.09009736019909204,0.556724376160263,0.5639676988320156,1.0,1.9474249368518832,24795.398195881648,-0.022475938647514696,0.2427506027386119,0.24378889012431684,2.0,3.190519435381401,4714.240827393711,0.017093286713219576,0.3851501965704569,0.3855293171328504,3.0,3.0421180931291216,11867.274754210724,9.798378751685066,7.326246675513083,12.234464291988427,1.0,3.211803986688014,4293911.228037353,-0.17392159475654637,4.077614157569908,4.081321592221961,1.0,6.10125338566871,1330158.2280606409,8.728731692707692,7.214909219274742,11.324560565675622,1.0,4.157920049669245,4164396.2172728837,3.6715585916850944,7.326246675513094,8.194768626547262,1.0,3.2118039866880115,4293911.228037367,-0.2238711847565526,4.077614157569895,4.083755076566021,1.0,6.101253385668681,1330158.2280606334,0.682341142707752,7.214909219274739,7.247103178333213,1.0,4.157920049669241,4164396.2172728814,-0.04586399281152127,1.330948990860922,1.3317389842271352,2.0,3.353055289794662,141714.06774172434,0.015395872129550429,3.3359966189671826,3.336032145324607,2.0,2.109896452760505,890309.9489402799,-0.10073305548481111,1.4178892899469004,1.4214630445472127,1.0,2.9191745032480503,160833.04491733265,10.537426028726253,8.171081669169832,13.334313741438697,1.0,3.9820990340456355,5341385.160505828,-1.8681645365859207,5.099636999542363,5.431052960785664,1.0,5.069185363752981,2080520.3353955997,8.3964801956545,5.345309166774443,9.953552620266851,3.75,4.352046574713234,2285806.2983501027,4.572123583726293,8.171081669169835,9.363273450514486,1.0,3.9820990340456586,5341385.160505835,-0.7717867215859309,5.099636999542369,5.157708044346622,1.0,5.069185363752988,2080520.3353956048,0.2615248856545503,5.345309166774444,5.351703033074568,3.75,4.352046574713243,2285806.298350105,0.023613489826426807,1.2405622823683353,1.2407869975691703,2.0,3.705457383904868,123120.27164692653,0.03392581369169204,3.464624437056028,3.464790534892469,1.0,2.1116433008504054,960291.5970952996,0.14347322716608718,2.3104092781288132,2.314859736436995,2.0,2.0418255531605176,427039.6432898852,4.0,ACL_4_3,ACL_4,ortho,gait_full,4.0,0.5
9.376582624173844,1.8587988129873851,9.55904988663215,2.0,3.1779872318027476,276412.01563113224,0.256998890621909,1.2063906057289533,1.2334612776135143,1.0,2.173658672846555,116430.28253833388,2.604232493965955,1.3344299110124795,2.926214289834719,1.75,2.019035435551433,142458.3745971227,-0.4795927343780877,1.2063906057289502,1.2982247434320895,1.0,2.1736586728465515,116430.28253833331,-0.2035267391738941,1.8587988129873763,1.869908062104134,2.0,3.1779872318027214,276412.0156311296,-0.8253470460340246,1.3344299110124778,1.5690445926747458,1.75,2.0190354355514284,142458.37459712234,0.1775635197795503,0.554026075799396,0.5817849226494107,0.25,1.6063655384751314,24556.16521229309,0.02697365018269518,0.35730770459077926,0.3583243971098116,1.75,2.37090361371657,10213.599120223498,-0.007589578361777412,0.24423475609203257,0.24435265045225968,2.75,2.645407810280797,4772.085181079993,9.189064940973205,1.9627201912888308,9.396338916765178,1.75,3.6854322731916564,308182.7327413845,0.14761413344162913,1.826719670560542,1.8326741901397905,1.0,7.188222221723744,266952.3873669324,4.098315662728709,1.8043136284984473,4.477916808221508,1.75,3.3971000671257126,260444.25896947877,0.24459935097326502,1.962720191288843,1.9779027761215804,1.75,3.685432273191653,308182.7327413883,-0.18218392155836655,1.826719670560539,1.8357820502682747,1.0,7.188222221723729,266952.3873669316,-0.3660899422712648,1.8043136284984465,1.8410783567837106,1.75,3.3971000671256846,260444.2589694785,0.12001992099936569,0.6379356228577452,0.6491275994344974,1.0,2.138978649305157,32557.490996620258,-0.021899722297740887,0.243920161614025,0.24490129252115073,2.0,3.6296494330944995,4759.77192822826,0.06816382616652611,0.4460931631458977,0.4512708913758707,2.75,2.9532871361165376,15920.028715482567,10.39794359987983,7.280577712227636,12.69346457552341,1.0,3.367257534297375,4240545.251427585,-0.35823786488772696,4.313847904871595,4.328697045786916,1.0,5.221956349607546,1488743.3460543735,8.51102060027165,7.259236515300911,11.186330338557257,1.0,4.101616320211349,4215723.013879218,4.271123439879864,7.280577712227632,8.440930473737888,1.0,3.3672575342973734,4240545.251427581,-0.40818745488772634,4.313847904871596,4.333116747180115,1.0,5.22195634960754,1488743.3460543735,0.46463005027171844,7.259236515300897,7.2740907245300015,1.0,4.101616320211363,4215723.013879201,0.08830982279827801,1.321600596002287,1.3245477568424113,2.0,3.510516755272859,139730.53381852916,0.06957598927124525,3.607465038277957,3.6081359204831593,1.0,2.1637479964147666,1041107.1746115226,0.02519277664672651,1.4608411565653243,1.46105837005586,2.0,3.146937224429221,170724.72927289255,9.721291290440629,7.374544606139068,12.201942980588447,1.0,3.7009228627618573,4350716.941185832,-1.8828298178912501,4.449193481286626,4.83118730304092,1.0,4.299910242264192,1583625.8705796776,8.161371429490389,5.1108610571004,9.629583810066114,3.75,4.077940718450324,2089680.1853796067,3.755988845440677,7.374544606139068,8.275950722123083,1.0,3.7009228627618493,4350716.941185831,-0.786452002891266,4.449193481286626,4.518166595730517,1.0,4.299910242264197,1583625.8705796779,0.026416119490429678,5.110861057100416,5.110929324140035,3.75,4.077940718450319,2089680.18537962,0.16870995300901298,1.2730361418401384,1.2841666818117998,1.75,3.013878814236987,129649.68411394632,-0.1987532559951516,3.2492771243401886,3.25535016358135,1.0,2.3218376673221686,844628.9526221411,0.012249879836207267,2.1001373057772836,2.1001730316032226,1.75,2.508323434145383,352852.26233394723,4.0,ACL_4_3,ACL_4,ortho,gait_full,4.0,0.5
9.480350309381114,1.2700462286536298,9.565043617856633,1.75,3.5433558781431644,129041.9428281839,0.20957463198929674,1.7013583215974566,1.7142175080316862,1.0,1.9036825881581425,231569.6136669404,1.5565412065214834,2.255999090108577,2.7408670931240144,0.25,0.648729788304928,407162.74557619006,-0.5270169930106997,1.7013583215974546,1.781113991127729,1.0,1.9036825881581452,231569.61366693984,-0.30729442438116394,1.2700462286536334,1.3066932639962097,1.75,3.5433558781431445,129041.94282818466,-1.8730383334784937,2.2559990901085705,2.932201305035279,0.25,0.6487297883049233,407162.7455761877,0.8208552184754025,1.146412716824232,1.4099877329234527,0.25,0.6893513648570774,105140.97442823087,0.07054257253707952,0.35955426534618884,0.366408957680877,0.75,1.4590581132663392,10342.342604222069,0.0006552093126830503,0.20498251971965073,0.20498356687759248,1.0,2.139613691414657,3361.428790030186,9.228404394579513,1.2739438418346534,9.315920812353598,1.75,4.494310493629978,129836.76686937043,0.31402359910910144,1.3786646275558976,1.4139755924595288,0.75,5.548437973783213,152057.34414779732,3.9366613562454633,1.2865339298505571,4.1415543201089475,2.0,3.1397799686722103,132413.5661718372,0.28393880457956056,1.2739438418346494,1.3052027263588197,1.75,4.494310493629982,129836.76686936968,-0.015774455890896134,1.378664627555896,1.378754868978707,0.75,5.548437973783196,152057.344147797,-0.5277442487545092,1.2865339298505563,1.3905695037466401,2.0,3.1397799686721912,132413.56617183707,0.6659151330964878,0.9444841534885704,1.1556354445403336,0.25,0.540910073946396,71364.1284378145,0.004509487220925741,0.20391340994769358,0.20396326686806093,1.0,3.15899947804709,3326.492678881545,0.34089079155778035,0.49024178849120914,0.5971126719070274,0.25,1.5848814389708916,19227.003822913008,8.881214740777818,5.6031045791958975,10.500988343828176,1.0,3.7101713864779553,2511637.6076045735,-0.0010759889525760258,3.5171073035069114,3.517107468095606,1.75,4.589119017207965,989610.31651879,8.230353128724717,4.785473300882819,9.52047621377056,1.75,4.060119982188724,1832083.5244279876,2.754394580777844,5.603104579195883,6.243514269385811,1.0,3.710171386477973,2511637.6076045604,-0.051025578952573626,3.5171073035069185,3.5174774191299587,1.75,4.589119017207967,989610.3165187938,0.183962578724781,4.785473300882815,4.789007928980002,1.75,4.060119982188722,1832083.5244279848,0.5463921789619125,1.277660881661722,1.3895904942677737,1.0,2.65634393705162,130594.16545570303,0.10064357438678652,2.980207108065172,2.9819060240100668,1.75,2.092641605813338,710533.9867398934,0.5145378310176463,1.824029609683275,1.89521323247535,0.25,1.8465689773702219,266168.1380571218,8.67727599832077,5.5057222223182265,10.276579972946372,1.0,3.877081316098421,2425091.1689717076,-2.0085562298227875,3.9650035616180856,4.444721742922051,0.75,4.423922351780939,1257717.5839621187,7.2443222921931785,4.70781221577237,8.639658635162768,1.0,3.8563059338725227,1773098.7066473335,2.7119735533208194,5.50572222231822,6.137408063933849,1.0,3.8770813160984026,2425091.168971703,-0.9121784148228026,3.9650035616180834,4.06857747918271,0.75,4.4239223517809325,1257717.5839621173,-0.8906330178067773,4.707812215772375,4.79131746301403,1.0,3.8563059338725325,1773098.7066473365,0.6753778659363954,1.626678910109477,1.761311879932613,1.0,2.2861947182183533,211687.41554913667,-0.07654467877305336,2.2771609650939677,2.2784470915068797,1.75,2.3257722235733556,414840.43078232487,0.38994707585015853,1.9348860925571822,1.973788973810344,1.75,2.0114564023090824,299503.19458487927,4.0,ACL_4_3,ACL_4,ortho,gait_full,4.0,0.5
9.50587930368949,1.5490362447942068,9.631264435368719,1.75,3.19276930256425,191961.36527846288,0.37093399659775306,1.7324639560640531,1.7717289264707203,0.75,1.9544470933746383,240114.5952945153,1.5382539466700504,2.150622084661917,2.644125669381385,0.25,0.9995339032912463,370016.779696897,-0.3656576284022433,1.732463956064052,1.7706317686831043,0.75,1.954447093374641,240114.59529451505,-0.332823418689546,1.5490362447942108,1.5843878047101811,1.75,3.1927693025642445,191961.36527846393,-1.8913255933299282,2.1506220846619106,2.8639636609112813,0.25,0.9995339032912439,370016.77969689463,0.6062989162279614,1.144485058852542,1.2951619303221924,0.25,0.9134253706939341,104788.34668791501,0.12404298104545125,0.27664343080323284,0.30318022520148846,0.5,2.13039573857327,6122.624962275322,0.0038808762064214035,0.18149009897008533,0.18153158740092848,0.75,2.4929016431817823,2635.127396556671,9.148091480983938,1.5849224059530804,9.284371641492115,1.75,3.9639352919008526,200958.36007851342,0.3639183803664933,1.4506835280702697,1.4956334063476173,1.0,6.94622075275784,168358.8796472222,3.983075164618729,1.4302536627314155,4.2320814390509005,2.0,3.6384563395663836,163650.0439354904,0.2036258909839753,1.5849224059530802,1.597949478666681,1.75,3.963935291900878,200958.36007851336,0.034120325366494855,1.4506835280702626,1.451084730543844,1.0,6.946220752757826,168358.87964722054,-0.4813304403812404,1.430253662731414,1.5090740646483272,2.0,3.638456339566366,163650.04393549004,0.5798569926371696,0.9187283410829992,1.0864142380415227,0.25,1.0136459536755167,67525.66518728688,0.012828863597595221,0.19648909130311518,0.19690744714796754,1.75,2.7181983335990476,3088.646280960272,0.27451069877940953,0.5000838135032812,0.5704734387088888,0.25,1.5786509716441421,20006.796074132228,8.842926655097044,5.876226621598382,10.617315627587196,0.75,3.559678921007247,2762404.4312344505,0.2593468117650912,3.425365545964716,3.4351695580065433,1.0,5.856121615294741,938651.266530099,8.413154295140716,5.537880614251502,10.072203676035711,2.0,4.135916236230026,2453450.494315317,2.7161064950970855,5.8762266215983905,6.4735827639020895,0.75,3.5596789210072495,2762404.43123446,0.20939722176509343,3.4253655459647265,3.431759944979423,1.0,5.856121615294786,938651.266530105,0.3667637451407771,5.537880614251516,5.550012373180121,2.0,4.135916236230043,2453450.4943153304,0.40037922759567485,1.3650545445869644,1.4225601694085328,0.75,2.6165061724532968,149070.29600140906,-0.0922611441923867,2.966348085004962,2.9677825190098237,1.0,2.1525441466404813,703941.5121992456,0.4912426068648869,1.7856482154824076,1.851987809963909,1.0,1.7244085113378833,255083.34892825238,9.680250987829641,6.395102030200579,11.601921787533835,2.75,3.3336930009223846,3271791.5250102174,-1.7736160980141478,4.532425349469393,4.867092932300315,1.0,4.262060236559378,1643439.0123029226,7.41426227385595,5.051921663335662,8.971800129182759,3.75,4.190135659873081,2041761.5833612934,3.7149485428296805,6.395102030200584,7.395821296688286,2.75,3.3336930009223518,3271791.525010223,-0.6772382830141577,4.532425349469402,4.5827427639452765,1.0,4.262060236559377,1643439.0123029293,-0.7206930361440036,5.051921663335672,5.1030687771993355,3.75,4.190135659873087,2041761.5833613013,0.46476806607320015,1.590970385585336,1.6574667788679736,1.0,2.4834651405755546,202496.49685231672,0.14905920588503718,2.689851470041044,2.693978392218661,1.75,2.0777705155533575,578825.7233451213,0.4240221472782437,2.0436997743508316,2.0872238857065843,1.75,2.3357323267075887,334139.71537647507,4.0,ACL_4_3,ACL_4,ortho,gait_full,4.0,0.5
9.491086540338683,2.036864309669634,9.707190115177722,2.0,3.029772270911379,331905.40003947075,0.6079613016099963,1.1165429064478032,1.2713319811104529,1.0,2.396502759256028,99734.11283755337,2.4454983010621736,1.323836907439125,2.780828311492093,2.0,2.3197688758416137,140205.87530819332,-0.12863032338999913,1.1165429064478039,1.123927854461453,1.0,2.3965027592560184,99734.1128375535,-0.3180306553387305,2.0368643096696433,2.0615430419327105,2.0,3.0297722709113706,331905.4000394738,-0.9840812389378094,1.323836907439128,1.6495332801515004,2.0,2.3197688758416284,140205.87530819394,-0.029609900242950963,0.1446998209906948,0.14769828836901472,1.0,2.757232442102973,1675.0433580299666,-0.029877764094939686,0.25258482048503117,0.2543457731647379,2.0,2.6640998813389607,5104.027881988797,0.007790646542649421,0.15994182450841213,0.16013145037946855,4.75,2.998250508850229,2046.516345501051,9.247016282555299,2.073400356872421,9.476618551451857,2.0,3.691191100402294,343919.1264090364,0.18034201095162392,1.798861169630967,1.8078785215052935,8.5,7.850110675178355,258872.5182925197,4.097309908782687,1.8678716545828598,4.502987120412726,2.0,3.696475452390961,279116.14492350916,0.30255069255534267,2.0734003568724155,2.0953581940671566,2.0,3.6911911004022993,343919.12640903454,-0.14945604404837431,1.7988611696309644,1.805059172633593,8.5,7.850110675178366,258872.51829251903,-0.3670956962172883,1.8678716545828546,1.903602838875627,2.0,3.696475452390972,279116.1449235076,-0.0157039104733751,0.4704639331946198,0.47072595556343333,1.0,1.9227147173585473,17706.920073243855,-0.015815610313826535,0.22627354864446175,0.22682559896483556,2.0,3.265223993301168,4095.9914480570787,-0.015348345137411935,0.3996806175977267,0.3999752089589521,2.75,3.007914067778772,12779.579291001952,10.380501971205154,7.259814550475953,12.66726996955131,1.0,4.249091519514156,4216489.950026552,0.3612598012275766,4.279650352520033,4.294870869282082,1.0,6.176523471218007,1465241.74993171,8.341650298780916,7.404046950431173,11.153611117093016,3.75,4.341773945039851,4385613.888963184,4.253681811205208,7.259814550475977,8.414197303265519,1.0,4.249091519514131,4216489.950026579,0.31131021122757907,4.279650352520036,4.290958073372359,1.0,6.176523471218053,1465241.7499317115,0.29525974878097977,7.404046950431168,7.409931819081691,3.75,4.341773945039889,4385613.888963179,-0.13734086573464993,1.2753902117961697,1.2827636983272568,2.0,4.0613162424761295,130130.53469781604,-0.32405935520097806,3.3958715678061693,3.4112986047438896,2.0,2.139542848310424,922556.2075430227,0.07194953057557439,1.5001999549453982,1.5019243122635106,3.75,3.416608152427892,180047.99292034243,10.849715872476274,7.720696657277891,13.316361792440366,1.0,3.709467391609187,4768732.640419339,-1.2952524745292877,5.3395436462127215,5.49439763054922,1.0,4.536318343581744,2280858.108001415,7.95234107323226,5.7578721502655466,9.817984530636643,3.75,4.346578751639768,2652247.337354647,4.884413427476315,7.720696657277902,9.13600850504273,1.0,3.709467391609159,4768732.640419352,-0.1988746595292906,5.339543646212725,5.3432459685114235,1.0,4.5363183435817325,2280858.108001419,-0.1826142367676994,5.757872150265559,5.760767280343303,3.75,4.346578751639774,2652247.337354659,-0.11245658603732814,1.2379761259776059,1.243073357543187,1.0,4.094766024754045,122606.79108121453,0.026131852660688768,3.5993531253951034,3.5994479847630774,1.0,2.0724219781580393,1036427.5763649408,0.03281912619464187,2.0929058546732744,2.0931631593284474,1.0,2.1525857326243805,350420.39370545204,4.0,ACL_4_3,ACL_4,ortho,gait_full,4.0,0.5
8.956970689420151,0.944740431857355,9.006656339325804,1.5,2.6844443302613286,71403.74801245666,0.2169794934528935,0.9754150363963512,0.9992570208946091,0.75,1.3656629496839092,76114.99741295064,3.603694198582257,0.5503864491256774,3.645481740494195,0.75,1.391739298253492,24234.039615815727,-0.11822935942020481,0.944740431857356,0.952109586662657,1.5,2.684444330261327,71403.74801245685,-0.2640920184528913,0.975415036396349,1.010534060503956,0.75,1.3656629496839112,76114.99741295028,-0.18719391141772362,0.5503864491256731,0.5813491238946127,0.75,1.3917392982534837,24234.039615815356,0.011477801225047286,0.09899772057099462,0.09966086794331278,2.0,2.0056335964560295,784.0501849065245,0.007099767385688808,0.16587256415792287,0.16602443867471778,1.5,1.9376017780706154,2201.120361914839,-0.008164470388623972,0.13737719837821008,0.13761959602822849,0.75,1.4613317292892816,1509.8041244738533,9.655621969816611,0.8170005426401519,9.690125154541581,1.5,2.279558928705508,53399.22199412498,0.05876425667175667,0.7150949754927752,0.717505443768336,1.5,2.3936365831910886,40909.01377487664,1.2906917678422487,0.9990282133787817,1.6321588803491376,1.5,1.6170522909320648,79845.1879804001,0.059451565183332784,0.8170005426401621,0.8191607749868565,1.5,2.2795589287054714,53399.22199412631,0.012314098328243497,0.7150949754927772,0.7152009934225855,1.5,2.393636583191087,40909.01377487687,0.32062991784225514,0.9990282133787831,1.049219193182404,1.5,1.6170522909320793,79845.1879804003,-0.011898685928444137,0.3330444501699585,0.3332569346852871,1.5,2.536973909958751,8873.672245731233,0.0008037949054611271,0.3122549327149675,0.31225596726256316,0.75,1.8889528566827842,7800.342072310993,0.01146829853933394,0.23149801554047147,0.23178190841945293,1.5,2.340385153952632,4287.310644775663,7.622169922821128,3.9938563593793712,8.60513584737127,0.75,2.4220998608031743,1276076.257969443,-1.2176788938416276,1.5633663534855526,1.9816296938929037,0.75,3.221655679213964,195536.63959799687,7.855544219309975,2.4712301211952488,8.235080648872668,1.5,2.826959224860538,488558.39473044104,1.75351890782117,3.993856359379363,4.361847908792939,0.75,2.4220998608031903,1276076.2579694376,0.14438074615836557,1.563366353485552,1.5700191575493458,0.75,3.221655679213959,195536.63959799672,0.11015681931000891,2.4712301211952417,2.47368406162613,1.5,2.8269592248605546,488558.3947304384,-0.068502918934579,0.6236622745955945,0.6274131674234358,1.5,3.020194204621542,31116.37096043684,-0.04350592622574496,2.486568015695782,2.486948584570662,1.5,1.8680587235177248,494641.66566181596,0.01873403639630723,0.876452448887393,0.8766526445978514,1.5,2.39890964645472,61453.51242574714,8.947473544547886,4.557995632816714,10.041544055530531,0.75,1.4264949965816651,1662025.9351056714,1.092072430978759,1.726742333308877,2.043100898180225,0.75,1.6124400382312318,238531.13445518358,6.380740139777451,4.17106772482268,7.623099808898256,0.75,1.6731175975417243,1391824.4849663398,2.182551499547924,4.55799563281671,5.053598246492799,0.75,1.4264949965816598,1662025.9351056684,-0.516590989021233,1.726742333308872,1.802361044735184,0.75,1.6124400382312325,238531.1344551823,-0.7421144702225115,4.171067724822691,4.236571709763824,0.75,1.673117597541724,1391824.4849663472,0.1546732177506436,0.7662065788035667,0.7816625395215023,0.75,2.168014735134166,46965.80785154804,0.218613231954457,2.241477468978762,2.252113005407369,0.75,1.5669423523652264,401938.81540650007,-0.047076811104371924,0.670868722511032,0.6725184525255354,1.25,2.0762923354943017,36005.191194230254,4.0,CIPN_1_1,CIPN_1,neuro,gait_full,4.0,0.5
9.083440052924102,1.2489771744864506,9.168905451440423,1.5,1.9485895713149455,124795.87140670611,0.09672773409088194,1.0417626361096655,1.0462435875724716,0.75,1.3771464902748105,86821.57719847055,3.6631957108992346,0.54702727500189,3.703814473748185,1.5,1.8056578822134164,23939.16374459718,-0.24469872292415396,1.248977174486454,1.2727220621128865,1.5,1.9485895713149248,124795.8714067068,-0.14384025909088224,1.041762636109665,1.051646047931285,0.75,1.3771464902748145,86821.57719847049,-0.12769239910074615,0.5470272750018814,0.561733200357686,1.5,1.8056578822134315,23939.16374459643,0.0020287991373196023,0.10893882879145902,0.1089577186086163,0.75,1.9743360076459782,949.4182034982086,0.024327222766158344,0.19533103453691755,0.19684010470627367,1.5,1.8135396427030643,3052.34153713973,-0.017654087204025306,0.1510856972684012,0.1521136243539227,0.75,1.3060622309704817,1826.1511843923674,9.73362351374843,1.1383179715798775,9.799958903578018,1.5,2.7232806588601073,103663.28638296966,-0.002995767777434315,0.7958852514692001,0.7958908895889989,4.0,2.7826703548439156,50674.67273788173,1.3918145167520075,1.0711745334642144,1.7562922678711257,1.5,1.904395433218584,91794.05487809844,-0.018549978748487517,1.1383179715798808,1.1384691063587555,1.5,2.7232806588600766,103663.28638297024,0.07407412277743493,0.7958852514692027,0.7993249083892249,4.0,2.782670354843913,50674.672737882094,0.4217526667520132,1.0711745334642173,1.151212488229136,1.5,1.9043954332185944,91794.05487809892,-0.025813027641281346,0.3256702904466005,0.3266916749407347,1.5,2.1344435681567253,8484.895936513967,-0.0006493359032989753,0.3685725721503673,0.36857314413648345,0.75,1.647814944050839,10867.670294498525,-0.005749756639018988,0.28892018414788717,0.2889773910005019,1.5,2.5511915723615735,6678.038789742311,8.057255884420574,4.435380749665085,9.197389563432091,0.75,2.2196725797156316,1573808.6937978573,-1.0557312701880006,1.844478757953726,2.1252459630346996,0.75,2.121600509158536,272168.54290554527,8.112836186406062,2.7721190864153673,8.573374785737997,0.75,2.886318707953265,614774.7691430646,2.1886048694206157,4.435380749665062,4.945967414869516,0.75,2.219672579715635,1573808.6937978414,0.30632836981199135,1.8444787579537223,1.869743019426514,0.75,2.1216005091585366,272168.5429055441,0.36744878640610423,2.772119086415368,2.796366006069251,0.75,2.886318707953291,614774.7691430646,-0.08795285067357331,0.731965014014241,0.7372302799549649,1.5,3.0015852642580274,42861.942564166144,-0.20748285593867294,2.7729655111633753,2.7807169689866007,1.5,1.9486368432984813,615148.8374603224,-0.03616411897014054,0.9627268263134138,0.96340582601746,1.5,2.524201672929123,74147.63425840356,9.929399889928977,5.124991696726607,11.17401101062811,0.75,1.6837696743539527,2101244.869170619,0.8039478337325981,1.7585095394497188,1.933568700537687,0.75,1.8386266993732612,247388.68358632314,6.252201094193383,4.616093598910422,7.77163680546992,0.75,1.8956693555699344,1704666.2674822472,3.1644778449290145,5.1249916967266165,6.023243305941023,0.75,1.6837696743539603,2101244.869170626,-0.8047155862673921,1.7585095394497146,1.9338880461695087,0.75,1.8386266993732585,247388.6835863219,-0.8706535158065775,4.6160935989104335,4.697484183952962,0.75,1.8956693555699344,1704666.2674822558,0.1968732585523664,0.8416397092482266,0.8643589995577454,0.75,2.4266988330590986,56668.59841087175,0.23560529592182028,2.752847857699517,2.7629117219171566,1.5,1.7020834879300832,606254.2294100501,0.012455076912122163,0.7130688677583163,0.7131776350300212,0.75,2.3872019078105136,40677.38084803481,4.0,CIPN_1_1,CIPN_1,neuro,gait_full,4.0,0.5
9.082303520528697,1.247619874497126,9.167594700369786,1.75,2.1361693612424224,124526.41942834432,-0.06155280121616288,1.0310290319101774,1.0328647597721563,0.75,1.4803973467621008,85041.87227367863,3.6889667154842005,0.5467666123092337,3.729266570826817,1.75,1.855711047873663,23916.43441500722,-0.24356219052875375,1.2476198744971303,1.2711718577341935,1.75,2.136169361242499,124526.41942834521,0.014440276216162706,1.0310290319101787,1.031130149990213,0.75,1.4803973467621037,85041.87227367883,-0.10192139451577453,0.5467666123092307,0.5561849503502885,1.75,1.8557110478736663,23916.43441500696,0.008267138625915098,0.11186596688298553,0.11217103069743681,2.5,2.35732472399501,1001.1274164798268,0.011690740797770837,0.1953621981436117,0.19571168049941337,1.75,2.538372820931261,3053.3658840905796,-0.006638625169019862,0.13598047894081064,0.13614243275741397,0.75,1.5123934505463899,1479.2615247485292,9.7139906512685,1.1909838281619,9.786728608267167,1.75,2.3367904903600736,113475.83698244428,-0.02059293395688192,0.9019785125862471,0.9022135590292638,2.5,3.1374232505222,65085.59816957858,1.3976722103119759,1.1284342360706414,1.7963439071109675,1.75,1.8812356766419396,101869.75279340574,0.0010828837314361905,1.1909838281618954,1.190984320459484,1.75,2.3367904903600487,113475.83698244336,0.09167128895687986,0.9019785125862484,0.9066249844264809,2.5,3.137423250522203,65085.59816957878,0.4276103603119823,1.1284342360706445,1.2067371069882962,1.75,1.881235676641944,101869.75279340631,-0.02369760597660682,0.3075217990170178,0.30843351536382296,1.75,2.9051776762534764,7565.711892235911,-0.03531645481080174,0.4027650613496932,0.4043104582179708,0.75,2.084219008315747,12977.72131017235,0.015199873796505123,0.2951358869869801,0.29552703421348986,2.5,2.629422792011046,6968.416330637665,8.220157137317942,4.894972432873938,9.567222087983266,0.75,2.1218939064638804,1916865.2592762173,-1.0837127956254033,1.7566998105783438,2.064080339494618,0.75,2.7507338134696506,246887.2797016202,8.129691777707905,3.1433421633155065,8.716219843269702,0.75,2.720542503764889,790448.1841116169,2.3515061223179767,4.8949724328739235,5.430500544323201,0.75,2.121893906463867,1916865.2592762061,0.27834684437458834,1.7566998105783387,1.7786149640265774,0.75,2.750733813469656,246887.27970161874,0.3843043777079582,3.1433421633155083,3.1667475128911873,0.75,2.7205425037648823,790448.1841116176,-0.10519721483608489,0.7574236684399338,0.7646941006195067,1.75,3.0832722876413725,45895.24972051593,-0.017484511804202896,2.6917075712948733,2.691764357725092,1.75,1.9883052237653764,579623.1985818427,0.023211122491334137,0.9899814229038844,0.990253489719732,1.75,2.938163870707459,78405.0580619958,9.433301599958183,4.340630757564598,10.384038446061794,0.75,2.0680342464418744,1507286.0692526186,1.0669996788481242,1.3086374803669578,1.6884964819872086,0.75,2.7723576577501703,137002.81134180972,7.060069908826772,3.6733855129861777,7.958539328578957,0.75,2.6390250759426874,1079500.8917962722,2.668379554958221,4.340630757564602,5.095225689097087,0.75,2.06803424644189,1507286.0692526214,-0.5416637411518663,1.3086374803669572,1.416309169461179,0.75,2.7723576577501805,137002.81134180957,-0.06278470117319827,3.6733855129861874,3.673922024991576,0.75,2.639025075942691,1079500.8917962778,0.06537448073257385,0.7727829273833773,0.7755432132294602,1.75,3.4626254545190913,47775.63200469164,0.049569358641889244,2.994310227138757,2.9947204974194044,1.75,2.3341444298350607,717282.85971713,0.15300269415823078,0.6531710775127783,0.6708519068459752,0.75,3.942347575663129,34130.67364242267,4.0,CIPN_1_1,CIPN_1,neuro,gait_full,4.0,0.5
8.95498688496998,1.0712003609727023,9.018828101440475,1.75,2.765966391848457,91799.58215221367,0.11334013905659775,1.03449989678015,1.0406901669370716,0.75,1.510478485897102,85615.3876218927,3.616511468742002,0.5173390863098172,3.653326557230589,1.75,2.363495183986768,21411.46057701592,-0.11624555497003308,1.0712003609727083,1.077489323565831,1.75,2.765966391848406,91799.5821522147,-0.16045266405659672,1.0344998967801502,1.046869186594486,0.75,1.510478485897101,85615.38762189272,-0.17437664125796903,0.5173390863098183,0.5459367575464104,1.75,2.3634951839867346,21411.46057701602,0.006105462413679883,0.11428642573633202,0.1144493939646296,0.75,2.091714889241964,1044.911585848897,-0.0005376634790155032,0.14690724547207226,0.14690822936176298,1.75,2.7138034067267864,1726.5550609535067,-0.0111705880802461,0.13751016393717322,0.13796313719282693,0.75,1.6535710132935182,1512.7277339049908,9.638353720152535,1.0762929420285623,9.698261129286978,1.5,2.192491076948412,92672.53612951671,0.016931961542939803,0.8380145096285603,0.8381855460873135,4.0,2.8711681234917177,56181.51986486838,1.37853768725409,1.0722450871144098,1.7464465872224217,1.5,1.8393976634274014,91977.30943919814,0.07671981484740271,1.0762929420285632,1.0790238306222526,1.5,2.1924910769484263,92672.53612951688,0.05414639345705794,0.8380145096285613,0.8397619604819002,4.0,2.871168123491719,56181.51986486849,0.40847583725409636,1.0722450871144118,1.1474153722438216,1.5,1.839397663427406,91977.30943919848,0.009814770906471754,0.3080929412694908,0.30824923388069025,1.75,2.7222458516170485,7593.7959749564,0.0027352139016237763,0.39768918003192244,0.39769858600396163,0.75,1.7262528663252152,12652.5354855207,0.0322350247511904,0.3020176264575283,0.30373301353614646,2.5,2.3434062622705363,7297.174026792455,8.078752825464727,5.004049161469719,9.502986647647155,0.75,2.247188218896289,2003247.9479482374,-1.2489698925624182,1.6824550310409234,2.0953712616150613,0.75,2.3576721117823474,226452.79053552824,8.269529718023088,3.2614440164310117,8.889439736540243,0.75,2.589380216208173,850962.4087662278,2.2101018104647583,5.004049161469719,5.470380062027262,0.75,2.2471882188962744,2003247.9479482374,0.11308974743757412,1.6824550310409214,1.6862515300068381,0.75,2.357672111782348,226452.79053552775,0.5241423180231428,3.261444016431005,3.303292636424493,0.75,2.589380216208172,850962.4087662242,-0.1521043054897106,0.7853837179613073,0.799977064788256,2.5,2.739996157653825,49346.20684181538,0.23242327742102753,2.8883666514813227,2.8977029684349223,1.5,1.8584569102384372,667413.7164630394,0.10654074207144466,1.1521561247869212,1.157071590527202,1.5,3.719005968704906,106199.41353224637,9.368506680056658,4.439983195801528,10.367370360571972,0.75,1.9365204731545507,1577076.0659999817,1.0207418326733646,1.274333971381175,1.6327403221533718,0.75,2.721803884048911,129914.27545699135,6.87868790997702,3.7575853674028963,7.838098950395076,0.75,2.64303529632349,1129555.8237744686,2.603584635056701,4.439983195801526,5.14704805989834,0.75,1.9365204731545484,1577076.0659999808,-0.5879215873266281,1.2743339713811765,1.4034168530628321,0.75,2.7218038840489296,129914.27545699163,-0.24416670002294424,3.757585367402897,3.7655099482965726,0.75,2.643035296323491,1129555.8237744686,0.08971381198522009,0.8247499855696532,0.8296150352772438,1.5,3.090084023305896,54417.00546703356,0.030819481902219916,2.729676208471708,2.729850187017815,1.5,1.799411916861959,596090.5808833143,0.07726291602171315,0.773013573459479,0.7768652025575425,1.5,3.8856185310242735,47803.999354153195,4.0,CIPN_1_1,CIPN_1,neuro,gait_full,4.0,0.5
8.897980667376878,0.9095036396933952,8.944342168523532,1.5,2.224602871904486,66175.75938780351,-0.003806958456599405,1.05095218347504,1.0509590785961385,0.75,1.4369939765868023,88360.06850959263,3.550148627186749,0.45205475031938647,3.5788138778654415,1.5,1.9764750167229037,16348.323392829696,-0.059239337376927,0.9095036396933924,0.9114308364919335,1.5,2.224602871904486,66175.75938780315,-0.043305566543398746,1.0509521834750393,1.051844030284242,0.75,1.4369939765868003,88360.06850959253,-0.24073948281322402,0.4520547503193865,0.5121611034347507,1.5,1.976475016722907,16348.323392829696,-0.014265586222051731,0.14417884954792262,0.14488287547954484,0.75,1.9194116243621577,1663.0066838769699,-0.007888942253200706,0.1474365087851439,0.14764741627480701,1.5,2.6469595544610747,1739.0056831591899,0.0027561039367609806,0.1569378171800606,0.15696201632927745,0.75,1.5114589032456147,1970.3586440847914,9.660615647097787,0.947010358425928,9.706921412060396,1.5,2.1976476385635726,71746.3133976022,0.04910982137459174,0.6940290307628818,0.6957643782898845,1.5,2.8405316285002025,38534.56720270034,1.2862292909742865,1.0520959794457037,1.6617134948377925,1.5,1.6332349199886924,88552.51703936918,0.054457887902162376,0.9470103584259322,0.9485748681684419,1.5,2.197647638563573,71746.31339760288,0.021968533625408463,0.6940290307628819,0.6943766355597775,1.5,2.8405316285002007,38534.56720270035,0.31616744097429056,1.0520959794457039,1.0985753504871871,1.5,1.633234919988697,88552.51703936921,-0.0023557645119141922,0.2990182575283698,0.29902753712950597,1.5,2.2428822642488453,7152.967227612337,-0.011889741469911312,0.3661717021513207,0.36636468362632457,0.75,1.7557292623384848,10726.55157999354,0.01670228907081854,0.28208838641454415,0.28258242020721386,2.25,2.3689850295554784,6365.908717531008,7.960554645637412,4.568525816252762,9.17833636341289,0.75,2.2004109312553384,1669714.2513786342,-1.1362899228627932,1.5398096232358964,1.9136793003555759,0.75,2.5045789225836725,189681.0953218261,8.054441996588892,2.954929999855352,8.579373355931072,1.5,2.6613275189583976,698528.9076881682,2.0919036306374488,4.568525816252767,5.02468794390678,0.75,2.200410931255329,1669714.2513786377,0.22576971713719884,1.5398096232358947,1.5562729969340467,0.75,2.5045789225836863,189681.09532182568,0.30905459658893375,2.95492999985535,2.971047971291929,1.5,2.6613275189584074,698528.9076881672,-0.07864654281970226,0.7045128191627588,0.7088889835948569,1.5,2.775390081520353,39707.0651676275,-0.031993386168268814,2.654329979144281,2.6545227847849775,1.5,1.9497832080306108,563637.41316354,0.040638986951213776,1.081159450741941,1.0819229571411435,1.5,3.4483223006083352,93512.46065104405,9.385865731149913,4.390698414640301,10.362080297483663,0.75,2.028454333769429,1542271.936015527,0.9243517021022669,1.0383022899731382,1.3901430554237288,0.75,2.906319967426563,86245.76103294846,6.725200052237551,3.6643024018804815,7.6586831658610235,1.5,2.6803758817140406,1074172.0831950365,2.620943686149942,4.390698414640306,5.113470286830084,0.75,2.028454333769428,1542271.9360155305,-0.6843117178977254,1.03830228997314,1.2435248982692717,0.75,2.90631996742657,86245.76103294875,-0.39765455776240466,3.6643024018804713,3.685816224357395,1.5,2.680375881714043,1074172.0831950302,0.12801110370588056,0.8415439386545853,0.8512244377120938,1.5,2.5699805605496233,56655.71634112974,0.17166166407844907,2.668130377200561,2.6736468421716784,1.5,1.6526382693187038,569514.4120844102,0.012278002113554067,0.8392178552806782,0.8393076658519222,1.5,3.3475648290567426,56343.38379645935,4.0,CIPN_1_1,CIPN_1,neuro,gait_full,4.0,0.5
9.000424663952764,0.8747844006922625,9.042836495214525,1.5,2.462679877558628,61219.93371274196,0.005323980962660677,1.0053289326788972,1.0053430298433372,0.75,1.3427528082003526,80854.97773672485,3.4584581923424373,0.5055753717808763,3.495216663489102,0.75,1.6171757025479097,20448.558525028886,-0.16168333395281043,0.8747844006922684,0.8896006116076062,1.5,2.4626798775586556,61219.93371274279,-0.05243650596265793,1.0053289326788966,1.0066955100917363,0.75,1.3427528082003541,80854.97773672477,-0.33242991765753643,0.5055753717808791,0.6050752901128673,0.75,1.6171757025479223,20448.558525029097,-0.10975257882760682,0.2995770010955706,0.3190485984058315,0.25,1.5521133108053595,7179.857175088391,-0.01982636971557048,0.1508982289985451,0.1521951393803227,1.5,2.6096401440580426,1821.6221643440717,-0.034457009714938064,0.18390064429039046,0.18710086180698382,0.75,1.4507306824452357,2705.571108379028,9.68025572878855,0.912429548564266,9.723161967993578,1.5,2.3160183004345316,66602.21885777301,0.0009217074507979284,0.6909353240621012,0.6909359388405163,1.5,2.343473251385892,38191.33037925286,1.337407850307515,0.9880589191340093,1.6628049151191597,1.5,1.6689638178783315,78100.86805922212,0.034817806211396594,0.9124295485642666,0.9130936210063926,1.5,2.3160183004345427,66602.21885777311,0.07015664754920238,0.6909353240621003,0.6944879964636844,1.5,2.34347325138589,38191.33037925277,0.3673460003075206,0.9880589191340098,1.05413638188908,1.5,1.6689638178783333,78100.86805922221,-0.06326668309026648,0.3427019283826912,0.34849287640705,1.5,1.8126318293403574,9395.576964514084,-0.012916786963733941,0.3566435185301145,0.35687734965251944,0.75,1.6291896706621665,10175.598251088852,0.0005479627189315051,0.25677725291788406,0.2567778375935048,2.25,2.45660031291251,5274.776276845399,7.971126198566096,4.395228721387118,9.102575920406982,0.75,2.1431426805997456,1545443.7682064087,-1.0807453858481448,1.5413034422102128,1.8824523606192818,0.75,3.023124239742554,190056.1970631345,7.939171123031253,2.7670651375985456,8.407561334684784,1.5,2.8691484235328892,612538.3662845345,2.102475183566124,4.395228721387121,4.872210731363913,0.75,2.1431426805997473,1545443.768206411,0.28131425415184597,1.541303442210214,1.5667654612474913,0.75,3.023124239742564,190056.19706313475,0.19378372303129016,2.7670651375985513,2.7738423904441936,1.5,2.869148423532886,612538.3662845368,-0.17083043148688992,0.7787341008950502,0.7972514259747796,1.5,2.369488021405217,48514.2934027774,-0.0008991965887392528,2.502496783131806,2.50249694468136,1.5,1.9616762362092535,501000.8483326,-0.010426127804111713,0.922446411634159,0.9225053314088347,1.5,3.720655735113222,68074.37513700052,8.708862895793727,3.7910589568284085,9.498232517257177,0.75,2.0190863904595227,1149770.2414351392,1.1044575120660942,0.9069054063953825,1.429091953692414,0.75,2.3992382461378003,65798.19500388675,6.647537870408181,3.259302355847209,7.403567490429333,1.5,2.642663932283123,849844.1483693423,1.9439408507937557,3.7910589568284045,4.2604030379218365,0.75,2.019086390459526,1149770.2414351369,-0.5042059079338981,0.906905406395381,1.0376420450929202,0.75,2.39923824613779,65798.19500388652,-0.4753167395917787,3.2593023558471987,3.2937786582840167,1.5,2.6426639322831265,849844.148369337,0.037842781717051965,0.6228135558777679,0.623962179553532,1.5,2.556239941773487,31031.73830886321,0.003913659213082355,2.4459906570477745,2.4459937880324714,1.5,1.6347793446839316,478629.62357594585,0.09290742025637894,0.7534692376863239,0.7591756587762186,1.5,3.1023942155129998,45417.2728123301,4.0,CIPN_1_1,CIPN_1,neuro,gait_full,4.0,0.5
8.960481100941397,0.7278197232958915,8.989991274186336,3.0,2.373259952395681,42377.72551107409,0.006516966911174604,1.2840307183523958,1.284047256346234,0.75,1.066290846353384,131898.79110668658,3.4803629031963808,0.7076816306093175,3.551582637113685,0.25,0.9222658456226712,40065.12461414587,-0.12173977094144833,0.7278197232958992,0.7379309733622756,3.0,2.373259952395714,42377.72551107497,-0.053629491911173395,1.2840307183523925,1.2851501889177046,0.75,1.0662908463533862,131898.79110668588,-0.31052520680359935,0.7076816306093171,0.7728125221308724,0.25,0.9222658456226689,40065.12461414582,-0.6811350050802961,0.8299912105747049,1.0736993549299538,0.25,0.3976155025548286,55110.8328335553,0.04852176076833125,0.17023612497537274,0.17701609959178824,0.25,1.6386152343646254,2318.427773277486,-0.3065250364254842,0.421514602013436,0.5211834203677145,0.25,0.6220170811586575,14213.964994117414,9.657057512818081,0.7510705354699276,9.686220457697999,3.0,2.4136735932315565,45128.574955036784,-0.1849682979992981,0.8500974344314544,0.8699878845660426,0.75,1.5125467877781127,57813.396609238735,1.522354185764027,0.8604473716164708,1.7486943547215297,1.5,1.4753759153759596,59229.57961428754,0.05801602218186713,0.7510705354699316,0.7533079105391743,3.0,2.413673593231569,45128.57495503726,0.25604665299929824,0.8500974344314547,0.8878206668799079,0.75,1.5125467877781114,57813.396609238785,0.5522923357640339,0.8604473716164713,1.0224463328045077,1.5,1.4753759153759598,59229.57961428763,-0.688713866970406,0.7602993875585605,1.0258566904198911,0.25,0.577820926409889,46244.431917039896,-0.003957057129650714,0.3604141528345614,0.3604358748301588,0.75,1.3605464384164276,10391.882037093685,-0.14259840205172758,0.26302000370375417,0.29918861378072026,2.25,1.63574989848934,5534.363468465609,7.075233772785264,3.214284955433687,7.771136385001137,0.75,2.2417315086054694,826530.2239166723,-0.9944494921613568,1.691282112162535,1.9619798611048347,0.75,2.0124557590684238,228834.82084089282,7.92837969037771,2.0699649720703945,8.194141779368486,1.5,2.6250321056051478,342780.3990210522,1.206582757785286,3.2142849554336883,3.4332884711471734,0.75,2.241731508605478,826530.2239166729,0.3676101478386331,1.6912821121625377,1.7307721986774909,0.75,2.0124557590684238,228834.82084089355,0.18299229037774808,2.069964972070394,2.0780378158099246,1.5,2.6250321056051433,342780.399021052,-0.4685991222851027,1.1575897699817244,1.2488391461564259,0.75,1.5080401972138815,107201.12607357535,0.0938580510397172,1.9881584204867382,1.9903726381502778,1.5,1.9833241135620383,316221.91240929003,-0.4505310505039779,1.3051604057187804,1.3807323825145223,0.25,1.7305715850340244,136275.49511806923,8.115315139779465,3.0526981223596077,8.670484741016022,2.25,2.4623311456266133,745525.3559742306,1.9159382094264574,1.9201129689193954,2.7124994075119564,1.0,1.5688018304715914,294946.9613215486,6.599275515893894,2.9456148179146124,7.226830840015197,1.5,2.5479389578816374,694133.532815533,1.350393094779501,3.052698122359606,3.338042440815578,2.25,2.4623311456266266,745525.3559742298,0.3072747894264675,1.9201129689194048,1.9445440621465924,1.0,1.5688018304715872,294946.96132155147,-0.5235790941060643,2.9456148179146138,2.9917857081186603,1.5,2.5479389578816267,694133.5328155337,-0.6018388708740801,1.2842937268198829,1.4183160449081478,0.75,1.6141955469684672,131953.08643538042,-0.05833935307868566,1.939659950913948,1.9405370919663294,1.5,1.7909398412458812,300982.5547018722,-0.267002163390607,1.1675340431652883,1.1976752052226638,0.75,2.5322320774986133,109051.1055792652,4.0,CIPN_1_1,CIPN_1,neuro,gait_full,4.0,0.5
8.845398091861847,0.7468790867939887,8.87687421189483,1.5,2.2252041461709178,44626.32785764888,0.1296213548681614,1.388084824836153,1.394123802457397,0.75,1.0495804079662063,154142.43449342906,3.659085746486869,0.7192802776526309,3.7291115051662658,0.25,0.8193976238761805,41389.137675083584,-0.0066567618619049005,0.7468790867939822,0.7469087513001162,1.5,2.225204146170883,44626.327857648095,-0.17673387986816305,1.3880848248361524,1.3992906578812232,0.75,1.0495804079662063,154142.434493429,-0.13180236351311353,0.7192802776526308,0.7312564398674986,0.25,0.8193976238761677,41389.13767508356,-0.5959268347822276,0.8450982758699818,1.0340792466208673,0.25,0.48585604416971295,57135.41862708517,0.046739220980067504,0.19040285782351363,0.19605561212366435,0.25,1.5622139168843225,2900.2598733294726,-0.27509271893734294,0.4289103978762012,0.509548950954333,0.25,0.6253988044125852,14717.14881929905,9.63039204019413,0.7437213813612314,9.659066846281181,1.5,2.2216040718867243,44249.72122583541,-0.2187633912009411,0.8390766681083707,0.8671257557549429,0.75,1.6106338999636072,56323.97658347884,1.6260080968469157,0.9477114028815014,1.8820359279682608,1.5,1.3960184320502316,71852.55451538168,0.08468149480581821,0.7437213813612493,0.7485268523282466,1.5,2.2216040718867025,44249.72122583754,0.2898417462009419,0.8390766681083707,0.8877262487978239,0.75,1.610633899963608,56323.976583478856,0.6559462468469224,0.947711402881502,1.1525720723252793,1.5,1.396018432050232,71852.55451538177,-0.7109866423293876,0.7312568648748354,1.019920883204864,0.25,0.5671707602853279,42778.92930445171,-0.018138863868286715,0.37957845806433027,0.38001161062384237,0.75,1.410594932089498,11526.412809350417,-0.14561540419425106,0.2594496416569342,0.29751968421361075,2.25,1.9262617390280572,5385.147426993671,6.911689548615154,3.06746830204037,7.561799666776316,2.25,2.5191195092823584,752756.3642166568,-1.1057333356755537,1.6339908603731057,1.9729602989941357,0.75,2.9127337740489643,213601.59523076395,7.907183280510437,2.2237409640572423,8.213925450526688,1.5,2.935932171145767,395608.28494182165,1.0430385336151873,3.067468302040377,3.23995234017857,2.25,2.519119509282357,752756.3642166603,0.2563263043244358,1.6339908603731048,1.6539737924379163,0.75,2.9127337740489834,213601.59523076378,0.16179588051048419,2.2237409640572428,2.2296192011588882,1.5,2.93593217114576,395608.28494182206,-0.4380379856920362,1.0838772574223883,1.1690454165970692,0.75,1.5272947582091838,93983.59352410291,0.04970044674001059,1.952595372650076,1.9532277961622002,1.5,2.182108585616392,305012.42903541407,-0.5021869810135332,1.2491859799060765,1.3463496486029887,0.75,2.0018671860544606,124838.27063740669,8.18410226328894,2.7665018014016995,8.639042891034284,0.75,1.9834748408993788,612282.5774749587,1.7851614910275646,1.9433439069347638,2.6388230500865775,0.25,1.5228348612593392,302126.84441528417,6.783639925118561,2.7590879157850754,7.323273636884927,1.5,2.2229631256380964,609005.2905916458,1.419180218288973,2.7665018014016987,3.109277200434464,0.75,1.9834748408993774,612282.5774749586,0.17649807102757728,1.9433439069347735,1.9513423865885158,0.25,1.522834861259342,302126.84441528714,-0.33921468488139683,2.7590879157850767,2.7798619982780486,1.5,2.2229631256381097,609005.2905916463,-0.6309524154688108,1.3310960960644473,1.473064074486897,0.75,1.6312814528616812,141745.34536721458,-0.0017261540173329325,1.9260676899104303,1.9260684634053364,1.5,1.772342842677278,296778.94019524613,-0.3291925824521188,1.1360374132055997,1.1827716434478657,0.75,2.469624028436775,103246.48170122902,4.0,CIPN_1_1,CIPN_1,neuro,gait_full,4.0,0.5
8.808107580113079,0.9094380495733494,8.854932902560995,1.5,2.188953255571672,66166.20847461374,0.24158152394864715,1.1383362875375895,1.1636885907484926,0.75,1.2811842245308285,103664.81309510613,3.7243721642903114,0.588314283472382,3.770551911097117,0.75,1.3648004654075188,27689.175744392807,0.030633749886865066,0.9094380495733501,0.909953840941347,1.5,2.1889532555716387,66166.20847461386,-0.28869404894864803,1.138336287537594,1.1743737724520402,0.75,1.2811842245308296,103664.81309510693,-0.06651594570967091,0.588314283472385,0.5920625534276573,0.75,1.364800465407506,27689.175744393076,-0.006119863657336786,0.12683635683041328,0.1269839129385936,2.25,2.00578387785063,1287.0003394792948,-0.0077852104403357105,0.19065575544668212,0.19081463934023868,1.5,1.941994932073748,2907.9702111280926,-0.006261079177500437,0.13900515483451123,0.13914608935587577,0.75,1.4310144504236455,1545.7979446374354,9.634392711493538,0.940947358253808,9.680232685751136,1.5,2.1268625642905454,70830.61117937598,-0.011094725197771771,0.7130835268293965,0.7131698319213066,3.75,2.822610294548431,40679.168386286154,1.480784529084421,1.116296906676249,1.8544113905578592,1.5,1.5286911155796035,99689.53520232289,0.08068082350640428,0.940947358253831,0.944399982150855,1.5,2.126862564290523,70830.61117937947,0.08217308019777265,0.7130835268293962,0.7178025712858932,3.75,2.8226102945484337,40679.168386286125,0.5107226790844287,1.1162969066762503,1.2275815405854478,1.5,1.5286911155796035,99689.5352023231,-0.08530991967051714,0.3156766839375998,0.3270008427757173,1.5,2.0264117623282885,7972.150347973408,-0.03370615943343775,0.3804014453894446,0.3818918234764014,0.75,1.4897191211512342,11576.424622068695,-0.0014533525216001086,0.2651465224772872,0.26515050559135395,2.25,2.460465351350721,5624.218024290458,8.026917459507745,4.479015903439723,9.192006710453176,0.75,2.066582147096295,1604926.6872768253,-1.3855789804039416,1.547436608177482,2.0771107739514174,0.75,2.3830861489670583,191564.80735772144,7.833256675935064,3.1119282142210736,8.42876072513311,1.5,2.5723984313036943,774727.7812133079,2.1582664445077877,4.479015903439731,4.971890737813365,0.75,2.066582147096299,1604926.6872768316,-0.023519340403950314,1.547436608177484,1.547615331954576,0.75,2.383086148967059,191564.80735772196,0.08786927593512062,3.111928214221075,3.1131685177835347,1.5,2.5723984313036987,774727.7812133088,-0.18758767315892955,0.6049628650901029,0.6333791938951004,1.5,2.405167794102382,29278.405813521164,-0.004601232052118914,2.5189217926072085,2.5189259950637517,1.5,1.9040104219713787,507597.36321392667,-0.04685150253211127,0.935999019976247,0.9371708641896691,1.5,3.158697455083949,70087.53407014969,8.798090053033759,3.387116350452363,9.427563086651466,0.75,2.0193086917347207,917809.2096192574,0.9192070851262102,0.8314542762703925,1.2394587039811156,0.75,3.040622339281385,55305.709622955,6.879332700563144,3.0211804986684805,7.5135045092534645,1.5,2.46612798595388,730202.543250594,2.033168008033797,3.3871163504523607,3.950484694362685,0.75,2.0193086917347136,917809.209619256,-0.6894563348737798,0.8314542762703923,1.0801232574229236,0.75,3.040622339281392,55305.70962295497,-0.2435219094368189,3.0211804986684787,3.03097913650201,1.5,2.4661279859538943,730202.5432505931,0.003148976306574429,0.8007295886395583,0.8007357805010688,1.5,2.7925209230771944,51294.20458895267,0.023802829897909418,2.4686389839425056,2.4687537357443805,1.5,1.681508534131079,487534.9810382693,0.04142617846079616,0.6801578915731296,0.6814182898419082,1.5,2.866518529336782,37009.31453807211,4.0,CIPN_1_1,CIPN_1,neuro,gait_full,4.0,0.5
8.829881999520644,0.9311063969413383,8.878838620443766,1.5,2.278117507301233,69356.92378763443,0.23105140768416946,1.0367877849587466,1.062221099410335,0.75,1.428541243872216,85994.47476374598,3.707526014400075,0.6024240651875351,3.7561501436671003,0.75,1.6851213464477213,29033.244030745165,0.008859330479307575,0.9311063969413467,0.9311485435534107,1.5,2.2781175073012188,69356.92378763566,-0.27816393268416983,1.0367877849587488,1.0734542768492714,0.75,1.4285412438722151,85994.47476374639,-0.08336209559990806,0.6024240651875307,0.6081644459353722,0.75,1.6851213464477046,29033.244030744732,0.014744282337539055,0.13091512370481348,0.13174279288179558,0.75,1.9108837000703554,1371.1032839516336,0.006162527058625985,0.18375478579317514,0.18385809212989232,1.5,2.052583369424056,2701.265855504592,0.001845117550909241,0.1387078956043144,0.13872016710541427,0.75,1.7095041294115711,1539.1911621841532,9.640573650512431,1.0775856052785873,9.700610859510766,1.5,2.2583601303677066,92895.43926862767,0.0679483839338108,0.7645320158736305,0.7675455596738305,1.5,2.9579104870310897,46760.98653014224,1.3720729313098345,1.1095526665591051,1.7645654560547144,1.5,1.6423711690047882,98488.6155663305,0.07449988448751606,1.0775856052785922,1.080157844711727,1.5,2.2583601303677185,92895.43926862851,0.0031299710661898605,0.7645320158736307,0.7645384228504625,1.5,2.95791048703109,46760.986530142254,0.4020110813098407,1.1095526665591056,1.1801355978718415,1.5,1.6423711690047889,98488.6155663306,0.006780972958475968,0.31520663184908476,0.31527956222360504,1.5,2.1967137244033825,7948.444323358528,-0.020648934214850714,0.3866810965257832,0.3872320349539682,0.75,1.8299824934634767,11961.904171670807,0.01410338323394082,0.28652497501222274,0.2868718646441269,2.25,2.4311861475246976,6567.727374434719,8.66461714614419,5.0342265342024275,10.020929452247614,0.75,2.0420041962425945,2027475.6402119228,-1.3939072108893398,1.7573228681017645,2.243024960922796,0.75,2.543607658035209,247055.6232781481,7.706797268602436,3.428145541049255,8.434862535332384,0.75,3.111242808052192,940191.0709978325,2.795966131144222,5.034226534202422,5.758546987233266,0.75,2.0420041962425945,2027475.6402119184,-0.03184757088934747,1.7573228681017676,1.7576114276269867,0.75,2.5436076580352136,247055.62327814894,-0.03859013139750992,3.428145541049251,3.4283627358926214,0.75,3.1112428080521846,940191.0709978306,-0.1190476534877197,0.6115171479604173,0.6229972440152325,1.5,3.9010010910271493,29917.370735722114,0.019121586821665097,2.685198043007172,2.6852661255920474,1.5,2.300267346941937,576832.0154231742,0.060094040679440505,1.1340508606590516,1.1356419542649514,1.5,3.3828747191415234,102886.78586579187,9.126298771246068,3.9430183843190387,9.94166601939159,0.75,1.8591791819672394,1243791.5221250223,0.8165114939727832,0.9270208918674947,1.235337506007355,0.75,2.4342784914366806,68749.42235908334,6.690561836034472,3.4619406557492263,7.533170035631105,0.75,2.499661816950141,958802.7182619687,2.3613767262461063,3.9430183843190356,4.596030246020437,0.75,1.859179181967238,1243791.5221250202,-0.7921519260272092,0.9270208918674939,1.219373776931184,0.75,2.4342784914366673,68749.42235908323,-0.4322927739654827,3.4619406557492134,3.488826471229555,0.75,2.4996618169501406,958802.7182619617,0.053854726934342505,0.8176564955102468,0.8194281397799753,1.5,2.8613588353835335,53484.972916663486,-0.017415023923201572,2.5806854507267527,2.580744210232968,1.5,1.760171007159131,532795.3840361858,0.11202123846230214,0.6778551332840823,0.6870490081400372,1.5,3.478734337096561,36759.00829782564,4.0,CIPN_1_1,CIPN_1,neuro,gait_full,4.0,0.5
8.892429314943374,0.9103602842753883,8.938906810592123,1.5,2.624619502033107,66301.52623691241,0.2201929436601199,0.9928491318796616,1.0169731221187246,0.75,1.3624208205854875,78859.96535956152,3.72173565244676,0.552372751066734,3.7625034116681335,1.5,1.8806489179625285,24409.31325811105,-0.05368798494341706,0.9103602842753841,0.9119420194909557,1.5,2.6246195020330862,66301.52623691178,-0.26730546866012067,0.9928491318796611,1.0282030987357524,0.75,1.362420820585486,78859.96535956145,-0.06915245755321997,0.5523727510667286,0.5566845772128737,1.5,1.8806489179624901,24409.313258110567,0.0050269362513224915,0.12592077154411543,0.12602107281855748,0.75,1.9771020155284267,1268.4850072028553,0.0002958628503686256,0.15998762378748108,0.15998789735473995,1.5,2.3843721198260477,2047.6831812203284,-0.008406617666953706,0.12154553371697446,0.12183590598482254,0.75,1.9418410060539109,1181.873385548603,9.686637846577163,1.1131475509773254,9.750387184157761,1.5,2.538119562462258,99128.94742149516,0.032502466283905185,0.8032468953687112,0.8039042139670681,1.5,2.8633331302249556,51616.49906947833,1.3086238144401765,1.1498449401988313,1.742021720364247,1.5,1.5672948142783567,105771.47185858538,0.028435688422782487,1.1131475509773223,1.1135106908435537,1.5,2.538119562462252,99128.94742149461,0.038575888716095214,0.8032468953687109,0.8041726643636361,1.5,2.8633331302249587,51616.499069478275,0.3385619644401828,1.14984494019883,1.1986524059402903,1.5,1.5672948142783554,105771.47185858517,-0.009089397259245202,0.3327669641596368,0.33289107764936776,1.5,2.236873785203487,8858.714334720173,-0.02047797237754234,0.3990305074145135,0.39955561965786374,0.75,1.6828976072085262,12738.027771372925,0.018100658582352977,0.2893286257255676,0.2898942695283238,2.25,2.570013821398941,6696.92638202174,8.04486348194958,4.436379016130536,9.187017318910923,0.75,2.20779633100607,1574516.7444863995,-1.4389413736994414,1.5808905701695264,2.1377013991189147,0.75,2.4333958270296128,199937.20018519703,7.909362715350341,2.988945928764165,8.45528333812948,1.5,2.6813940796792957,714704.0091967174,2.1762124669496035,4.436379016130529,4.941392463270871,0.75,2.2077963310060706,1574516.7444863948,-0.07688173369944978,1.5808905701695277,1.5827589190484974,0.75,2.433395827029615,199937.20018519738,0.1639753153503876,2.9889459287641618,2.993440440215926,1.5,2.681394079679299,714704.009196716,-0.0959340766878074,0.6154133469705713,0.6228458354195385,1.5,3.1897805717052345,30298.702159508855,-0.04066254956398941,2.586066592068669,2.5863862552895505,1.5,1.9537620134536449,535019.73408498,0.030996064239520525,1.02426882584114,1.0247377145339818,1.5,2.7868320959758104,83930.1432592912,9.49370814594813,4.245532906156789,10.399761728890812,0.75,1.91300673057784,1441968.1640282478,0.8047178822796712,1.0717754617334152,1.340251286302145,0.75,2.7390907104326385,91897.0704609987,6.413341342101681,3.869975817135065,7.490504655597031,0.75,2.2919613944627355,1198137.7956719948,2.7287861009481564,4.245532906156794,5.046862712813574,0.75,1.9130067305778364,1441968.164028251,-0.8039455377203203,1.0717754617334154,1.3397876951197494,0.75,2.7390907104326296,91897.07046099876,-0.7095132678982796,3.869975817135061,3.9344786061858157,0.75,2.2919613944627275,1198137.7956719925,0.03462395674047034,0.7868860944128352,0.7876474744202836,1.5,3.363345902534059,49536.27557517692,-0.0335656331734713,2.6465920943443564,2.6468049353090572,1.5,2.0084232932983626,560360.4188096927,0.13149112104533336,0.7767326072384875,0.7877838904555342,1.5,4.193802081448877,48265.61377762748,4.0,CIPN_1_1,CIPN_1,neuro,gait_full,4.0,0.5
8.91787847431889,0.8226563868100474,8.955742292712513,1.5,2.3079376709130446,54141.10629254115,0.3199537635987317,1.0282751908495376,1.0769030963636634,0.75,1.2994100210440747,84588.00132160187,3.6415991802158825,0.48235897980945736,3.6734064265680986,0.75,1.699888820925001,18613.62609130646,-0.07913714431893384,0.8226563868100204,0.8264540025738116,1.5,2.307937670913026,54141.10629253762,-0.3670662885987303,1.028275190849535,1.091827609259948,0.75,1.2994100210440744,84588.00132160143,-0.14928892978409422,0.48235897980945824,0.5049330351233732,0.75,1.6998888209250054,18613.626091306523,-0.0002477601853130923,0.12434867788698312,0.12434892471328456,2.25,2.1940675347787417,1237.0095847402413,0.005128344172489339,0.14001781679495834,0.1401117016311558,1.5,2.5231073154936343,1568.4196431817738,-0.002612324906555372,0.1329980813218787,0.1330237342609148,0.75,1.468996669915479,1415.0806908325078,9.692885356886075,1.0004141781722664,9.744375560785029,1.5,2.2446307796471077,80066.28329179696,-0.02365088882251206,0.7642465766444421,0.7646124472272497,1.5,2.7425811685783925,46725.829610518136,1.3211449248344604,1.1060657887699183,1.723022182533665,1.5,1.6401842311437844,97870.54617438259,0.02218817811386491,1.0004141781722724,1.000660203633639,1.5,2.244630779647101,80066.28329179791,0.09472924382251272,0.7642465766444421,0.7700950977301012,1.5,2.7425811685783943,46725.829610518165,0.35108307483446466,1.1060657887699152,1.1604485574649301,1.5,1.6401842311437844,97870.546174382,-0.005611746920641139,0.3525489335207269,0.35259359357495884,1.5,1.9296029623456492,9943.260050495743,-0.02706885779665511,0.3770534908306374,0.37802388550194166,0.75,1.5864646828987987,11373.55040032808,0.021513883008923953,0.2833789335926328,0.2841944179012308,2.25,2.2644065085361618,6424.290068020769,8.024542519841903,3.994121793609308,8.963609292853826,0.75,2.2298547114746547,1276247.4693882777,-1.3864916053804797,1.5027369895968485,2.0446460406860494,0.75,2.584144673086633,180658.39779765764,7.72954028814607,2.7001716337865744,8.187595490617431,1.5,2.7962436391476593,583280.9363855771,2.1558915048419287,3.994121793609324,4.538818908354305,0.75,2.229854711474671,1276247.4693882882,-0.024431965380487038,1.5027369895968505,1.502935587719899,0.75,2.5841446730866164,180658.3977976581,-0.01584711185388743,2.700171633786573,2.700218136162292,1.5,2.7962436391476704,583280.9363855765,-0.09162868882448637,0.7375067055974219,0.7431769354715315,3.0,3.4416674731911776,43513.318940229175,-0.036364789188708516,2.5245756973450635,2.52483758874072,1.5,1.8736736639339704,509878.6490783042,0.021225819535731497,0.97126435385052,0.9714962586009438,1.5,2.5405206722091296,75468.37099025429,9.053171602855333,3.754179616676161,9.80070306993396,0.75,1.9495050657213742,1127509.1763045257,1.0778810473796494,1.009021918580682,1.4764663167429493,0.75,2.6697881512093864,81450.05982254096,6.728734952385189,3.3081961916533746,7.498002140698547,1.5,2.4719268606395914,875532.9857442013,2.288249557855363,3.7541796166761694,4.3965839731878305,0.75,1.9495050657213744,1127509.1763045308,-0.530782372620341,1.0090219185806817,1.1401119064638867,0.75,2.669788151209385,81450.0598225409,-0.39411965761477746,3.3081961916533795,3.3315900628661255,1.5,2.471926860639595,875532.9857442037,0.03848876111850643,0.7167789651091557,0.7178115836035175,1.5,3.020751752199171,41101.768243970495,-0.012497411859198114,2.541572951113707,2.541603677038577,1.5,1.670532163627959,516767.4478451011,0.0857696011843131,0.7232888844871284,0.728356530079844,1.5,3.3701844939415575,41851.74483658812,4.0,CIPN_1_1,CIPN_1,neuro,gait_full,4.0,0.5
8.767979647528211,0.7319296700957337,8.798476467061521,1.5,2.811098222979632,42858.266361584414,0.3806576883068557,0.8670130003822013,0.9468958857756571,0.75,1.3746220907333226,60136.99551271927,3.5362600956687733,0.46140267249926226,3.5662344132724617,0.75,1.8127089355008486,17031.506426751544,0.07076168247174251,0.7319296700957095,0.7353422724640859,1.5,2.8110982229795907,42858.266361581576,-0.4277702133068547,0.8670130003821996,0.9667982717321829,0.75,1.3746220907333246,60136.99551271903,-0.2546280143312047,0.46140267249926503,0.5269989106931021,0.75,1.8127089355008865,17031.506426751752,0.024946153234148304,0.1172466983881077,0.11987117603533179,2.25,2.2780040448342476,1099.7498558433304,-0.0024054131011881762,0.14702464687619005,0.1470443225740312,1.5,2.0139927326706895,1729.3003894845992,0.00389337983651038,0.14958568434657857,0.14963634374036805,0.75,1.762275440509323,1790.0882042903731,9.695048853528254,0.8893861335613806,9.735757801366608,1.5,2.650597162058472,63281.440630492965,-0.026987255074330366,0.6592376152961372,0.6597897736080673,1.5,2.6141040024475277,34767.54178139108,1.3869573796656243,0.9969915015369168,1.708110894276414,1.5,1.6036382673970722,79519.37740168125,0.02002468147168142,0.8893861335613951,0.8896115345696289,1.5,2.650597162058535,63281.44063049502,0.09806561007433096,0.6592376152961379,0.666491633331274,1.5,2.614104002447529,34767.54178139116,0.416895529665627,0.9969915015369145,1.0806451484146011,1.5,1.6036382673970737,79519.37740168089,0.023558792373162767,0.2942783685662139,0.29521987552343804,1.5,1.9228238873654384,6927.998028450244,-0.017189882554577367,0.3397242894470217,0.3401589112496157,0.75,1.4612140879786724,9233.007992565195,0.018156680510048002,0.26447330280368286,0.2650958184186097,2.25,2.4424098428523457,5595.73899514822,7.857737610623484,3.810586406459113,8.732961073914039,0.75,2.3053339641742605,1161645.5552314692,-1.50861961455641,1.5288234580347746,2.147844106834045,1.5,2.661417090135117,186984.10042261778,7.7874486967804275,2.4600870997394626,8.166785520833255,1.5,2.905735413733639,484162.5466145283,1.9890865956235053,3.8105864064591244,4.298492089789182,0.75,2.305333964174268,1161645.5552314762,-0.14655997455641756,1.5288234580347742,1.535832345010152,1.5,2.66141709013511,186984.10042261772,0.04206129678047851,2.4600870997394626,2.460446644613814,1.5,2.9057354137336375,484162.5466145284,-0.08906367913745548,0.7816785056921576,0.7867360581558621,3.0,3.656548964910851,48881.708923090955,0.007456706388144081,2.427728762468411,2.427740213982246,1.5,1.8837735958561905,471510.0974468302,0.04176519575138743,0.9546148763689073,0.9555280706295215,1.5,2.3212524709944526,72903.16905710417,8.758800529755664,3.2016719266889435,9.32562543994751,0.75,1.9682311428607244,820057.0317559041,1.4341689722970843,0.8293090134588018,1.6566816474216424,1.5,3.060403717456364,55020.68481306294,6.767840148032284,2.563820095228543,7.237184103642475,1.5,2.6131528802769757,525854.4866442238,1.9938784847557105,3.201671926688947,3.7717707430489256,0.75,1.9682311428607246,820057.0317559057,-0.17449444770290484,0.829309013458802,0.8474678472267565,1.5,3.0604037174563508,55020.68481306295,-0.35501446196767306,2.5638200952285426,2.588282973112463,1.5,2.61315288027698,525854.4866442237,0.09933191350316221,0.600537711771299,0.6086972747595536,2.25,4.308512238594863,28851.65400039221,0.08056275403638061,2.3329101213843244,2.3343007500738517,1.5,1.6228962363155077,435398.42586392513,0.04920979089818279,0.7170028853639587,0.7186895999946605,1.5,2.640785668957787,41127.49003310769,4.0,CIPN_1_1,CIPN_1,neuro,gait_full,4.0,0.5
8.825949486859237,0.7192728409327639,8.855209639771061,0.25,1.907141745349056,41388.43020932626,0.2890792636563784,0.7453441601773033,0.7994402653022448,0.75,1.5510903587837426,44443.236314713366,3.474455348403921,0.3975410510987211,3.4971243694443133,0.75,1.6028497330632483,12643.118912003598,0.012791843140721113,0.7192728409327526,0.7193865796318483,0.25,1.9071417453490895,41388.43020932494,-0.3361917886563786,0.745344160177304,0.8176569181939242,0.75,1.5510903587837348,44443.23631471344,-0.3164327615960582,0.39754105109872245,0.5081029225658762,0.75,1.6028497330632692,12643.118912003682,0.015412338882143217,0.14180838941059037,0.14264346987171778,2.0,2.050442441553092,1608.7698499125192,0.005131380811174229,0.1563311773348089,0.15641537033142472,1.5,2.094645253790729,1955.1683074078592,-0.018996250584868823,0.1701635571944488,0.17122059961742797,0.75,1.6191729019200363,2316.4807955706738,9.734348334387548,0.7549497543559756,9.76357960108872,2.75,2.2721131316295002,45595.95158279499,-0.031777014171864744,0.6421703360001224,0.6429560786462704,1.5,2.988479797725157,32991.29072051994,1.3515295670568725,0.920213553522117,1.6350612082471834,1.5,1.4123035391793288,67743.50493663544,-0.019274799387610755,0.7549497543559844,0.7551957689854956,2.75,2.2721131316294665,45595.951582796064,0.10285536917186479,0.6421703360001221,0.6503552624573666,1.5,2.9884797977251436,32991.2907205199,0.381467717056878,0.9202135535221158,0.9961478822154801,1.5,1.4123035391793304,67743.50493663525,-0.030420031551309474,0.2721092243714244,0.27380432485189277,1.5,1.7105302555515445,5923.481387888597,-0.02233272833851333,0.30500515947791623,0.30582167690206485,0.75,1.6907865876437715,7442.303901986046,0.01771754792081187,0.2179148040385938,0.21863387963329245,2.0,2.4484981756992417,3798.962475873684,7.254870135742475,3.162833767417763,7.9143324498536245,2.0,2.311007952649706,800281.7647671246,-1.518800074845965,1.4381104093828279,2.0916297992061965,1.25,2.290685907690219,165452.93369185028,7.843531238515178,1.8257496253483796,8.053219479439463,1.25,2.8286472014916466,266669.1952826335,1.3862191207424974,3.1628337674177636,3.4532768338246713,2.0,2.3110079526497223,800281.7647671249,-0.15674043484597308,1.4381104093828292,1.4466268051888687,1.25,2.2906859076902246,165452.93369185054,0.0981438385152271,1.825749625348388,1.8283856014250064,1.25,2.8286472014916337,266669.19528263586,-0.0616154865695297,0.7015920430064525,0.7042924555858651,1.5,3.533142860693051,39378.907726157006,-0.1555357476583301,2.040314577265188,2.0462343323775163,1.25,2.2119573086210673,333035.6218177898,-0.029649836829019643,0.7668619812322948,0.7674349556043873,1.25,2.37539456345979,47046.4053217261,8.817012194200062,3.0217595429481694,9.320447133484045,0.75,1.8814630355921365,730482.4591383185,1.4551453751373093,0.8055965307294819,1.663260001655447,0.75,3.0971887040824067,51918.86540833984,6.3738604017638885,2.700513898693428,6.922345826250672,0.75,2.290499028810943,583422.0477580088,2.0520901492001182,3.021759542948183,3.6526845902490095,0.75,1.881463035592113,730482.4591383251,-0.1535180448626787,0.8055965307294819,0.8200936290581926,0.75,3.0971887040824027,51918.86540833985,-0.7489942082360734,2.7005138986934285,2.802457428937603,0.75,2.2904990288109257,583422.0477580089,0.10862507036450675,0.5670583016565167,0.5773686200247352,2.0,4.637354906328621,25724.410833250015,0.10656392393782724,2.240497711239533,2.243030508921939,1.5,1.6504172770116545,401586.93349313195,0.0668827224484593,0.7400316913437844,0.7430479141719327,2.0,2.8098767987371263,43811.75287733277,4.0,CIPN_1_1,CIPN_1,neuro,gait_full,4.0,0.5
9.654130122404593,0.7755941105392994,9.685234878133983,1.5,2.2980165192707647,48123.70295157389,-0.24509488501014648,1.2136038845215698,1.2381057673656077,0.75,1.2972020712099384,117826.9579631081,1.1083809421745354,0.5330894467938885,1.2299157171362292,0.5,1.4327078506986262,22735.067915511903,-0.6231471274046271,0.7755941105392974,0.9949163616585477,1.5,2.2980165192707274,48123.70295157363,-0.08396684998985023,1.2136038845215673,1.2165051666240698,0.75,1.2972020712099366,117826.95796310769,-2.264821892825446,0.533089446793884,2.3267149727683547,0.5,1.432707850698629,22735.06791551152,0.014946417516620656,0.14282077687924108,0.14360073016865585,1.0,1.9803827728224923,1631.8461428597714,0.04699038673070269,0.23259980319505177,0.23729889357407002,1.5,2.2046234740050807,4328.2493093285675,0.004307509515314683,0.20062484710763556,0.2006710839039513,0.75,1.2109019500787535,3220.0331567177814,9.46711779472991,0.8924520014905594,9.509089857302655,1.5,2.118344580927426,63717.82870244193,-0.4411681533942041,0.7747908728935691,0.8915886026012393,2.25,2.559916548550874,48024.0777425539,2.22945503012815,1.1590262190192915,2.512729891519951,1.5,1.5725625640835628,107468.07441699451,0.07388710027003632,0.8924520014905606,0.89550537605914,1.5,2.118344580927435,63717.82870244208,-0.24166670660579195,0.7747908728935686,0.8116056270140491,2.25,2.55991654855088,48024.07774255383,0.31107029012816106,1.1590262190192888,1.2000443749189305,1.5,1.5725625640835519,107468.07441699402,-0.019640776359953885,0.32499336720619737,0.3255863154741673,0.75,2.0263829258819333,8449.729458549715,-0.007458845435005015,0.2685696037842394,0.26867315915819845,0.75,1.8102444915612763,5770.377371105739,0.003694345868622304,0.19274429715382493,0.1927796988189342,1.5,2.6269670264363505,2972.046294155194,8.440284575947054,4.038543475642586,9.356721494606164,0.75,2.261110315503245,1304787.5042747378,-1.6209993221093342,1.6238981316714374,2.294489909397055,0.75,2.2248073445441396,210963.9369515399,7.153953356248494,3.0171197588191467,7.764152256520734,1.5,2.5763110199726107,728241.3627515136,1.923746825947078,4.038543475642566,4.473324854623974,0.75,2.261110315503242,1304787.5042747243,-0.19068170210933977,1.623898131671435,1.635054939005198,0.75,2.2248073445441374,210963.9369515393,-0.0268489237514723,3.01711975881915,3.0172392188494994,1.5,2.576311019972595,728241.3627515151,-0.08866413066328019,0.741039341786203,0.7463247511246055,2.75,3.02813053511898,43931.14454077121,-0.045430017760714314,2.4861909818678667,2.486606017211984,1.5,1.9532588545562726,494491.648684547,0.00537854155690995,0.997832366293047,0.997846861963929,1.5,2.760678483590193,79653.55458267548,8.031390322972177,3.16485844739522,8.632471228563697,0.75,2.096031471166211,801308.2558442636,1.803583251549798,1.0250188904389494,2.0745062716288993,1.75,3.1111714205474343,84053.14672873568,7.225066529112948,2.8778053347707306,7.7771042101120855,0.75,2.2769324847846883,662541.170825446,1.4452751479722104,3.1648584473952193,3.479245499443086,0.75,2.096031471166208,801308.255844263,0.4644103415498037,1.02501889043895,1.1253180399758556,1.75,3.111171420547443,84053.14672873578,-0.10005066088701355,2.877805334770708,2.87954400549439,0.75,2.2769324847846857,662541.1708254354,0.05082032902758432,0.6760431363829922,0.6779506088890436,2.25,3.1621940105611013,36562.746870309165,-0.0758779705856722,2.159955932081657,2.1612882951968575,1.5,1.8636886542490991,373234.0692944682,0.0777259025227813,0.6380713837860557,0.6427879951660833,2.0,2.961951544168104,32570.80857927086,4.0,CIPN_1_2,CIPN_1,neuro,gait_full,4.0,0.5
9.521600389035607,1.0712791695808797,9.581675898696476,1.5,2.326497396422914,91811.42432950353,-0.41803002418011476,1.3510501032279647,1.414243784694959,0.75,1.6222431491846645,146028.21566957372,1.1111501651143043,0.5753722116002538,1.251282490613256,0.25,1.1494276684911968,26484.271097600595,-0.49061739403564514,1.0712791695808734,1.1782803089707532,1.5,2.3264973964228934,91811.4243295025,0.08896828918011891,1.3510501032279651,1.3539762693311626,0.75,1.6222431491846616,146028.21566957387,-2.262052669885677,0.5753722116002508,2.334081288905484,0.25,1.1494276684912088,26484.27109760031,0.011003292443909662,0.15712998059317423,0.15751477151625337,0.75,1.7154392081594891,1975.1919087818453,0.05360513814695471,0.2623861062399155,0.2678058617422298,1.75,2.2281739827653637,5507.745969713874,-0.00812924631480638,0.2095750204753555,0.20973262467459006,0.75,1.3770557816760143,3513.746941676477,9.523359273868483,1.19039063791267,9.597468506330559,1.5,2.2720338105038347,113362.84645854415,-0.5530670057609116,0.8586534866464973,1.0213564133012172,2.5,3.1384390502858954,58982.883843145144,2.3271512659788756,1.2162505445113971,2.6258138551259407,1.75,1.8629037530812538,118341.93291384702,0.017645621131474595,1.1903906379126674,1.1905214146647018,1.5,2.2720338105038187,113362.84645854366,-0.12976785423908394,0.8586534866464968,0.8684039993712613,2.5,3.138439050285894,58982.883843145086,0.4087665259788858,1.2162505445113962,1.2831038382707438,1.75,1.8629037530812462,118341.93291384687,-0.018465611253978876,0.30146370204649037,0.3020287113016876,2.5,2.166403275022403,7270.432194650074,0.003606370985452394,0.2952607236713039,0.2952827473026265,0.75,1.9823774348886927,6974.33539161837,-0.0052735016491580015,0.2540833991994948,0.2541381190778226,2.5,2.69090109365159,5164.704761703813,8.686713359560933,4.406137142612813,9.740278923659558,2.5,2.382654040128651,1553127.7880283217,-1.6468640780181112,1.8108985061415401,2.447757073529174,0.75,2.08497485197169,262349.0843986218,7.589359092740601,3.5353476915202924,8.372398386275126,0.75,2.4711491723839054,999898.2995360922,2.1701756095609532,4.406137142612795,4.911589019436103,2.5,2.3826540401286533,1553127.7880283084,-0.21654645801811875,1.810898506141541,1.8237998157763524,0.75,2.0849748519716904,262349.08439862216,0.40855681274064126,3.5353476915202995,3.558876503782437,0.75,2.4711491723838996,999898.2995360962,-0.12837801362872056,0.7640970918402545,0.7748066082203935,2.5,3.2161441956554224,46707.58111267317,-0.1883349007009943,2.75915947690568,2.765579695799866,1.75,2.19592563411918,609040.6231761463,-0.036033601209718484,1.0874308874041243,1.0880277364555844,2.5,2.646809124512858,94600.53887087193,8.860241138477479,4.383051791314687,9.88509059327812,0.75,2.2383926046830283,1536892.6114218927,1.6841336785937802,0.9160224358629614,1.9171341503343293,0.5,3.701066288034388,67128.05639363886,7.251617316565646,4.115882951394434,8.338251985607902,0.75,2.4493752425160387,1355241.4570257976,2.274125963477517,4.38305179131469,4.937893468181493,0.75,2.2383926046830376,1536892.6114218945,0.34496076859378855,0.9160224358629622,0.9788232909331142,0.5,3.7010662880343874,67128.05639363897,-0.07349987343432102,4.11588295139443,4.116539165485272,0.75,2.449375242516043,1355241.4570257948,0.03252221425901648,0.6614260511721995,0.6622251245532431,2.5,3.6042002014636787,34998.83898613504,-0.0033431647254699116,2.6240205194484094,2.6240226491470464,1.75,1.9413340764314075,550840.4094285712,0.10156250851721282,0.5830777537720471,0.5918569168981341,2.5,3.3472301931659323,27198.687561267718,4.0,CIPN_1_2,CIPN_1,neuro,gait_full,4.0,0.5
9.45562921879713,1.2227242382472494,9.534357790966695,1.75,2.028468509853968,119604.36523534388,-0.570366522212642,1.3717815800236413,1.4856320785958756,0.75,1.3935479417594219,150543.37613470477,1.255527484543474,0.5289278717688844,1.36239273265018,0.75,1.5056972384820815,22381.296189158682,-0.424646223797178,1.222724238247252,1.294364314319012,1.75,2.02846850985393,119604.36523534442,0.24130478721264495,1.3717815800236444,1.39284338804616,0.75,1.3935479417594239,150543.37613470547,-2.117675350456507,0.5289278717688812,2.1827307629355137,0.75,1.505697238482099,22381.296189158405,0.032253337281577574,0.1501470527868161,0.1535721824627303,0.75,1.8004498446807917,1803.5361780734083,0.04359335702907872,0.24498676976924103,0.2488350822111541,1.75,2.27328186276141,4801.497252338791,0.00970339969602633,0.2139931436901522,0.21421302834341097,0.75,1.706652654821859,3663.486491869934,9.45682789328783,1.2725620408154998,9.542065182705011,1.75,2.1283637326924367,129553.30595282366,-0.5710321337536943,0.892895946990526,1.05987776178737,2.5,3.3344864512832033,63781.054245389365,2.1531579175518654,1.2984520003557394,2.5143720120825614,1.75,2.1623544412118036,134879.87996790803,0.08417700171211298,1.2725620408154912,1.2753430579031388,1.75,2.128363732692424,129553.30595282193,-0.11180272624630186,0.8928959469905252,0.8998683357848594,2.5,3.3344864512832024,63781.054245389256,0.23477317755187826,1.298452000355742,1.3195059841189176,1.75,2.162354441211801,134879.8799679086,0.006516871148386378,0.2655274878084369,0.26560744792159774,2.5,2.449230549419377,5640.397245973595,-0.029899885887103825,0.29531991661149876,0.2968296756112576,0.75,1.9783165653537957,6977.110103600674,0.02544490956603438,0.2623162014085863,0.2635474017027178,2.5,2.7975441621910613,5504.797799754903,8.784893240958702,4.787563800455021,10.004754689569815,2.5,2.1694977394398456,1833662.0805963897,-1.6325134664780263,1.9298153972742167,2.527704034452757,0.75,2.039078201975385,297935.3542509825,7.402887943833969,3.621197266760924,8.24110548129067,1.75,2.3828077169982476,1049046.0335510704,2.2683554909587356,4.787563800455024,5.297754597637569,2.5,2.1694977394398443,1833662.0805963916,-0.2021958464780345,1.9298153972742198,1.9403789907875275,0.75,2.0390782019753764,297935.35425098357,0.22208566383401113,3.621197266760929,3.628001059382069,1.75,2.3828077169982484,1049046.0335510736,-0.07654134915567372,0.6938332284538364,0.6980423533262465,2.5,3.6155923104192027,38512.36391744644,-0.023881495986405047,2.6578336661331328,2.6579409554542845,1.75,2.0624702370714196,565126.4035547298,0.024401402932805176,1.1315770421313704,1.131840108294396,1.75,2.9100683354499783,102437.32855443923,9.011448528627358,4.769391533982554,10.195749123459473,2.5,2.5276422679438943,1819782.9006299474,1.6038504386896835,1.0011233757589253,1.8906570929642519,0.75,3.2419539059313105,80180.54396419028,7.685006061735313,4.3799168708632195,8.845506766973884,1.75,2.642156353643902,1534711.9543364446,2.425333353627396,4.769391533982561,5.350638978724134,2.5,2.5276422679439112,1819782.9006299525,0.26467752868969213,1.001123375758925,1.0355202594272257,0.75,3.241953905931304,80180.54396419026,0.3598888717353599,4.379916870863231,4.3946776668683345,1.75,2.6421563536438906,1534711.9543364523,0.09740066364363054,0.8096878799592293,0.8155252002428195,2.5,3.683106793781874,52447.56000298005,0.2825507546721516,2.9551287122611094,2.968605840288637,1.75,1.970868522857803,698625.2400393615,0.07280431131860202,0.6477556553369204,0.6518342249126989,2.5,3.174115236236096,33566.995034465144,4.0,CIPN_1_2,CIPN_1,neuro,gait_full,4.0,0.5
9.623958926247676,1.2966041804087156,9.71090973157282,1.75,2.063122127029103,134494.74712162002,-0.19076456257980035,1.2822335000600795,1.2963463530293842,0.75,1.6532519855317962,131530.9312401703,1.4533608957202795,0.5896083213103557,1.5684055170035807,0.5,1.185366615625724,27811.044221667322,-0.5929759312477322,1.2966041804087307,1.4257639551105614,1.75,2.0631221270291156,134494.74712162314,-0.1382971724201966,1.2822335000600826,1.2896700572533082,0.75,1.6532519855317964,131530.93124017093,-1.9198419392796995,0.5896083213103543,2.008340370648275,0.5,1.1853666156257239,27811.044221667198,0.012540449815280255,0.15292003535338183,0.15343337346890706,0.75,1.9721706306516253,1870.7677125673194,0.050402619418727854,0.27028430690576366,0.27494368624101584,1.75,2.152105538267061,5844.2886747890525,0.01562898352689533,0.21890471272677375,0.21946192922708785,0.75,1.6216204298167336,3833.548286091314,9.470197571828464,1.3246713615752665,9.562394902201197,1.75,2.1804531690458173,140381.01669285956,-0.5919452310870323,0.9621935573662554,1.1296971268635718,2.5,3.366923426313171,74065.43029590744,2.176341821267465,1.3421597005062955,2.5569232261960733,1.75,1.8976700307435561,144111.6455741264,0.0708073231714705,1.3246713615752606,1.326562434713257,1.75,2.1804531690458204,140381.01669285836,-0.09088962891296315,0.962193557366255,0.9664767801044497,2.5,3.3669234263131687,74065.4302959074,0.25795708126747774,1.3421597005062942,1.3667240092422397,1.75,1.8976700307435597,144111.6455741262,0.01563030221344007,0.29345819909288395,0.29387415837756503,2.5,2.5172435831326916,6889.419241184457,-0.040036611215095795,0.3323019469333548,0.3347051152481642,0.75,2.00155619840465,8834.007519229115,0.021018930508162056,0.26606294618159554,0.2668919009084718,2.5,2.8634390638081815,5663.162136867475,9.509711337544415,5.501430951959962,10.986371204478933,1.75,2.2700985458370067,2421264.1806444437,-1.532081339066936,2.3253635850352947,2.784706273940815,1.75,2.2327118143832316,432587.17045933113,7.267831777248798,4.156371987182791,8.37238358164658,1.75,2.5065798670864146,1382037.9938881444,2.9931735875444594,5.501430951959959,6.262972987675808,1.75,2.2700985458369973,2421264.180644441,-0.10176371906694326,2.325363585035304,2.3275892371994202,1.75,2.232711814383235,432587.1704593344,0.08702949724883118,4.156371987182795,4.157283034534603,1.75,2.506579867086426,1382037.9938881474,-0.08511027809797994,0.8034050215639413,0.8079006053420635,1.75,3.567491888096219,51636.78516824958,0.1323469377373855,2.9582005772412514,2.961159632157466,1.75,2.1796048837069795,700078.268903471,0.10533171687555991,1.3368260078147591,1.3409692560793105,1.75,3.0320876825650225,142968.31428448972,8.880789435545783,4.654254942951808,10.026490416516285,2.5,2.3480699701559873,1732973.6239581055,1.6560453860159157,0.9645634094625645,1.916473034357293,1.75,3.146428050964427,74430.89428249474,7.573993130356396,4.262011586019209,8.69080633186863,1.75,2.362797991176558,1453180.8884505157,2.294674260545826,4.654254942951814,5.1891828871223,2.5,2.3480699701559944,1732973.6239581106,0.31687247601592555,0.9645634094625647,1.015278649893964,1.75,3.146428050964426,74430.89428249479,0.2488759403564419,4.262011586019206,4.269271834054404,1.75,2.3627979911765475,1453180.888450513,0.06373601617706823,0.7868458335084146,0.7894229826067108,1.75,4.212611240119191,49530.697524465264,-0.22630669607820267,2.9339323846528975,2.9426474403850813,1.75,1.9194860882535483,688637.1934091899,0.13492623734721806,0.6770289343554328,0.6903428622642018,1.75,3.564121093764813,36669.57797633308,4.0,CIPN_1_2,CIPN_1,neuro,gait_full,4.0,0.5
9.583239246821107,1.248727805233484,9.664253493849154,1.75,2.070963135379156,124745.69095580526,-0.34230963396244024,1.2714295201032397,1.316703804996953,0.75,1.6559176297304496,129323.39319592513,1.6533673802173041,0.650073215653683,1.7765750419492419,0.75,1.158978875952712,33807.648090328104,-0.5522562518211681,1.2487278052335,1.3653966820081407,1.75,2.070963135379171,124745.69095580844,0.013247898962442654,1.2714295201032386,1.2714985377171577,0.75,1.655917629730447,129323.39319592487,-1.7198354547826755,0.6500732156536851,1.838594348201325,0.75,1.158978875952706,33807.648090328315,-0.0010626947610026605,0.15824857536311376,0.1582521435071581,2.5,2.2830431257202357,2003.4244116378065,0.07145015257919915,0.2585457831519116,0.26823692193511717,1.75,2.1727909077220455,5347.70168853625,-0.020754730251271118,0.19960540211763247,0.2006815272573557,0.75,1.610337739812869,3187.388078146441,9.547946619486261,1.314036164069519,9.637944578022934,1.75,2.2053921441416318,138135.30131808663,-0.6073914143648824,0.9591306278799987,1.13527789178758,2.5,3.576437728446454,73594.88036811704,2.1864060528888425,1.3163473625911453,2.5520857758135076,1.75,2.0145843967216357,138622.52086817403,-0.006941724486313179,1.3140361640695177,1.314054499638952,1.75,2.20539214414163,138135.30131808633,-0.07544344563511396,0.9591306278799981,0.9620931736722685,2.5,3.5764377284464555,73594.88036811697,0.26802131288885356,1.3163473625911406,1.3433561713720292,1.75,2.0145843967216366,138622.52086817304,-0.019599855893291555,0.2798278464234235,0.2805134185471506,2.5,2.7131095200209843,6264.289988267891,0.013564905300354414,0.33056825725220906,0.33084645888776004,0.75,1.9526503183689192,8742.047674867776,-0.015072893171921337,0.2662562043605777,0.26668250499249824,2.5,2.5122213198923937,5671.395949934671,8.923546801908964,4.871573131530298,10.166706069406533,2.5,2.266943190473982,1898580.5460836273,-1.7472550729100547,2.082766624966743,2.7186057279210747,0.75,2.276322616405298,347034.3663571479,7.561577411933164,3.753612193218374,8.441981843959125,1.75,2.417801609748871,1127169.7534473215,2.407009051909002,4.871573131530296,5.4337756074225005,2.5,2.2669431904739743,1898580.5460836254,-0.3169374529100642,2.082766624966753,2.106743022566473,0.75,2.276322616405298,347034.36635715124,0.38077513193319396,3.7536121932183804,3.7728761175231345,1.75,2.4178016097488784,1127169.7534473252,-0.11106661576983333,0.6752656023068595,0.6843386784315275,1.75,3.317045649952789,36478.69860694926,-0.16601933595650767,2.8269084161127505,2.8317792309783862,1.75,2.190926796404763,639315.223633642,-0.021896473435980293,1.2394076289254905,1.2396010350865472,2.5,2.891988027668251,122890.50470666714,9.205668671646816,4.53301417849724,10.261215972514984,0.75,2.6374347235411837,1643890.1964118304,1.525738514583025,1.0636766446998152,1.859915594687531,0.75,3.116212459267654,90513.73808614648,6.994770076363884,4.106909884855494,8.111320313211616,0.75,2.764205184208645,1349350.9492144901,2.6195534966468506,4.53301417849724,5.2354826008928494,0.75,2.637434723541188,1643890.1964118301,0.18656560458303265,1.0636766446998156,1.079914223118341,0.75,3.1162124592676532,90513.73808614654,-0.33034711363606883,4.106909884855485,4.120174513028711,0.75,2.7642051842086506,1349350.949214484,0.017490830413554027,0.7950110388391911,0.7952034211600988,1.75,3.711947763563455,50563.40893001541,-0.08438967810675081,2.741267419512054,2.742566076332389,1.75,1.8971554405912434,601163.7992733321,0.14571605815066124,0.7707848068304678,0.7844376253365518,1.75,3.4773919980498067,47528.75864318398,4.0,CIPN_1_2,CIPN_1,neuro,gait_full,4.0,0.5
9.612609816582337,0.9936292548859804,9.663827739670259,1.5,2.1242148761161834,78984.09453312811,-0.6564617596669317,1.1626566721556013,1.335182601449308,0.75,1.4556003742407866,108141.71508541903,0.9956181905751851,1.0976146824540316,1.4818952636886555,0.25,0.8365041486675553,96381.22459499941,-0.5816268215823981,0.9936292548859906,1.1513421975022595,1.5,2.1242148761161976,78984.09453312973,0.32740002466693224,1.1626566721555982,1.2078747093386126,0.75,1.455600374240787,108141.71508541846,-2.3775846444247977,1.0976146824540358,2.6187147100330086,0.25,0.836504148667551,96381.22459500015,-0.22685080282556774,0.42765433219689797,0.48409659634145275,0.25,1.3800639384355509,14631.306767832502,0.024941836812074424,0.28461614800228763,0.28570692488496013,1.75,2.290677927338374,6480.561736734106,0.023664767657646593,0.2050934031832189,0.20645417229391314,0.75,1.600517279655135,3365.071737258429,9.433885205870673,1.0564717950429343,9.492856405280067,1.5,2.3556522693271424,89291.01708880927,-0.5808367713796007,0.9217464796096418,1.0894897556468561,4.0,3.507517011109899,67969.6826999689,2.333036489407795,1.1750202666953522,2.612227380618515,1.5,1.7416983061581635,110454.45566628089,0.10711968912926957,1.0564717950429408,1.0618885447731343,1.5,2.3556522693271247,89291.01708881035,-0.10199808862039628,0.9217464796096422,0.92737273129793,4.0,3.5075170111098988,67969.68269996894,0.41465174940780514,1.1750202666953484,1.2460371986549041,1.5,1.7416983061581761,110454.45566628015,-0.1802824959202466,0.43974488994498767,0.47526555373597507,0.25,1.881478574034855,15470.318438029622,0.008822231538472239,0.2730845743707633,0.2732270420887716,0.75,2.18984360083056,5966.081711430772,-0.04253554026400616,0.25965771853746056,0.2631186101012811,2.5,2.413760156457897,5393.82422152019,8.69678056886507,4.494912446059893,9.789700207908984,0.75,2.09862676472771,1616339.0529389393,-1.452224018326585,2.4410291635405543,2.8403482139801293,1.75,2.1449277953905295,476689.99400879344,7.228778827302617,3.269505229250155,7.933782690378702,1.5,2.591400287713879,855173.1599676446,2.1802428188651035,4.494912446059906,4.9957678736063285,0.75,2.098626764727706,1616339.052938948,-0.02190639832659624,2.4410291635405548,2.4411274582747917,1.75,2.144927795390533,476689.9940087936,0.04797654730264536,3.2695052292501607,3.2698572129659165,1.5,2.5914002877138826,855173.1599676477,-0.2112936925676434,0.7823106759112525,0.8103425313801507,0.75,2.823892967757271,48960.80127655524,0.01136349853860258,2.480192636078888,2.480218668012758,1.5,2.0157644722679713,492108.441132622,-0.03467345732832323,1.1104461416996656,1.1109873456789563,2.5,3.258677578558288,98647.25336656194,8.725442371099248,4.025369334170944,9.609211354104866,0.75,2.0322247511929836,1296290.2257836533,1.699295561649006,1.1119039324099547,2.0307475866657407,1.0,3.10171830612679,98908.40644171173,7.349041006252521,3.5591473137181855,8.16553325339677,0.75,2.484356848100959,1013404.7253304415,2.13932719609928,4.025369334170949,4.558543531486112,0.75,2.032224751192991,1296290.2257836573,0.36012265164901086,1.111903932409952,1.1687680176747777,1.0,3.101718306126769,98908.40644171124,0.023923816252566822,3.5591473137181873,3.5592277181618313,0.75,2.484356848100963,1013404.7253304424,-0.14454752240503846,0.9535142293824668,0.9644083014306101,1.5,2.9322017274145176,72735.15508591996,0.20637342368056083,2.6494428444605633,2.657468226727258,1.5,1.8145690644386245,561564.8620570708,0.00824990394019065,0.8462832244818382,0.8463234351915346,3.25,4.3168689720721805,57299.04115721402,4.0,CIPN_1_2,CIPN_1,neuro,gait_full,4.0,0.5
9.662809785444939,0.7943219347125888,9.69540304915974,2.5,2.410952284568434,50475.82048848959,-0.581832028997902,1.1141122495572482,1.2568908522943938,0.75,1.3300465916572215,99299.72202709354,0.5658283442889812,1.1144491555756841,1.249863446766952,0.25,0.5056899870813041,99359.89395589131,-0.6318267904449927,0.7943219347125849,1.0149642501534548,2.5,2.4109522845684217,50475.82048848909,0.2527702939979028,1.1141122495572469,1.1424267705815088,0.75,1.3300465916572208,99299.72202709333,-2.807374490711004,1.1144491555756866,3.0204881147685767,0.25,0.5056899870813063,99359.89395589175,-0.7409902259919966,0.7247678266372031,1.0365109345993824,0.25,0.6082537677265739,42023.07252669798,0.14953707909295494,0.3630884388008338,0.39267614189619354,2.5,1.9380936104141704,10546.6781685622,-0.01958963626844019,0.20294694572032038,0.2038902072840587,0.75,1.4146465343485546,3294.9972917276473,9.314497105891235,0.7655321172149812,9.345902618695735,3.25,2.4405506370753023,46883.1689309192,-0.8622146280009582,0.8713506088705324,1.2258327570749112,0.75,2.279982629083327,60740.15088574587,2.6043639699614634,0.8711879009436111,2.7462119449860327,1.5,1.7004906560357507,60717.55522796146,0.22650778910870403,0.7655321172149987,0.798339026363231,3.25,2.4405506370753054,46883.168930921325,0.17937976800096067,0.8713506088705317,0.8896229452678953,0.75,2.2799826290833387,60740.15088574578,0.6859792299614729,0.8711879009436098,1.1088443816375082,1.5,1.7004906560357587,60717.555227961275,-0.7008904087758492,0.6105798600923268,0.9295456581924001,0.25,0.636129144644114,29824.62347812407,0.05140462929248184,0.23711231295626872,0.24262045434828655,0.75,1.6648148253455766,4497.784241795466,-0.21726717389039332,0.29198135467286906,0.3639479857437353,0.25,1.4362911048593263,6820.272510048313,7.986108048942999,3.851319793303353,8.866261101483666,0.75,2.170017599522969,1186624.2988251145,-1.1124399586114004,2.533524004777262,2.766995942226506,1.75,2.277689401411103,513500.9722631926,7.299117332769509,2.593395852298505,7.746148454829365,0.75,2.6117847752840446,538056.3908729951,1.469570298943036,3.8513197933033654,4.122171880674774,0.75,2.170017599522965,1186624.2988251224,0.31787766138859014,2.533524004777262,2.553387963156499,1.75,2.2776894014111098,513500.9722631927,0.11831505276954328,2.593395852298513,2.5960933146616654,0.75,2.6117847752840513,538056.3908729986,-0.6891387029757843,1.2757510666499248,1.449983770942822,0.75,1.8078520229737332,130203.7937365125,0.3075594194013419,2.0769245977744903,2.099573428414262,0.75,1.7194136708207093,345089.34917167114,-0.2585134043766269,1.1683728566691882,1.196630399264415,1.0,2.5792630961034857,109207.69304177271,8.176560247056617,3.489925827615292,8.890203583495872,0.75,2.0265707442705434,974366.5825808904,2.4290252083068093,1.8026506014112997,3.024849195143199,0.75,1.8242741123438275,259963.96581349988,6.9331068293443385,3.3609987028003516,7.704822034760229,1.5,2.104596421564438,903704.9827493677,1.5904450720566552,3.489925827615302,3.835244165563081,0.75,2.0265707442705416,974366.582580896,1.0898522983068135,1.8026506014112897,2.106496433154618,0.75,1.8242741123438315,259963.965813497,-0.3920103606556229,3.3609987028003574,3.383782558482007,1.5,2.1045964215644277,903704.9827493705,-0.5743462037519358,1.2060414553785854,1.3358179343967338,0.75,1.7984148007737846,116362.88061029346,-0.07062023277049553,2.044219216596098,2.0454386871224775,1.5,1.8389688917669813,334306.57719516876,-0.321242660506039,0.8828083944626155,0.9394399971592966,0.75,2.0315059707062826,62348.053629550326,4.0,CIPN_1_2,CIPN_1,neuro,gait_full,4.0,0.5
9.468035557455941,0.9035772233647891,9.511054048623299,1.5,2.288787373430847,65316.27833704795,-0.4406263419168652,1.1425119580577061,1.22453466569791,0.75,1.3000139739977152,104426.71338836572,1.651477265604267,1.2387482020392209,2.064430736756055,0.25,0.7832120160852666,122761.1119665373,-0.43705256245598584,0.9035772233647791,1.003726427336128,1.5,2.2887873734308246,65316.2783370465,0.11156460691686684,1.1425119580577052,1.1479460944754187,0.75,1.300013973997715,104426.71338836555,-1.7217255693957167,1.238748202039222,2.121045978843082,0.25,0.7832120160852714,122761.11196653749,-0.5158854005436725,0.7706412649197196,0.9273757090258353,0.25,0.7527559984602439,47511.33098260756,0.19300781121315694,0.2876962052819679,0.3464406467534342,0.25,1.8992536682239922,6621.559353803345,-0.04194781290392788,0.16714553266794094,0.17232889513448593,0.75,1.3395652299939325,2235.010525748268,9.368937479609698,0.8714278530803579,9.409377025072361,1.5,2.4862990062177213,60751.02818915829,-0.9150633640661837,0.8440815526179388,1.2449155102761116,2.25,2.338285666672825,56997.947126098996,2.4956342013516553,0.9195624946246519,2.659658859417205,1.5,1.5598979101293717,67647.66084384538,0.17206741539023784,0.8714278530803651,0.8882531725602396,1.5,2.486299006217714,60751.028189159304,0.23222850406618423,0.8440815526179389,0.8754448843706427,2.25,2.338285666672836,56997.947126099,0.5772494613516678,0.9195624946246526,1.0857311463484431,1.5,1.5598979101293773,67647.66084384547,-0.5675662054370276,0.6416330189103066,0.8566354700280278,0.25,0.900881249531451,32935.71587328902,0.008652124194265634,0.26410800266081724,0.2642496855675693,0.75,1.4527011070736036,5580.259956417064,-0.19369431107588844,0.29409699098356024,0.3521512831848655,0.25,1.2941974512204846,6919.4509276451,7.811834715635801,3.0627187151743542,8.390769187189688,0.75,2.1743357024888565,750419.6783962125,-1.295460611050707,1.8814939459215974,2.284346222297201,0.75,2.380241725438996,283201.58213791635,7.212400789836509,2.250020362046402,7.555217851449269,1.5,2.6443077185066897,405007.3413047105,1.2952969656358315,3.0627187151743533,3.3253631617410804,0.75,2.174335702488843,750419.678396212,0.13485700894928476,1.8814939459215991,1.8863207260172852,0.75,2.380241725438991,283201.5821379169,0.03159850983654863,2.2500203620464116,2.2502422303937313,1.5,2.6443077185066897,405007.3413047138,-0.5866968686483622,1.2590235416509787,1.3890116968957344,0.75,1.6646502891254429,126811.22230316764,0.08087717681756253,2.0115106290253433,2.01313589417404,1.5,1.891995392089874,323694.00173574383,-0.3205710512138858,1.1177290970754772,1.1627915261668953,1.25,2.225645054274585,99945.4677186548,8.223865362612695,3.1668607650431344,8.812546091088004,0.75,2.1069537483242358,802320.7410505565,2.2850551552447467,1.9041353203726938,2.9744257228583493,0.75,1.8504397194820128,290059.9647638712,6.783884552299266,2.9326213798271628,7.390626345333931,1.5,2.0932379652434134,688021.6884459599,1.6377501876127298,3.1668607650431357,3.56528158526015,0.75,2.1069537483242473,802320.7410505568,0.9458822452447505,1.9041353203726843,2.126129003649599,0.75,1.8504397194820048,290059.9647638685,-0.5412326377007035,2.9326213798271574,2.9821470328492863,1.5,2.093237965243405,688021.6884459575,-0.4675861182731175,1.1568912712148596,1.2478117612103419,0.75,1.9060155088729953,107072.88661613307,-0.050649501489347964,2.117866914474739,2.118472477854709,1.5,1.8001395623088372,358830.23864834325,-0.19067704342593902,0.8409029267141244,0.8622502345874066,0.25,2.4809794166571963,56570.660405478106,4.0,CIPN_1_2,CIPN_1,neuro,gait_full,4.0,0.5
9.228405966794698,1.0040400485499283,9.282864488241986,1.5,2.0918811914241338,80647.74356610139,-0.5067343820904749,1.1194167577890302,1.2287691449623561,0.75,1.5197703213324936,100247.51592199325,2.771130683769783,0.6969348599461415,2.8574260210088607,0.75,1.056041647610908,38857.48305316099,-0.19742297179474896,1.0040400485499306,1.0232654830904917,1.5,2.0918811914241378,80647.74356610172,0.1776726470904771,1.119416757789028,1.133429065774756,0.75,1.519770321332492,100247.51592199288,-0.6020721512301968,0.6969348599461425,0.9209826677495653,0.75,1.0560416476109076,38857.48305316112,0.013278712957687162,0.10872046740987298,0.10952837190259838,2.25,2.6706723890354045,945.6205509231328,0.0829411994018473,0.19251007207151904,0.20961719969315123,1.5,1.64960281011515,2964.8103027932034,0.006159089148260806,0.1569004215121242,0.15702126177629086,0.75,1.451944383292263,1969.4199820369304,9.47082539806309,1.0701059276036304,9.531089151659913,1.5,2.291540450771725,91610.16688937187,-0.6487497972696086,0.8550142833759563,1.0732780274627158,2.25,3.1938223704603006,58484.05175596747,2.2186035101775765,1.1898896579496019,2.5175462127769737,1.5,1.6424630035664753,113267.06962385726,0.07017949693686562,1.0701059276036344,1.0724047081595394,1.5,2.2915404507717314,91610.16688937253,-0.03408506273038901,0.8550142833759583,0.8556934125481147,2.25,3.193822370460307,58484.051755967754,0.3002187701775911,1.1898896579496057,1.2271791670584922,1.5,1.6424630035664742,113267.06962385801,-0.03180614799699186,0.32197800674176386,0.3235451558527895,1.5,1.9076558260225849,8293.610504068278,-0.029391541599528774,0.29396033819798595,0.2954260366844316,0.75,1.8415347267020854,6913.014602274093,-0.008371534495478759,0.2526800291245927,0.25281866961957933,1.5,2.2327614568747847,5107.784672992867,8.688581100632778,3.9494989154251074,9.544107251347148,0.75,2.3970531686601806,1247891.2805818876,-1.7505583473195452,1.7904278410386816,2.5040140537418263,1.5,2.420484245591902,256450.56706198212,7.17176884226701,2.8633302736485136,7.722235983373206,0.75,2.678727266805021,655893.1717216424,2.1720433506328094,3.9494989154251114,4.50736219977631,0.75,2.3970531686601695,1247891.2805818897,-0.3202407273195527,1.7904278410386854,1.8188419330443766,1.5,2.4204842455918922,256450.56706198334,-0.009033437732955285,2.863330273648519,2.863344523278569,0.75,2.6787272668050104,655893.1717216447,-0.18013953013845913,0.8335436654128126,0.8527867801908819,3.0,3.4605075741512707,55583.799057268116,0.03358288535639224,2.6215780028976305,2.621793095472179,1.5,1.9332040667313404,549813.6980965687,-0.009383958126755867,1.1988590984956928,1.1988958239630456,1.5,2.3899299325970427,114981.40589708232,8.800543024133804,3.5676250968689343,9.496183778310066,0.75,1.9114011511225433,1018235.9065594559,1.5156975188686845,1.3352275623285983,2.0199434675026566,1.5,2.311642899223528,142626.6115069852,7.027954808365082,2.9965959690068122,7.640139801724164,0.75,2.5054544548158693,718366.9922262944,2.214427849133837,3.5676250968689427,4.199004588093307,0.75,1.911401151122549,1018235.9065594609,0.17652460886869137,1.3352275623285967,1.346845789516458,1.5,2.311642899223531,142626.61150698486,-0.2971623816348835,2.9965959690068074,3.011294220518275,0.75,2.5054544548158604,718366.9922262921,0.005984035852740535,0.9844778659861992,0.9844960524561933,1.5,3.2887647028073355,77535.73561957493,0.01916955654799402,2.5480637674148485,2.5481358744601117,1.5,1.7346756382434394,519410.31825263205,0.13463772259192577,0.6549129992684983,0.6686092677757319,1.5,2.757419693327061,34312.8868009577,4.0,CIPN_1_2,CIPN_1,neuro,gait_full,4.0,0.5
9.03116026885706,1.073132062144378,9.094694509689953,1.5,2.3463125041632633,92129.97006989019,-0.5551100388618987,1.0551970348924624,1.1923036264689895,0.75,1.5801188332272584,89075.38509097749,3.231227236726054,0.6152063745431073,3.289271703377324,0.75,1.6741924382333695,30278.778036037358,-0.00017727385710942123,1.0731320621443798,1.073132076786576,1.5,2.346312504163246,92129.97006989049,0.22604830386190197,1.0551970348924613,1.0791379050541616,0.75,1.5801188332272593,89075.38509097729,-0.14197559827392486,0.6152063745431078,0.6313762378991733,0.75,1.6741924382333466,30278.778036037398,0.04315286485071145,0.10694615978205323,0.11532411212297378,0.75,2.3134983170550707,914.9987810708052,0.06950665690224538,0.18496376290846006,0.1975924313909404,1.5,2.026429124906761,2736.93091991263,-0.0038497414608334203,0.1381202375110973,0.1381738778475772,0.75,1.8435698457813248,1526.180739789885,9.478576562373371,1.0941050191416815,9.541513477519423,1.5,2.6019671117826406,95766.87731707748,-0.5695027131146473,0.9351508611475569,1.0949157380136434,4.0,3.3118538924742915,69960.6445628536,2.068202272830862,1.2795184215126671,2.4320008290156916,1.5,1.6135126659790426,130973.46325243567,0.062428332626581894,1.0941050191416892,1.0958846151057926,1.5,2.6019671117826286,95766.8773170788,-0.11333214688534951,0.9351508611475571,0.9419932635760513,4.0,3.311853892474295,69960.64456285365,0.14981753283087582,1.2795184215126703,1.2882595561973549,1.5,1.6135126659790402,130973.46325243637,-0.0043247432095543,0.3073024227909089,0.30733285287614653,1.5,2.2515420142735665,7554.79016276694,-0.021492577230220147,0.30251193042457053,0.3032744613797825,0.75,2.20112844824473,7321.133163222579,0.013626526596193494,0.2511927836623133,0.2515621131869792,2.5,2.430228826812136,5047.844714312248,8.859542745707966,4.660030522784072,10.010363736463617,0.75,2.2872829892815743,1737270.771972174,-1.8206721666259538,2.0016828915082265,2.7058421122606506,0.75,2.614904991559624,320538.75493724935,7.203782345074083,3.282866828454799,7.9165456285282625,0.75,2.627423017103244,862177.3886391522,2.343004995708006,4.66003052278408,5.2158946388124,0.75,2.287282989281583,1737270.7719721799,-0.3903545466259588,2.0016828915082265,2.0393898769554317,0.75,2.6149049915596287,320538.75493724935,0.022980065074114826,3.282866828454799,3.2829472576877747,0.75,2.6274230171032356,862177.3886391524,-0.11817279607169627,0.6993974179725921,0.7093106216588975,2.5,3.588012845138092,39132.54137337268,-0.03200976427750469,2.6539971116779593,2.6541901389697102,1.5,2.069699664450897,563496.7039723991,-0.0018432530938870162,1.2342128992747274,1.234214275690448,2.5,2.6063548998365174,121862.5364392972,9.375556076117293,4.320109290257318,10.323003245964204,0.75,1.899199793805447,1493067.558497908,1.0465486927286165,1.4607183037820395,1.7969313089976073,0.75,3.0279912916750513,170697.26039949112,6.898348603152732,3.675480884085818,7.816416901617998,0.75,2.58155100358137,1080735.1069902095,2.7894409011173344,4.320109290257321,5.142404575740214,0.75,1.8991997938054508,1493067.55849791,-0.2926242172713741,1.4607183037820395,1.4897405463830147,0.75,3.0279912916750558,170697.26039949112,-0.4267685868472311,3.6754808840858164,3.700174476426732,0.75,2.581551003581371,1080735.1069902086,0.11619428762173756,1.0445222110790113,1.050965157326022,2.5,3.32693366106109,87282.32127987705,0.06338080125541634,2.727476985829855,2.728213304380596,1.5,2.1532341521301124,595138.9806467865,0.14120505122138238,0.761162086084047,0.7741489441846778,4.0,3.599914658065322,46349.82902726906,4.0,CIPN_1_2,CIPN_1,neuro,gait_full,4.0,0.5
9.078883746835666,1.1158385074394712,9.14719769455332,1.5,2.308682850342715,99607.80385730283,-0.23880448669258914,1.0598877352807796,1.0864573596157057,0.75,1.7572887384617175,89869.67404771771,3.3578357627393327,0.49818492145105053,3.3945911720695356,1.75,1.9845341987765637,19855.06282481571,-0.0479007518357121,1.115838507439465,1.116866176724481,1.5,2.308682850342678,99607.80385730168,-0.09025724830740853,1.059887735280781,1.0637238280073675,0.75,1.7572887384617182,89869.67404771794,-0.015367072260647475,0.4981849214510459,0.4984218723842772,1.75,1.9845341987765444,19855.062824815348,0.03234101552712249,0.1152704931204941,0.11972145951986828,2.5,2.4424810893266047,1062.991038452706,0.04610471837593479,0.16641218685096593,0.17268080666085928,1.75,2.5815966804616415,2215.441280465692,0.017658775300124316,0.13109719627469027,0.1322811672770729,0.75,1.5989548923121615,1374.9185298230582,9.525075578478583,1.1882245665882534,9.598903187154924,1.5,2.4899021619148036,112950.788207452,-0.5559656762059041,1.009279822666118,1.1522775679323274,2.5,3.459907226189039,81492.36890806239,2.2025836823070204,1.256790522775434,2.53592138989033,1.5,1.985126546309963,126362.6544246466,0.015929316521358268,1.1882245665882483,1.188331335852366,1.5,2.489902161914809,112950.78820745103,-0.12686918379409456,1.0092798226661175,1.0172224684097029,2.5,3.459907226189044,81492.36890806226,0.28419894230702986,1.2567905227754352,1.288522974939363,1.5,1.9851265463099692,126362.65442464685,0.018120631130653205,0.3284984129460586,0.32899781850439747,2.5,2.3971373474962974,8632.90905037184,-0.04579856102317649,0.30658529662241296,0.30998718085889704,0.75,1.761242385482854,7519.56400520749,0.02298605305911992,0.24623549769514624,0.24730604311341253,2.5,2.356451715479567,4850.556933977189,9.377005140547656,5.184845222047789,10.714982285680597,0.75,2.502310472893797,2150630.0790011543,-1.6109353134665272,2.329263199464528,2.832062788243444,0.75,2.2846339625505934,434037.3829817045,7.04721296038163,3.80308470848156,8.007912575000873,0.75,2.5274696631746023,1157076.2666432483,2.860467390547697,5.1848452220478025,5.921561759280965,0.75,2.502310472893787,2150630.0790011655,-0.1806176934665291,2.3292631994645263,2.336255509051373,0.75,2.284633962550598,434037.38298170397,-0.13358931961833653,3.8030847084815647,3.805430252442212,0.75,2.527469663174603,1157076.2666432508,-0.03113853522362546,0.7624035434984807,0.763039167746265,3.25,3.523217215679483,46500.76084426798,-0.09144537203304458,2.738549067362297,2.740075409622365,1.5,2.2215681101812623,599973.2767895171,-0.022421603167288296,1.2863051857457446,1.2865005865389203,1.5,2.9342823467108854,132367.26658948854,8.935310201582467,4.127598101522403,9.842603034065485,0.75,2.145405306782993,1362966.6929484243,1.102479906098668,1.320025119938625,1.7198628609922098,0.75,2.720249900605077,139397.61030872064,7.242303080885338,3.4569666089646,8.025059006069517,0.75,2.497366572874404,956053.4080045633,2.3491950265825063,4.127598101522398,4.7492929327018025,0.75,2.1454053067829943,1362966.692948421,-0.23669300390132367,1.3200251199386228,1.3410778856445318,0.75,2.72024990060508,139397.61030872024,-0.08281410911462782,3.4569666089645983,3.457958402318432,0.75,2.4973665728744194,956053.4080045624,0.03529657084609641,0.8441483923135574,0.8448860018718841,1.5,3.4791978778241393,57006.920665755555,-0.2563848892703081,2.858019040914177,2.8694957831776198,1.5,1.7556063485147297,653461.8964873828,0.1952656388021396,0.7378585413847957,0.7632587351555865,1.5,3.552430735169248,43554.89952774376,4.0,CIPN_1_2,CIPN_1,neuro,gait_full,4.0,0.5
9.244233373647273,1.2474693911016164,9.328023935871386,1.5,2.05816493172331,124494.66691135675,-0.20748303650978803,1.0537591146856202,1.0739913790260813,0.75,1.6322606853509352,88833.1950772956,3.1854850657287908,0.6561306994225532,3.252356468578727,1.75,2.4364298848613277,34441.60340943204,-0.2132503786473179,1.2474693911016186,1.265565330486209,1.5,2.0581649317232804,124494.6669113572,-0.12157869849021086,1.0537591146856204,1.0607495706855583,0.75,1.6322606853509396,88833.19507729568,-0.18771776927118836,0.6561306994225545,0.6824554605429439,1.75,2.4364298848613064,34441.603409432166,0.028197564830374673,0.1171477862502965,0.12049359520616994,2.5,2.29061892917056,1097.8921125819709,0.018133580072019567,0.16062944485184544,0.16164976114934537,1.75,2.8708001066219166,2064.1656424755606,0.0072800476997383025,0.14044253924832947,0.1406310987123013,0.75,1.6960068168824893,1577.9330181646196,9.486828844316085,1.2946552524921244,9.57476128914727,1.75,2.6462821092398565,134091.75685040577,-0.6324763297164155,0.9575222158910742,1.147551786010767,2.5,3.3167994497950914,73347.93150336535,2.3806559001919116,1.1793510890436192,2.656763351589097,1.75,1.8750564175847346,111269.94054217263,0.05417605068385756,1.2946552524921213,1.2957882802653906,1.75,2.6462821092398987,134091.75685040516,-0.05035853028358297,0.9575222158910744,0.9588455430867246,2.5,3.316799449795096,73347.9315033654,0.46227116019192205,1.1793510890436207,1.2667137075020385,1.75,1.8750564175847388,111269.94054217296,0.02095935440559904,0.2963113927541428,0.29705173962291376,2.5,2.3869938185477055,7024.03735958453,0.011043171803638134,0.2885939009963838,0.2888051096081842,0.75,1.8265269173093612,6662.937537753579,0.012133912361820908,0.26036026752339375,0.2606428605085079,2.5,2.5055007339751025,5423.035384005608,8.809807547952731,4.780768482996803,10.023395448648152,2.5,2.1592981415876107,1828459.8105481102,-1.8393071370665597,2.2335890714039683,2.893435826894944,0.75,1.9271754649078674,399113.64667856245,7.538815082339038,3.40702159331414,8.272939561184488,0.75,2.4568966811016733,928623.7095205339,2.293269797952763,4.78076848299681,5.302342279994561,2.5,2.1592981415876196,1828459.8105481153,-0.4089895170665663,2.233589071403972,2.270725118759556,0.75,1.9271754649078603,399113.64667856373,0.3580128023390808,3.4070215933141523,3.4257801015166733,0.75,2.4568966811016737,928623.7095205411,-0.10904706361800674,0.8155292970863459,0.8227875160026791,2.5,3.7311627222077846,53207.214949829526,-0.031458576230438046,2.819882723172928,2.820058193454102,1.75,2.35627137750639,636144.659680119,-0.017131096456768007,1.2829138576698755,1.283028230658707,1.75,2.6735200849298844,131669.8965134071,9.05676280487215,4.671106331253166,10.190396796081545,0.75,1.9489179901933227,1745540.2988887923,1.3630803222620205,1.1739453990698265,1.7989262811285924,1.75,2.380784284351267,110252.0043248263,6.962658223707015,4.067769318201181,8.063830154849109,0.75,2.4296400889009737,1323741.4948778392,2.470647629872181,4.671106331253169,5.284253406950358,0.75,1.9489179901933282,1745540.2988887953,0.023907412262028284,1.1739453990698223,1.174188811204685,1.75,2.3807842843512703,110252.0043248255,-0.36245896629294805,4.067769318201187,4.08388586132682,0.75,2.429640088900978,1323741.494877844,0.05747228302576168,0.7815280041925361,0.783638363439005,2.5,4.091276589524384,48862.93370297524,-0.052518359053031066,2.7279408227507083,2.7284463180475873,1.75,1.9574671566303028,595334.8006470095,0.11622028944009001,0.6898697701681542,0.6995909200878755,2.5,3.598263214720236,38073.688530729305,4.0,CIPN_1_2,CIPN_1,neuro,gait_full,4.0,0.5
9.378921015683833,1.262106462118997,9.463459839834394,1.5,1.8867759927630394,127433.04680479724,-0.32300965257144265,1.1032115267905427,1.1495263844287542,0.75,1.1735102950816707,97366.08018515665,2.8647701175843947,0.6395256155803895,2.935285478379911,0.25,1.1303839897803571,32719.458334473762,-0.3479380206838772,1.2621064621190061,1.3091881407803725,1.5,1.8867759927630263,127433.0468047991,-0.006052082428555883,1.103211526790542,1.1032281271546882,0.75,1.1735102950816707,97366.0801851566,-0.5084327174155829,0.6395256155803949,0.8170047987142286,0.25,1.1303839897803378,32719.45833447433,0.025582914396222893,0.12053054891371323,0.12321565943680002,2.25,2.449103528631048,1162.2278917368114,0.05034671963312037,0.17535730732964003,0.18244170962726108,1.5,2.1355589643105017,2460.0172999353913,0.01524410283855224,0.13897867870746286,0.13981221622814133,0.75,1.4450570764906403,1545.2108014155997,9.426559208585212,1.0954425129356387,9.489995406327095,1.5,2.3594800536095253,95999.68253388483,-0.6866594071604382,0.8126777709788296,1.0639296503458504,4.0,3.6976670884437692,52836.58293719521,2.364775244722347,1.0601380197880066,2.59153517804634,1.5,1.74825501212592,89911.82176164587,0.11444568641473093,1.0954425129356404,1.1014046097078445,1.5,2.359480053609559,95999.6825338851,0.0038245471604419355,0.8126777709788302,0.8126867702898224,4.0,3.697667088443769,52836.58293719529,0.4463905047223588,1.0601380197880057,1.1502856617842006,1.5,1.7482550121259175,89911.8217616457,0.014775831545345071,0.2601666481731871,0.2605858975837475,2.25,2.360040572559931,5414.934880090229,-0.02005942816841277,0.28736987499447764,0.2880691335648188,0.75,1.5989777605513393,6606.5185984407635,0.005680147651126157,0.2296848263365401,0.2297550511448773,2.25,2.5795998848151873,4220.420909834527,8.51517105987015,3.99546972790264,9.405951122849647,0.75,2.0665858696298063,1277102.2750264758,-1.6800182445424992,1.8007223716609466,2.462734732324187,0.75,2.192182353908185,259408.1150961409,7.244092166448339,2.9869458894004794,7.835733345527054,1.5,2.432401423324586,713747.6620592085,1.9986333098701836,3.995469727902635,4.467472826320156,0.75,2.066585869629823,1277102.2750264728,-0.2497006245425067,1.800722371660946,1.8179525466021218,0.75,2.1921823539081684,259408.11509614077,0.06328988644838308,2.9869458894004843,2.9876163334560046,1.5,2.43240142332458,713747.6620592108,-0.05068527504848834,0.6631174456412656,0.6650516850745795,1.5,3.1495426490475484,35177.98096511487,-0.026589134875574145,2.398018211202531,2.3981656163310356,1.5,1.9833549263478958,460039.31074001646,0.05627977229107513,1.1546310521578367,1.156001850939802,1.5,2.7403750857242635,106653.83105216436,8.823891829671222,4.604852067371447,9.953176858878457,0.75,1.8636163475909637,1696375.823520855,1.4143849865271056,1.0326742345637707,1.7512569671082399,0.75,2.806700324169343,85314.21319318953,6.874956805419637,3.8803582942628743,7.894441814861926,0.75,2.5321278828915754,1204578.0931310595,2.2377766546712574,4.604852067371445,5.119795593436007,0.75,1.863616347590974,1696375.8235208536,0.07521207652711524,1.0326742345637658,1.0354095475643348,0.75,2.8067003241693325,85314.21319318877,-0.45016038458032703,3.880358294262883,3.906382580303709,0.75,2.5321278828915683,1204578.0931310654,0.024592174677125316,0.6403069295904524,0.6407790095944959,1.5,3.769642645266629,32799.454571348004,0.10527079298465622,2.5843884469499283,2.586531574248395,1.5,1.7518124881587354,534326.6814525756,0.06680456058177806,0.6692463416281469,0.6725723121696155,0.75,3.1715454443552678,35831.36780323514,4.0,CIPN_1_2,CIPN_1,neuro,gait_full,4.0,0.5
9.249769828398104,0.8946307451655728,9.292933124075489,1.5,2.0107188527850344,64029.14801951257,-0.31023284808259016,0.9976107965421037,1.0447352398607055,0.75,1.2112606250653775,79618.22821580966,2.7987444750910027,0.4138473099787826,2.8291765997952627,0.75,1.9578400459444396,13701.778770990042,-0.218786833398153,0.8946307451655822,0.9209950318345458,1.5,2.0107188527850317,64029.14801951394,-0.018828886917406598,0.9976107965421043,0.9977884687447136,0.75,1.211260625065374,79618.22821580977,-0.5744583599089776,0.4138473099787841,0.7080056519873188,0.75,1.9578400459444079,13701.778770990139,-0.010145967651086168,0.11304614028794246,0.11350053080747267,1.5,2.1397826467588734,1022.3567691206929,0.0754031010089988,0.16379388142408444,0.18031656394724338,0.75,2.3978930757717865,2146.320328499174,0.004334273579235097,0.12800865739572906,0.1280820139430857,0.75,1.264336711210769,1310.9003986386958,9.4207126012598,0.7908283934290941,9.453847653912602,1.5,2.446812353973658,50032.81806838956,-0.7217034083842873,0.6161636265481109,0.9489538578637094,0.75,2.5887850149256666,30372.631619479456,2.3814667053048852,0.8698206989745092,2.535344496678944,1.5,1.4803274790149137,60527.09215950772,0.12029229374014133,0.7908283934290896,0.7999248613381756,1.5,2.4468123539736717,50032.818068389,0.03886854838429163,0.6161636265481103,0.6173883532545955,0.75,2.5887850149256706,30372.63161947939,0.4630819653048951,0.8698206989745055,0.9854100440705592,1.5,1.4803274790149086,60527.09215950721,-0.03695202498377304,0.27641574206264263,0.27887472924315454,0.75,1.731181490073707,6112.470793693056,-0.02601073595592835,0.2578921935888144,0.2592005823662816,0.75,1.3466772505251392,5320.671327758295,-0.007105874713762059,0.19371116094419585,0.19384144894680247,1.5,2.5782958332735597,3001.929855757204,8.281594138708192,3.2531966845507627,8.897645202336287,0.75,1.9194761225190906,846663.0982087576,-1.4897869769680243,1.416734262839102,2.055869939525791,1.5,2.556633926771795,160570.87783900328,6.8994890288961805,2.494947112369811,7.33673700996439,1.5,2.5995954229893963,497981.1331663766,1.765056388708226,3.253196684550763,3.70117720782075,0.75,1.919476122519083,846663.0982087579,-0.059469356968029394,1.416734262839097,1.4179818672749067,1.5,2.5566339267717857,160570.8778390022,-0.28131325110378014,2.494947112369805,2.5107565072640967,1.5,2.599595422989379,497981.13316637423,-0.027061180790862043,0.582194368226814,0.5828229490169505,1.5,2.702964500124637,27116.176107557323,-0.029656615402161416,1.9507574273720798,1.9509828434110963,1.5,2.3970320709467523,304441.41287019535,0.08073960958167781,0.9891997111168319,0.9924892709893772,1.5,3.004617973968951,78281.80561115032,8.455427042535469,3.1932943570108168,9.038328126493154,0.75,1.8998468559794206,815770.3087708306,1.5889883241961622,0.8308704397235523,1.7931061268196415,1.5,3.368716602683105,55227.65674015527,6.6721106449900125,2.5904147710549394,7.157325558131938,0.75,2.471584843491304,536819.8958022435,1.8693118675355134,3.1932943570108154,3.7001967121527772,0.75,1.8998468559794313,815770.3087708299,0.24981541419616937,0.8308704397235501,0.8676136402664547,1.5,3.368716602683118,55227.65674015497,-0.6530065450099469,2.5904147710549337,2.6714539550449703,0.75,2.471584843491306,536819.8958022413,-0.06310944692346487,0.44067368351603925,0.4451697402503679,1.25,3.6354695298460222,15535.463765836887,-0.016091582165327748,2.1765835283430404,2.1766430104339163,1.5,1.6294700468159966,379001.2692613416,0.03303174676483584,0.6145286669688285,0.6154157771952401,2.0,2.7417847693344766,30211.640231313202,4.0,CIPN_1_2,CIPN_1,neuro,gait_full,4.0,0.5
9.66401880004803,0.9113405447312046,9.706894506285352,1.5,2.112897298854615,66443.41936725652,-0.3578074649790657,1.1117663793924393,1.1679257957345228,0.75,1.2816344824733659,98881.9587646705,1.2127830127211512,0.43146365554603067,1.287246488440398,0.75,1.0589015391333252,14892.876347895071,-0.4399995300480761,0.9113405447311856,1.0119986042052935,1.5,2.112897298854624,66443.41936725375,0.12575191497906718,1.1117663793924408,1.1188556772293194,0.75,1.2816344824733663,98881.9587646708,-1.6699100122788308,0.43146365554602994,1.7247493543023082,0.75,1.0589015391333454,14892.876347895019,0.004488686270419406,0.13492289973565535,0.1349975450795753,0.75,1.9617679645179003,1456.3598763911973,0.032848433878400946,0.2015024514528157,0.2041623313683453,1.5,1.9425889133931933,3248.262745195882,0.007758859620365985,0.17650061942247955,0.17667107448342387,0.75,1.5713285103328716,2492.2082863817445,9.502717563866188,0.9617545469646105,9.551262372441563,1.5,2.0804592744067363,73997.83533133146,-0.540557966219287,0.7497731616216051,0.9243174285553579,2.25,3.2743873211409826,44972.94764417581,2.179019476785237,1.1831634614192665,2.4795164158857723,1.5,1.7671892280179473,111990.99122928295,-0.04269912386624078,0.9617545469645984,0.9627019392241944,1.5,2.080459274406689,73997.83533132958,-0.2551458487807061,0.7497731616216057,0.7919969684525853,2.25,3.274387321140982,44972.94764417587,-0.01411393321474776,1.183163461419269,1.1832476408378834,1.5,1.7671892280179393,111990.99122928342,-0.018987891838035904,0.2916807917868846,0.2922981770963973,1.5,2.1473507809663643,6806.246672173354,-0.004765106587234742,0.2799263920999439,0.2799669466827812,0.75,1.556626081984996,6268.709277014844,-0.0010291525954363374,0.21975196639808572,0.21975437627244218,1.5,2.636350428205408,3863.3032788945648,8.570652531863937,4.265169224359808,9.573283310044248,0.75,2.2273184466994054,1455333.4811060587,-1.5469100279808656,1.7980597660850106,2.37190842088843,0.75,2.4235210928489797,258641.58683978624,7.330543737031165,2.831574043845031,7.858414792202288,1.5,2.765964374237026,641424.9400447431,2.037408351863968,4.265169224359811,4.726806670964143,0.75,2.2273184466994054,1455333.4811060603,-0.08164428298087213,1.798059766085009,1.7999124176906884,0.75,2.423521092848988,258641.58683978586,0.15965936703121128,2.831574043845038,2.8360716985396808,1.5,2.7659643742370266,641424.9400447464,-0.0505404286186126,0.6390039033753848,0.64099947227274,1.5,3.87538111337025,32666.08066740872,0.007899781497908433,2.4797892452358465,2.4798018282385157,1.5,1.9148556503806349,491948.37833902286,-0.02282391821927237,1.1896120549521016,1.1898309848588757,1.5,2.723939830075434,113214.14802452276,8.33138774332984,3.388406317428563,8.994071330698711,0.75,2.129606157602671,918506.02235358,1.631984087842484,0.851294921482322,1.8406724603559041,1.75,2.760502457080501,57976.740426326345,7.1084802640679685,2.921337279113827,7.685356410927472,0.75,2.457537936401775,682738.4691167936,1.5193580783298863,3.3884063174285775,3.7134547717962287,0.75,2.1296061576026655,918506.0223535879,-0.18682915215750762,0.8512949214823253,0.8715550329368144,1.75,2.7605024570805017,57976.74042632678,0.09055831906801352,2.921337279113832,2.9227405474131,0.75,2.4575379364017738,682738.4691167956,0.012174426429115467,0.6322614406622113,0.6323786413274353,1.5,3.979670438683246,31981.32454443128,-0.0932785968680471,2.3243427588149923,2.326213695490885,1.5,1.7227250929727826,432205.5474043932,0.09239302909152382,0.5666172924034493,0.5741007123104127,1.5,2.938403079095239,25684.463819104374,4.0,CIPN_1_3,CIPN_1,neuro,gait_full,4.0,0.5
9.538764587155635,1.247329727242807,9.619972000875991,1.75,2.0795327861976465,124467.4700403798,-0.39575497655690306,1.1758868957088073,1.2406981877028957,0.75,1.5757766864034624,110617.24280267676,1.9382482060872173,1.0591587424747675,2.208760591408912,0.25,0.6218143195196237,89745.50078744133,-0.31474531715567733,1.2473297272427963,1.2864276361828584,1.75,2.0795327861976425,124467.4700403777,0.16369942655690578,1.175886895708808,1.187226808050912,0.75,1.5757766864034604,110617.24280267692,-0.9444448189127671,1.0591587424747677,1.419081836164462,0.25,0.6218143195196262,89745.50078744137,-0.007716209738872322,0.12864818629308825,0.12887938442293792,0.75,2.018680995142608,1324.029514848111,0.08428172815418078,0.2409580170271923,0.25527274760603,1.75,2.057377884751016,4644.935569661314,0.0016686411809696334,0.200816188503404,0.2008231210006097,0.75,1.7032636283004607,3226.184321568052,9.482580576314156,1.2469076205888645,9.564210003997879,1.75,2.4215755086300916,124383.49994073632,-0.6180998220331155,0.9093622927756897,1.0995395261288374,2.5,3.4662555910573816,66155.5371816963,2.344847703756001,1.2602291089736402,2.662045860032146,1.75,1.7991157591947995,127054.50202763642,-0.022562136314202633,1.2469076205888536,1.247111728866992,1.75,2.421575508630117,124383.49994073415,-0.17760399296688,0.9093622927756888,0.9265435542056494,2.5,3.4662555910573762,66155.53718169617,0.1517142937560133,1.2602291089736406,1.2693284185089302,1.75,1.7991157591947955,127054.5020276365,-0.022212561861958333,0.29770188908070605,0.2985294167526751,2.5,2.3457010807032064,7090.114124914226,0.008819590604051804,0.31749051866717065,0.31761299504581375,0.75,1.7977441785991715,8064.024113455036,-0.002544480520877511,0.274722537746024,0.27473432098435885,2.5,2.7425589204690652,6037.877233515254,8.842645655890369,4.795179718547472,10.059131708492828,2.5,2.2792139091243238,1839500.788708281,-1.6800333167188983,2.0762787893959525,2.6708510921766164,0.75,2.0832149096779897,344874.86935944,7.654181917765227,3.255017297520481,8.31755002614362,0.75,2.6451474067951013,847611.1934636352,2.3094014758904087,4.795179718547477,5.322319391958159,2.5,2.2792139091243286,1839500.7887082843,-0.21476757171890207,2.076278789395952,2.0873568744126034,0.75,2.083214909678004,344874.8693594399,0.48329754776528483,3.2550172975204914,3.2907011603659093,0.75,2.645147406795106,847611.1934636406,-0.05728556390319575,0.7314787663538803,0.7337184892438665,2.5,4.257577087654426,42805.0757848213,-0.07435312465525956,2.8373627771519825,2.838336822210079,1.75,2.289348027544786,644056.3991240023,-0.03841497875689803,1.3175011989571965,1.318061121438055,2.5,2.9080916199211657,138865.38220327153,9.097393344945969,4.468288022064525,10.135490295037163,0.75,1.9863263925492778,1597248.2639393162,1.581009424569027,1.1997803856831883,1.9847074783066105,0.75,2.809185255036144,115157.84849036344,7.069924835748108,3.91842988981905,8.083188107705723,1.75,2.41486480769966,1228327.4478170516,2.2853636799460197,4.468288022064539,5.018813106476654,0.75,1.9863263925492816,1597248.2639393266,-0.2378038154309678,1.199780385683191,1.2231204472592354,0.75,2.809185255036149,115157.84849036396,0.05200289074815572,3.9184298898190533,3.9187749491484607,1.75,2.4148648076996633,1228327.4478170534,0.046910151325826634,0.7969808312598782,0.7983601992165557,1.75,3.930829599202818,50814.276123289375,0.019808225223098077,2.6290605683714356,2.629135188222931,1.75,1.8576546035059678,552957.4733936806,0.12371576497588017,0.6764149699102602,0.6876356608133884,1.75,3.4537461888698093,36602.9899879812,4.0,CIPN_1_3,CIPN_1,neuro,gait_full,4.0,0.5
9.237560303620999,1.1817401865187793,9.312842220904848,1.75,2.0191222466725947,111721.84816143106,-0.4691845441413075,1.136974890919222,1.2299780644555671,0.75,1.3840109625244736,103416.966506541,2.855425568398396,0.7938482682681751,2.963722363801252,0.25,1.136650247084616,50415.98542165722,-0.013541033621053779,1.18174018651878,1.1818177643041956,1.75,2.0191222466725574,111721.84816143115,0.2371289941413105,1.136974890919222,1.1614396507969094,0.75,1.3840109625244708,103416.96650654098,-0.027267456601587074,0.7938482682681783,0.7943164276419725,0.25,1.1366502470846143,50415.98542165762,0.0021968405346723036,0.10826087567320565,0.10828316263327403,2.5,2.5418793053957245,937.6373692230964,0.08027044604150685,0.24049308291852095,0.25353553486514874,1.75,1.7348167087388482,4626.957580859997,0.007651981614835041,0.17115892787587972,0.17132989060363743,0.75,1.889980343216336,2343.6519626615577,9.449172691546659,1.1842557703318661,9.523094364975885,1.5,2.209413557734997,112197.44790445424,-0.7025202893738356,0.902738056469272,1.1438840656202078,4.0,3.3946108761801272,65195.02495958823,2.1923801614381913,1.2132182871597508,2.5056794257379753,1.75,2.022959573533107,117753.39476958444,0.010845748453282152,1.184255770331865,1.184305433502621,1.5,2.2094135577349787,112197.44790445403,-0.0931835256261611,0.9027380564692722,0.9075346649280347,4.0,3.3946108761801237,65195.024959588234,-0.0007532485617955853,1.2132182871597523,1.2132185209937405,1.75,2.0229595735331154,117753.39476958479,0.010416217045751807,0.2627381093810385,0.2629445030774874,2.5,2.671715677760731,5522.506252118689,-0.03359253781352051,0.30383437791193046,0.3056857664299772,0.75,1.929818741556439,7385.238356735641,0.012373751577089637,0.2554322878601504,0.25573181931383165,2.5,2.613629486757139,5219.664986406861,8.750398086959015,4.673473714653362,9.920222943150616,0.75,2.2588295375051235,1747308.5249245283,-1.5015943337805562,1.9376838017460092,2.451408586668232,0.75,2.200800466872901,300369.5586647264,7.468463048903343,3.2100015302314393,8.12908667298626,0.75,2.6115180068022714,824328.8089076205,2.2171539069590427,4.673473714653355,5.172729261105744,0.75,2.25882953750513,1747308.5249245232,-0.03632858878056091,1.9376838017460079,1.938024324385958,0.75,2.200800466872911,300369.55866472604,0.29757867890338396,3.210001530231452,3.223765328653149,0.75,2.6115180068022683,824328.8089076271,-0.04597637593941698,0.7278124234563571,0.7292631561253717,2.5,3.528677288128375,42376.87396989833,-0.019130130830978854,2.6655903074490173,2.6656589521301775,1.5,1.9857235307106031,568429.735216465,0.04514252592052949,1.2542238214345058,1.2550359524333399,1.5,2.7064017573710766,125846.1917112308,9.098673251360426,4.509633886802061,10.154932433453961,0.75,2.007529481647581,1626944.002542912,1.5076252009342739,1.308749319061319,1.996436456949125,1.75,2.9515762747703804,137026.59191323377,7.113042116054414,3.9693675893423412,8.145627489892062,0.75,2.4028322481726736,1260471.2505390833,2.2866435863604626,4.509633886802057,5.056237403844569,0.75,2.0075294816475826,1626944.0025429083,-0.3111880390657195,1.308749319061318,1.3452370704827574,1.75,2.951576274770373,137026.59191323345,0.0951201710544607,3.969367589342339,3.9705071346444956,0.75,2.4028322481726705,1260471.2505390823,0.06863471412396038,0.7541125791449201,0.7572294936196564,1.5,5.002541784666729,45496.31876129951,0.20516137383773075,2.8514887254397867,2.858859762322245,0.75,1.9144794134543996,650484.6708253438,0.13853319057822844,0.7317437562503225,0.7447418141229316,2.5,4.048685627135467,42836.2999937783,4.0,CIPN_1_3,CIPN_1,neuro,gait_full,4.0,0.5
9.165726587209342,0.9188832576613065,9.211671417972227,1.5,2.2046235866977284,67547.74272377309,-0.3379911087061964,0.9750914171050324,1.0320083629875991,0.75,1.3947733445460548,76064.29745734918,2.9203555280113527,0.5363814161513053,2.969205522286887,0.75,1.3975721638990761,23016.46915801308,0.05829268279060168,0.9188832576613055,0.9207304046664142,1.5,2.2046235866977306,67547.74272377294,0.10593555870619766,0.9750914171050317,0.9808290443855611,0.75,1.3947733445460535,76064.29745734906,0.03766250301137292,0.5363814161513095,0.5377020436315693,0.75,1.3975721638990628,23016.46915801345,-0.011231421244088699,0.10035167762293751,0.10097823540199216,2.25,2.4985293933767414,805.6396670071496,0.01463565866602665,0.20733428515200175,0.20785020640855764,1.5,2.370180871123148,3439.038460958719,-0.001115816825007625,0.12166475715428751,0.12166987375927833,0.75,1.5362913707738672,1184.1851534891423,9.484827892112861,1.0202220306570018,9.539539461359757,1.5,2.129747962512407,83268.24082452078,-0.6961814437054064,0.7227418358259385,1.0035060357630101,3.75,3.251166026119321,41788.46129918758,2.1071559283886665,1.15340268569851,2.4021748191836583,1.5,1.5618125336051765,106427.02157091898,-0.024809452112933776,1.0202220306570153,1.020523640467024,1.5,2.129747962512398,83268.240824523,-0.09952237129458914,0.7227418358259396,0.7295618298959641,3.75,3.2511660261193187,41788.461299187686,-0.08597748161131971,1.1534026856985118,1.156602733318906,1.5,1.5618125336051776,106427.02157091926,-0.007030629098031249,0.24751440868349284,0.24761424080907218,1.5,2.460225704326063,4901.08432498578,-0.016388110700225073,0.3053403338919078,0.3057798058628865,0.75,1.6876323478207327,7458.617993778587,0.0153606436625752,0.23805600563291404,0.23855106621356068,2.25,2.415416833783977,4533.65314974279,8.632296310087217,4.402773791879157,9.69025059777111,0.75,2.272041048425236,1550754.4107919948,-1.5184591976606012,1.691383255001394,2.27299266392551,0.75,2.745924675723024,228862.27233251889,7.308197501956165,3.0707353891464866,7.927115904145402,1.5,2.6530029369981767,754353.5872674157,2.0990521300872507,4.402773791879159,4.8775441471381695,0.75,2.2720410484252347,1550754.4107919966,-0.05319345266060868,1.691383255001394,1.6922195066554064,0.75,2.745924675723021,228862.27233251886,0.13731313195620262,3.070735389146487,3.073803950541454,1.5,2.6530029369981776,754353.5872674161,-0.06813447678425336,0.6484217921497525,0.651991662110307,1.5,3.2179063913179866,33636.076472724344,0.030827747741274534,2.584393350399149,2.584577207130431,1.5,1.874625247775371,534327.183508346,0.051332509948386874,1.167056704341267,1.1681850785408536,1.5,2.7384058773052264,108961.73036875614,8.90693971502609,3.90262593889598,9.724405601683467,0.75,2.037261099591917,1218439.137643734,1.4671891201309193,0.9714559877352934,1.7596507182782883,0.75,2.7823672215702735,75498.18412627505,6.855683162669977,3.2992995279706405,7.6082697771690455,1.5,2.4994611202207873,870830.2011776124,2.0949100500261086,3.902625938895955,4.429349538774732,0.75,2.037261099591922,1218439.1376437186,-0.35162411986907094,0.9714559877352887,1.0331341915648926,0.75,2.782367221570277,75498.18412627434,-0.16223878232997688,3.299299527970638,3.3032860605401995,1.5,2.4994611202207855,870830.2011776112,0.05565261272771405,0.7052868807960279,0.7074791852248455,1.5,3.92085199998274,39794.36692077916,-0.006191055954432878,2.635736734278795,2.635744005323825,1.5,1.7332811368622199,555768.6508913041,0.10408155947608197,0.7009466373575627,0.7086318927665108,1.5,3.6414900078221946,39306.09593878104,4.0,CIPN_1_3,CIPN_1,neuro,gait_full,4.0,0.5
9.213695624625432,0.8067741159098365,9.248949753206787,1.5,2.4326439734722656,52070.82166390011,-0.31109847653420375,0.8965725097266851,0.9490123957565093,0.75,1.3060591875854648,64307.4734716605,2.878639034267162,0.4795861625141264,2.918315537580131,0.75,1.4199194518251306,18400.231276368933,0.010323645374519902,0.8067741159098382,0.8068401649372198,1.5,2.432643973472281,52070.82166390036,0.0790429265342039,0.8965725097266848,0.9000500260722722,0.75,1.3060591875854677,64307.47347166046,-0.00405399073281576,0.47958616251412617,0.479603296606568,0.75,1.4199194518251295,18400.231276368915,-0.016245814256735224,0.1047279632809393,0.10598053016397924,1.25,2.226085906801189,877.4357256768402,0.036840804549813096,0.18189436209216464,0.18558772545832072,1.5,2.1008830014716793,2646.848209905838,-0.0009174870383726707,0.12705887505247615,0.1270621875778405,0.75,1.604329814955885,1291.5184116745297,9.4723580548809,0.9119335025050418,9.516154151381649,1.5,2.2534505189007987,66529.88930911121,-0.7575850508569844,0.6247728014196468,0.9819756426081723,3.5,2.9610923615834404,31227.29846418469,2.2128380052084085,1.0836437470514082,2.4639269079699475,1.5,1.591549303327878,93942.94375919677,-0.012339614880960746,0.9119335025050492,0.9120169839901761,1.5,2.253450518900797,66529.88930911229,-0.03811876414301171,0.6247728014196464,0.6259345761128262,3.5,2.9610923615834417,31227.29846418466,0.019704595208421553,1.0836437470514069,1.083822882945337,1.5,1.5915493033278814,93942.94375919654,-0.027743698032584675,0.2587385819276246,0.2602217641905484,0.75,1.8778587886973195,5355.652710226939,-0.009752611120212062,0.2890415242679026,0.28920600992160345,0.75,1.6056935239677526,6683.601025966447,0.0022404679912437263,0.22410911438330636,0.224120313328555,1.5,2.18886589020812,4018.0015474764655,8.434164034740284,3.7018158796708867,9.210785187587975,0.75,2.3284757628258435,1096275.2649058334,-1.4979319683253751,1.716405113273002,2.2781235029297338,0.75,3.256866327423154,235683.7774600412,7.191075246928076,2.7222598539104736,7.689100202181942,0.75,2.5161014418284164,592855.9037250135,1.900919854740331,3.701815879670894,4.161362409251278,0.75,2.328475762825835,1096275.2649058378,-0.03266622332538272,1.7164051132729998,1.7167159331164965,0.75,3.256866327423149,235683.77746004055,0.020190876928110946,2.7222598539104697,2.722334730286446,0.75,2.516101441828412,592855.9037250116,-0.12179466317523682,0.7154313809351781,0.7257244661748599,1.5,2.6724887137825895,40947.36551206054,-0.034871835128096496,2.36624927132399,2.3665062135829094,1.5,1.8134253297020426,447930.8521424479,0.04596129797284174,1.0738488266042427,1.0748319604992482,1.5,2.489418125002656,92252.10471607334,8.744740485337633,3.4984778327626236,9.418589772478391,0.75,2.038095815809623,979153.1843845859,1.5913190647539444,0.7545525047718679,1.7611490136575236,0.25,3.004962134922261,45548.04358959924,6.717855025028305,2.986422668696652,7.351754654053906,1.5,2.688789800836183,713497.7168108161,1.9327108203376566,3.4984778327626094,3.9968385333137513,0.75,2.03809581580963,979153.184384578,-0.22749417524604357,0.7545525047718679,0.7881009340359757,0.25,3.004962134922275,45548.043589599256,-0.3000669199716474,2.9864226686966515,3.001459730292329,1.5,2.6887898008361844,713497.7168108159,-0.015175027000132131,0.7433316088036858,0.7434864908598748,1.5,3.687254846080457,44203.56652463448,-0.15536566043870667,2.2897832360664396,2.2950480946190326,1.5,1.8466318408903937,419449.26691940246,0.1071038009381926,0.69244034323317,0.7006745700482346,1.5,3.3892897420694617,38357.95040042631,4.0,CIPN_1_3,CIPN_1,neuro,gait_full,4.0,0.5
9.249991341757699,0.6299640681641309,9.271418152028863,2.75,2.4972157266148156,31748.451274735377,-0.4138307680505599,0.8776163240766601,0.9702918720009694,0.75,1.5085801434449906,61617.58686087328,2.7012447511925144,0.5000061091450664,2.7471311062684096,0.25,1.0735094683652364,20000.515545797996,-0.02597207175774815,0.6299640681641335,0.6304992273502756,2.75,2.4972157266147916,31748.451274735642,0.18177521805056038,0.8776163240766605,0.8962436288103579,0.75,1.5085801434449908,61617.58686087333,-0.18144827380746575,0.5000061091450639,0.5319112569311677,0.25,1.0735094683652064,20000.515545797793,-0.2510382954823023,0.5834942527703018,0.6352052965889317,0.25,1.1172375872963225,27237.665744451395,0.040055255086361596,0.16613719337485083,0.17089760233106277,1.25,1.8503046482672065,2208.1256988426253,-0.028627548164866675,0.1643484789922028,0.16682313706732138,0.75,1.596699579576626,2160.8613911695074,9.43722796825804,0.7018127524560822,9.463287635086537,2.75,2.411713715068029,39403.49147140638,-0.6990162560578065,0.6006322529389987,0.9216196772550216,4.0,2.790937384491818,28860.78402760772,2.3245294184657737,0.8655184455148662,2.4804352837434194,1.25,1.3791022274088072,59929.77549251083,0.022790471741909752,0.7018127524560821,0.7021827006642934,2.75,2.4117137150680232,39403.49147140636,-0.09668755894218928,0.6006322529389989,0.6083646828381615,4.0,2.790937384491827,28860.784027607744,0.13139600846578814,0.8655184455148662,0.8754353720105282,1.25,1.3791022274088014,59929.77549251084,-0.19101786981317104,0.5727711637345587,0.6037835974865516,0.75,1.2805507859135927,26245.649207144397,-0.0049691944157371284,0.2361221339745707,0.23617441657776253,0.75,1.4677726047488862,4460.307406027318,-0.05362385339214648,0.24148582863652002,0.24736799122944164,0.75,2.4044483071648624,4665.383553845545,8.235424595980385,3.0927966375683535,8.797022753035984,0.75,2.2035340823592446,765231.2928314925,-1.4334964830428516,1.5881190167059838,2.1394004249133456,1.75,3.1279451671901244,201769.77445415253,6.849660830977177,2.147407360657655,7.178385046236349,0.75,2.6030890781070424,368908.736834987,1.70218041598043,3.092796637568355,3.530270415974027,0.75,2.2035340823592353,765231.2928314931,0.031769261957139715,1.588119016705981,1.588436746373136,1.75,3.1279451671901146,201769.77445415195,-0.32122353902279,2.1474073606576547,2.171299826055582,0.75,2.6030890781070464,368908.73683498683,-0.08997314505031756,0.7329219189222768,0.7384237984158947,1.75,2.60557992379701,42974.015392057816,0.026204903780943697,1.9319562567704383,1.9321339692310706,1.25,2.002124997269501,298598.82435416017,0.05131126784456203,0.8964175955729848,0.8978849324165473,1.25,2.423098609388857,64285.53705206698,8.386547638210176,2.961268620669115,8.894003211812342,2.0,2.122044232549373,701533.7504593995,2.0901643904964438,1.597045291553363,2.6304639975814412,0.25,1.2908267599674421,204044.31337410532,6.721010013510649,2.702242686803635,7.2439002712692115,2.0,2.555592014326389,584173.2528020587,1.5745179732102088,2.9612686206691077,3.353836413977507,2.0,2.1220442325493933,701533.750459396,0.27135115049645614,1.5970452915533644,1.6199336746140323,0.25,1.2908267599674483,204044.3133741056,-0.2969119314893012,2.702242686803637,2.7185055146981854,2.0,2.5555920143263875,584173.2528020596,-0.20562207949083988,0.8844973342325675,0.9080836821783858,1.5,2.277504685983306,62586.85235517979,-0.023895301384893822,2.1606482155294082,2.1607803443891953,1.25,1.6716035998291814,373472.0569669082,-0.07420360587903567,0.8795730687802206,0.8826975464160449,1.75,2.1953481919493587,61891.93645964867,4.0,CIPN_1_3,CIPN_1,neuro,gait_full,4.0,0.5
9.453730061888058,0.536766275523342,9.468956126077742,2.75,2.3556600047560208,23049.480983064997,-0.3404951031309234,1.0995722075472405,1.1510846862270603,0.75,1.1871055195029112,96725.19585339323,1.9464609794919512,0.8239862426682664,2.1136848565458695,0.25,0.6039828277351947,54316.3466347843,-0.22971079188810464,0.5367662755233387,0.5838536481422865,2.75,2.3556600047560163,23049.48098306471,0.10843955313092404,1.0995722075472414,1.104906410649132,0.75,1.1871055195029112,96725.19585339338,-0.9362320455080309,0.823986242668263,1.2471903508056472,0.25,0.6039828277351942,54316.34663478386,-0.7269567269496349,0.659152882933593,0.9812994476391971,0.25,0.4136557455513556,34758.60361980053,0.06955782208438094,0.17638814390907886,0.18960766842301582,0.25,1.6304168564233505,2489.037877570767,-0.15869422875709444,0.2072803790435664,0.26105366072371705,0.75,0.9122934682894847,3437.212446742509,9.367845850117549,0.5964582839945929,9.386815133798596,2.75,2.3821843335845876,28461.086202218423,-0.8790391867197234,0.7386097007000297,1.1481525080567738,0.75,1.9313807003622796,43643.8741196214,2.443040528194816,0.7928019201756459,2.568459053019261,1.5,1.2997513831823144,50282.80011290098,0.092172589882403,0.5964582839946,0.6035381271066581,2.75,2.382184333584597,28461.086202219103,0.08333537171972892,0.7386097007000304,0.7432960878061003,0.75,1.9313807003622845,43643.87411962149,0.24990711819483075,0.7928019201756459,0.8312571517639029,1.5,1.2997513831823113,50282.800112900986,-0.7210943917047922,0.691531099959007,0.9990957831752761,0.25,0.552572795753298,38257.23630053712,0.07379595555177994,0.2159008850481087,0.22816449158525287,0.75,1.1964108532656965,3729.0594442499573,-0.22518180216325676,0.25846221734557295,0.34279667708524,0.25,1.1330779890575704,5344.2180256747815,7.342964330128318,2.2757435919534705,7.687531076350464,2.75,2.820886593843769,414329.94196917024,-1.2753478043120816,1.4330204524846963,1.9183481538039677,0.75,2.051661445629306,164285.64568196965,7.277902477707463,1.706500912113086,7.4752932944509425,1.25,2.1642573699472827,232972.72389018178,0.8097201501283545,2.27574359195347,2.4155031810869483,2.75,2.820886593843728,414329.9419691699,0.1899179406879097,1.4330204524847003,1.4455505668895128,0.75,2.0516614456293043,164285.6456819706,0.10701810770750836,1.7065009121130885,1.7098532797933566,1.25,2.1642573699472827,232972.72389018242,-0.6845481808935929,1.3217470195734105,1.4884963539478089,0.75,1.2088799094110465,139761.3525143437,0.18147548893793694,1.6310025748103625,1.641067564764868,2.0,1.6035625660385406,212813.84007346444,-0.3636969799604537,0.9425016095579727,1.0102399602330745,1.0,1.5444872729799617,71064.87513762143,7.9828975501542825,2.5815643509728163,8.38994206144911,0.75,1.7552957122492274,533158.4638633459,2.355848046205407,1.9221171933176935,3.040485902229662,0.75,1.3851035774645728,295562.8259895541,6.6246900286744586,2.3776472366920522,7.038446160777829,0.75,2.101576742648463,452256.9828578233,1.1708678851543188,2.581564350972808,2.834679188673632,0.75,1.755295712249235,533158.4638633424,0.537034806205419,1.9221171933176984,1.9957306651759394,0.75,1.3851035774645757,295562.82598955557,-0.3932319163254971,2.377647236692056,2.4099455848973834,0.75,2.101576742648473,452256.98285782465,-0.5366026714838334,1.2459754714078883,1.3566124363257532,1.0,1.3997171988273662,124196.40506869728,0.12394288336853698,1.6373601565995448,1.6420444941466696,2.0,1.7535708635268223,214476.5198337392,-0.3903684987647344,1.0031719586669212,1.0764485791172096,0.75,1.9994499212113914,80508.32130061726,4.0,CIPN_1_3,CIPN_1,neuro,gait_full,4.0,0.5
9.422544326544873,0.7167846908705182,9.449768350534805,2.75,2.3156251026958015,41102.83747872708,-0.33347432783892894,1.2103618717266327,1.2554604684565833,0.75,1.1565722586053435,117198.40289560461,2.064837359617725,0.9088995219423379,2.256025634309174,0.25,0.6620125688505598,66088.10159584827,-0.19852505654491714,0.7167846908705213,0.7437691114469002,2.75,2.315625102695785,41102.837478727415,0.10141877783892884,1.2103618717266331,1.2146034863394477,0.75,1.1565722586053437,117198.40289560467,-0.8178556653822562,0.9088995219423364,1.2226962952364173,0.25,0.6620125688505523,66088.10159584803,-0.47225816678366683,0.5889532741634641,0.7549130646913818,0.25,0.9424540004235974,27749.738490922035,0.10159405265290822,0.2090283055800454,0.23240951802391127,0.75,1.6106173329218498,3495.4352551211723,-0.09781388918206424,0.22990275037700225,0.24984561542646963,0.75,1.0802452445970245,4228.43816140316,9.343061899753147,0.7034337961207304,9.36950504392541,1.5,2.398686109342094,39585.8273050828,-0.8900477716947625,0.8478528769830024,1.2292434815394246,1.5,2.0457790845292987,57508.57510435428,2.515899118614233,0.8902020089329379,2.668746520700704,1.25,1.4366151574069428,63396.803264843446,0.11695654024680784,0.7034337961207364,0.7130904135040191,1.5,2.398686109342057,39585.827305083476,0.09434395669476733,0.8478528769830037,0.8530857419821178,1.5,2.045779084529302,57508.575104354466,0.322765708614248,0.8902020089329381,0.9469093511870588,1.25,1.4366151574069443,63396.803264843475,-0.5365315904997779,0.6540445069677246,0.8459552971043303,0.25,0.915537209489216,34222.20417963934,0.004554948614625704,0.2579708707032085,0.2580110805532456,0.75,1.3882425575436974,5323.948142576817,-0.17676970469426634,0.24072725256888378,0.2986589001303348,0.25,1.8413876454404126,4636.06697438751,7.830412469064279,3.2074012661599403,8.46184272589852,2.0,2.1080644203042738,822993.8384325065,-1.1405290642313466,1.8084582215423257,2.1380663426143873,1.25,2.321309513841459,261641.69370799555,7.203197928987319,2.4675934968145077,7.614136725176957,2.0,2.445656226112099,487121.4132973957,1.2971682890643055,3.207401266159922,3.4597786710017,2.0,2.108064420304263,822993.838432497,0.3247366807686455,1.80845822154233,1.8373826631653745,1.25,2.3213095138414466,261641.6937079967,0.03231355898736823,2.467593496814505,2.4678050635363538,2.0,2.445656226112099,487121.4132973949,-0.6826136102687667,1.3518287177228183,1.5143983039426183,0.75,1.3701578822526406,146195.27132891747,0.11234888175772427,1.8680507811516798,1.8714261920240434,2.0,1.8627939340690023,279169.10450098733,-0.37706662284870285,1.0189771309381186,1.0865052376502404,0.75,1.957828594399754,83065.16305347669,7.734532291649987,2.3988984390706256,8.098006142968272,1.25,2.1006638652320064,460379.238938976,1.9407939304791268,1.3647413945793558,2.3725935502447575,0.25,1.9682503695518423,149001.5275817271,7.10808953345565,2.095733134259941,7.410602822015005,0.75,2.6455297126134405,351373.788146565,0.9225026266500265,2.398898439070618,2.5701604652534145,1.25,2.1006638652319958,460379.2389389732,0.12198069047913539,1.364741394579363,1.3701818722082812,0.25,1.9682503695518414,149001.52758172865,0.09016758845569023,2.0957331342599366,2.0976719390893543,0.75,2.645529712613451,351373.7881465635,-0.4459997112958887,1.1671183285229279,1.249432245161845,0.75,1.5560250002295033,108973.26774874638,-0.04826399538447092,1.8613769971716443,1.8620026151566487,1.5,1.8035994717599144,277180.01637833903,-0.17583235470376513,0.8986830552744358,0.9157228023796642,0.5,2.0904147352598264,64610.50984311256,4.0,CIPN_1_3,CIPN_1,neuro,gait_full,4.0,0.5
9.233194125496988,0.927393610255473,9.279651538040358,1.5,2.14173125959304,68804.74039391326,-0.47567412708858364,1.0093647324814554,1.1158328899789816,0.75,1.3893414793961474,81505.44017786052,2.8469426976437773,0.5590813200523037,2.9013194663977724,0.75,1.2600508691210934,25005.762930214656,-0.009174855497038501,0.9273936102554687,0.927438993312263,1.5,2.1417312595930333,68804.74039391264,0.2436185770885843,1.0093647324814554,1.03834829141287,0.75,1.389341479396146,81505.44017786057,-0.03575032735620738,0.5590813200523022,0.5602231772584036,0.75,1.2600508691210903,25005.76293021451,0.013474092065623078,0.09199414483424422,0.09297566262617755,0.75,2.1010916751998785,677.0358674032399,0.04758947512776061,0.19742671861893946,0.20308143038588644,1.5,1.8859635526719118,3118.1848090705425,0.004565285789952888,0.14507675345801255,0.14514856605650947,0.75,1.4882832507144708,1683.7820635230414,9.45709217665964,0.9164256517396593,9.501390867289032,1.5,2.25143102835717,67186.87978267035,-0.5633052195170343,0.7528189334433626,0.9402388616122693,2.25,3.3253209565074267,45339.2952130908,2.3270038782264915,1.1173057645482725,2.58134058596961,1.5,1.5379505197936485,99869.77572857992,0.0029262633403124585,0.9164256517396625,0.9164303236927519,1.5,2.2514310283571515,67186.87978267083,-0.23239859548296057,0.7528189334433637,0.7878740087940815,2.25,3.3253209565074195,45339.29521309093,0.1338704682265022,1.1173057645482716,1.1252970602272008,1.5,1.5379505197936487,99869.77572857979,-0.02114561791319733,0.26216380681400175,0.26301520632872194,1.5,2.0925004757717556,5498.389408005539,-0.030744208541802664,0.2624277267099867,0.2642224784249692,0.75,1.6373049990747466,5509.478736580218,-0.012846532149025957,0.21090256429026655,0.21129345709809846,1.5,2.2802773048765426,3558.404391435602,8.380562166766895,3.7832401779573206,9.194929498106832,0.75,2.343188999767591,1145036.2885141145,-1.7434765799780965,1.8114747496771075,2.5141899995127375,1.5,2.9027554629645205,262518.5140698548,7.126989526554225,2.7717655670133863,7.647003600763809,1.5,2.6533360003363917,614617.132103524,1.8473179867669223,3.783240177957289,4.210165078514486,0.75,2.343188999767592,1145036.2885140954,-0.2782108349781042,1.811474749677111,1.8327143905739833,1.5,2.9027554629645027,262518.51406985585,-0.04389484344573105,2.771765567013388,2.7721131138108657,1.5,2.6533360003363926,614617.1321035248,-0.08242421591348148,0.6365828021505637,0.6418967326313603,3.0,4.016162868933379,32420.03803772498,-0.07955974729673385,2.394046539849938,2.3953681529897195,1.5,1.9755820901111338,458517.39308675774,-0.05582795589340418,1.0018874639874482,1.003441702917731,1.5,2.686554473576996,80302.58615888619,8.689633954023487,3.2610987496172292,9.281406321763578,0.75,1.9673994707879066,850781.2081100779,1.4227160256213183,0.8433088392437901,1.6538714242366086,2.25,3.3866446672573307,56893.58403098842,6.8876970485828215,2.8250393954759625,7.444542848224308,1.5,2.516886641588982,638467.8107474145,1.8776042890235343,3.2610987496172426,3.7629991922553896,0.75,1.9673994707879017,850781.2081100848,-0.3960972143786739,0.8433088392437919,0.9316988792443923,2.25,3.3866446672573414,56893.58403098866,-0.1302248964171447,2.8250393954759607,2.8280392694653376,1.5,2.516886641588978,638467.8107474138,-0.021010477006636538,0.7841112030990741,0.7843926433677995,1.5,2.870990595644129,49186.430519750276,0.006557945622993522,2.3511544655136385,2.3511636113540706,1.5,1.661222266211272,442234.1871703663,0.07619992368385033,0.7459564946806551,0.7498383294588739,1.5,2.7727898473173083,44516.08849454731,4.0,CIPN_1_3,CIPN_1,neuro,gait_full,4.0,0.5
9.1295963391677,0.9725742141843544,9.18125426715983,1.5,2.145536701148435,75672.0481813617,-0.4325378937939483,1.0473620951290425,1.1331621189753929,0.75,1.4375355856842555,87757.38906599196,3.025170811566412,0.4925413214876479,3.065004957993736,0.75,1.5797260888960822,19407.76674337292,0.09442293083225518,0.9725742141843401,0.9771470165554615,1.5,2.1455367011484303,75672.04818135945,0.20048234379394952,1.047362095129042,1.0663772918091476,0.75,1.4375355856842544,87757.38906599187,0.1424777865664242,0.4925413214876451,0.512734700442308,0.75,1.5797260888960853,19407.7667433727,0.018724101350677414,0.11883676329281082,0.12030281909124983,2.25,1.9015224700961766,1129.7741351320485,0.04795352294747358,0.17171579751683716,0.17828588132523926,1.5,2.0489488886323888,2358.9052133990685,0.003652633668818324,0.14071445950094982,0.14076185863138863,0.75,1.5505330216728213,1584.0447604605627,9.459469952568025,1.0015490321417893,9.512343152311184,1.5,2.257011108858339,80248.05516238515,-0.5388438309799475,0.7652983729221414,0.9359670260123609,2.25,3.170382296344155,46854.53161092421,2.254998590086869,1.1361445452910333,2.525043181628452,1.5,1.6418945386501886,103266.05436292246,0.0005484874319219357,1.001549032141776,1.0015491823283522,1.5,2.2570111088583484,80248.05516238304,-0.25685998402004784,0.7652983729221439,0.8072537711203708,2.25,3.1703822963441466,46854.5316109245,0.06186518008687987,1.1361445452910328,1.137827635585351,1.5,1.6418945386501904,103266.05436292235,0.013921192484772298,0.2809086421874022,0.2812533819454764,1.5,2.1153461489258714,6312.775018297637,-0.024053444298046674,0.2526086871453323,0.25375128965955546,0.75,1.7402317413378807,5104.892176918643,0.01577047348138654,0.22263344954432612,0.223191309619871,1.5,2.2121288185418937,3965.260348579337,8.794412771131583,4.223189732230851,9.755871437419744,0.75,2.095266855563913,1426826.52119954,-1.781751515882124,1.925687043700758,2.6235298844543795,1.5,2.385110211364093,296661.64912395016,7.115992895044246,2.909940443430043,7.687984668730162,1.5,2.556304902916617,677420.2710515729,2.2611685911316157,4.223189732230845,4.790429512260897,0.75,2.095266855563921,1426826.5211995367,-0.3164857708821331,1.9256870437007623,1.951520902641793,1.5,2.3851102113640876,296661.6491239515,-0.05489147495571011,2.9099404434300506,2.910458118292152,1.5,2.5563049029166205,677420.2710515765,-0.10180578438258056,0.6770890410727728,0.6846999249850985,2.25,3.347395969380754,36675.96556987631,-0.011262615660710698,2.4989800129258173,2.4990053924540137,1.5,1.9104125641935181,499592.0885169144,-0.003611424907689891,1.1698723763761196,1.1698779506417638,1.5,2.5109470261444136,109488.11016167921,8.878145500330666,3.4599353779766946,9.52851616700189,0.75,1.9931964708615737,957693.6275976588,1.2401036531278198,0.9358417961235411,1.5535948435395568,2.25,2.7429297065900466,70064.01163873126,7.011711507167851,2.9646775263056946,7.612713779903464,0.75,2.515900970431909,703145.3755904057,2.066115835330714,3.459935377976719,4.0298867806402745,0.75,1.9931964708615655,957693.6275976718,-0.5787095868721697,0.9358417961235415,1.1003202503405514,2.25,2.7429297065900484,70064.01163873129,-0.006210437832109861,2.964677526305704,2.9646840311439893,0.75,2.515900970431898,703145.3755904102,0.0706937370079389,0.7527384428270251,0.756050770624435,1.5,2.8531157573963237,45329.28887719522,0.06699816368361028,2.5532241588412488,2.554103043972106,1.5,1.6754328083905479,521516.29169246,0.10526839610322888,0.7053042529559931,0.7131167677568365,1.5,2.7290454659793757,39796.381370849485,4.0,CIPN_1_3,CIPN_1,neuro,gait_full,4.0,0.5
9.063249162478527,0.8764533027293175,9.105528857404872,1.5,2.3601370288559047,61453.6610752645,-0.3055833366076769,1.1151808516509307,1.1562912727773984,0.75,1.3799860805809445,99490.27212749877,3.0459891745627408,0.47477418463121007,3.08276833024242,0.75,1.7983842069576612,18032.84607845537,0.16077010752141752,0.8764533027293103,0.8910765507730323,1.5,2.3601370288558763,61453.66107526345,0.07352778660767799,1.11518085165093,1.1176021954579,0.75,1.3799860805809436,99490.27212749871,0.16329614956275296,0.47477418463121007,0.5020718662245987,0.75,1.7983842069576819,18032.84607845537,0.02123770526258544,0.12810067748799703,0.12984923449025135,0.75,1.9434254156715276,1312.7830423969065,0.03530264520702425,0.164484091617967,0.16822988187001972,1.5,2.061597972309646,2164.4022321778107,0.009436753847678917,0.14144774669333718,0.14176218595875337,0.75,1.6124461926577753,1600.5975264477588,9.46255777361713,1.0943103751261485,9.525624116883403,1.5,2.443110727800961,95801.23238951522,-0.593203653411805,0.7301257050039016,0.9407306306953958,2.25,3.171564282652256,42646.76540565761,2.252059447666391,1.0632823195460783,2.4904499687572,1.5,1.6041135119808323,90445.54550575787,-0.002539333617188859,1.0943103751261267,1.094313321368201,1.5,2.443110727800989,95801.23238951144,-0.20250016158819098,0.7301257050039052,0.7576871785576769,2.25,3.1715642826522483,42646.76540565802,0.058926037666402066,1.06328231954608,1.0649138786654793,1.5,1.6041135119808307,90445.54550575817,0.03080756210869868,0.27280864910047414,0.2745426467911806,1.5,2.1653912132445416,5953.966957401002,-0.012701397219465766,0.26157010464678043,0.2618783021486399,0.75,1.573001544124767,5473.513620128761,0.02267053249705837,0.21680925441635499,0.21799129763427694,1.5,2.3548666468837687,3760.501006054791,8.715124984563518,4.086341302287949,9.62556952784341,0.75,2.061890771090626,1335855.0304226384,-1.7866578446036936,1.985007566140576,2.6706555920446293,1.5,2.3926063326174853,315220.46644553024,7.109862584088953,2.8235885968498136,7.650019511667166,1.5,2.5172654692755967,637812.3610434302,2.1818808045635483,4.086341302287953,4.632363228861406,0.75,2.061890771090632,1335855.0304226396,-0.32139209960370385,1.98500756614058,2.010857508458276,1.5,2.3926063326174734,315220.4664455315,-0.06102178591099836,2.8235885968498216,2.8242479038880623,1.5,2.5172654692755914,637812.3610434337,-0.08298037356273938,0.7348646198076964,0.7395348212503059,2.25,3.2283796424761646,43202.08225427127,0.012600586679847545,2.384926874342825,2.3849601612495146,1.5,1.8971771141658857,455030.0963343585,0.01857736764333408,1.1697847002888142,1.1699322047103182,1.5,2.4076038004514677,109471.70527679315,8.897905406938989,3.6722569690127336,9.625912521797437,0.75,1.8812320711473074,1078837.699765635,1.1931141417867417,1.0325635065208647,1.5778810951178093,2.25,2.582096521091286,85294.99420242813,6.970283558314594,3.049497314369827,7.608172366190158,0.75,2.7463417103374796,743954.7102784942,2.085875741939032,3.6722569690127362,4.223310177724615,0.75,1.8812320711473047,1078837.6997656368,-0.6256990982132478,1.0325635065208643,1.2073469909282644,2.25,2.5820965210912923,85294.99420242805,-0.04763838668536373,3.049497314369835,3.0498693883894146,0.75,2.746341710337475,743954.7102784982,0.04825276658636225,0.6993514576650082,0.7010141159929733,1.5,2.848082896510205,39127.39727791321,-0.007444921444199224,2.5002343928890625,2.500245477196319,1.5,1.7211551589693592,500093.76324990497,0.1442739678972978,0.7071811588111226,0.721747995626086,1.5,3.233079011749155,40008.41555655324,4.0,CIPN_1_3,CIPN_1,neuro,gait_full,4.0,0.5
9.157909358033129,0.8384427509147961,9.196210635719059,3.0,2.477091173603301,56238.94936001938,-0.2590714250606793,1.0759707038560324,1.1067208134120445,0.75,1.3883581244980434,92617.09518109677,2.8573283627256605,0.4919519867943319,2.8993692641240765,1.5,1.686556971019012,19361.406050398396,0.06610991196680902,0.8384427509147937,0.8410450445855002,3.0,2.4770911736032795,56238.94936001905,0.02701587506068127,1.0759707038560344,1.0763098127684911,0.75,1.3883581244980419,92617.09518109707,-0.025364662274322526,0.49195198679433216,0.49260544394391464,1.5,1.6865569710190216,19361.40605039842,0.007571315238481289,0.12148438917373425,0.12172009541302445,0.75,2.2829333672047385,1180.6772668724839,0.005746573342965319,0.14875916178151805,0.1488701156012379,1.5,2.443697761988239,1770.3431548881474,0.02553375861745777,0.13214966385593319,0.13459385753581302,0.75,1.6376145341531665,1397.0827805382594,9.48330100025499,1.0643644220450854,9.542843888713294,1.5,2.458053915047209,90629.73054245542,-0.6423399484836714,0.7239802136457214,0.9678574064233377,2.25,3.2414033949790007,41931.788761477466,2.2420267995796017,1.0298725813992915,2.467249826010976,1.5,1.5932418430388025,84851.05155314757,-0.023282560255049014,1.064364422045072,1.0646190400924505,1.5,2.458053915047235,90629.73054245318,-0.15336386651632344,0.7239802136457216,0.7400458264886989,2.25,3.2414033949789944,41931.7887614775,0.04889338957961307,1.0298725813992937,1.0310325394780848,1.5,1.5932418430388022,84851.05155314792,0.00896604888196385,0.26334734668535853,0.2634999336599009,1.5,2.3050689592388647,5548.149552269559,-0.019412075243071588,0.28691141260233066,0.28756736140721445,0.75,1.4850480288718453,6585.453431405361,-0.002470830327441279,0.20968990401222232,0.20970446072309004,2.25,2.476032821767811,3517.598638045189,8.534670892889666,3.931395726547992,9.396620648331925,0.75,2.162273440226912,1236469.7886984663,-1.6804821220558026,1.8045755827457601,2.465869663301646,0.75,2.6917147327581614,260519.443727987,7.1763368677389465,2.881250333501928,7.733137417864382,1.5,2.4958149972377583,664128.279240601,2.0014267128896908,3.931395726547975,4.411528221125658,0.75,2.1622734402269175,1236469.7886984558,-0.2152163770558101,1.8045755827457626,1.8173637838350463,0.75,2.691714732758152,260519.44372798773,0.005452497739000428,2.8812503335019315,2.8812554926692266,1.5,2.4958149972377557,664128.2792406029,-0.06895436969701152,0.6885302542064171,0.6919744330955194,1.5,2.8358856243869113,37925.91377067701,-0.020521661812374966,2.344684950649098,2.3447747560061933,1.5,1.9337288415287595,439803.80393899855,0.03651408779423491,1.1207894267886551,1.121384063471872,1.5,2.4474255943019565,100493.51574375607,9.050356440506134,4.104898984880265,9.937763700968237,0.75,1.7145670847933079,1348016.329902004,1.2551539901363369,0.8704871823962185,1.5274683216588405,0.75,2.939330439971884,60620.07569619837,6.632953108806155,3.437533878811934,7.470790193252722,0.75,2.5316152573179154,945331.7378506282,2.238326775506167,4.104898984880253,4.675500233132149,0.75,1.7145670847933077,1348016.329901996,-0.5636592498636519,0.8704871823962177,1.0370437236071393,0.75,2.939330439971891,60620.07569619827,-0.3849688361938125,3.437533878811934,3.4590230084259685,0.75,2.5316152573179234,945331.7378506286,-0.005943666967722035,0.6470515143006021,0.647078812306295,1.5,3.2130196714163826,33494.159436108355,-0.009045659197073341,2.4474232382833594,2.4474399545728827,1.5,1.6617126804219413,479190.44241380604,0.10299184519932603,0.6925881357620839,0.7002040031133504,1.5,3.075606173402272,38374.27468151864,4.0,CIPN_1_3,CIPN_1,neuro,gait_full,4.0,0.5
9.203592434157715,0.8586627248188413,9.243560751630211,1.5,2.3498075775978142,58984.13971402115,-0.3737641616658704,1.0720705399880066,1.1353567242307445,0.75,1.390256618666658,91946.9820145584,2.6560230383752987,0.396146850908274,2.685403267270094,0.75,1.8080968020685788,12554.672487921529,0.020426835842227327,0.8586627248188332,0.8589056587401369,1.5,2.34980757759783,58984.13971402004,0.1417086116658709,1.0720705399880077,1.0813956599369388,0.75,1.3902566186666607,91946.98201455857,-0.22666998662467988,0.39614685090827784,0.45641166759952334,0.75,1.8080968020686103,12554.67248792177,0.012252252018213056,0.11437677779892026,0.11503114786518209,1.5,2.1440052105545324,1046.565694820915,0.027713104763269533,0.15084403929509677,0.15336864205723624,1.5,2.2447880121693635,1820.314035982127,-0.0033721089932217917,0.16703672563085287,0.1670707599448179,0.75,1.258623496292276,2232.111927797313,9.495472708103419,0.9466216910757178,9.542541305980915,1.5,2.4331516033920733,71687.52209118151,-0.6277840346105427,0.6872651090960814,0.9308308784589925,2.25,3.140290659089665,37786.66850089699,2.187360357574773,1.0466140130461008,2.4248600425991813,1.5,1.5330956025782367,87632.15058018392,-0.03545426810347804,0.9466216910757195,0.9472854011024388,1.5,2.433151603392098,71687.52209118179,-0.16791978038945177,0.6872651090960812,0.7074817190761116,2.25,3.14029065908966,37786.66850089695,-0.005773052425213096,1.046614013046102,1.0466299348092287,1.5,1.5330956025782358,87632.1505801841,0.010946993922310393,0.2746256072078351,0.27484370251145873,1.5,2.0980463043938755,6033.548592252708,-0.026045236104753657,0.28087537707030924,0.28208036402440484,0.75,1.3961040649209042,6311.2782770716185,0.009152444071677422,0.2027313050395651,0.20293779656715102,2.25,2.466897705568412,3288.006397775537,8.479554298413065,3.734910134424529,9.265656739377006,0.75,2.291098328962602,1115970.2659547778,-1.5737516045971052,1.58325274964427,2.232349296644256,1.5,3.0336903780638216,200535.44946218515,6.980693554646729,2.727884538530357,7.494760607213506,1.5,2.6130345496954948,595308.7314946023,1.946310118413088,3.7349101344245117,4.211612136612783,0.75,2.2910983289626006,1115970.2659547674,-0.10848585959711027,1.5832527496442683,1.5869651700616054,1.5,3.033690378063812,200535.4494621847,-0.19019081535322716,2.7278845385303603,2.7345066468739336,1.5,2.6130345496954903,595308.7314946037,-0.03644725157788739,0.6177582892616517,0.6188325347774342,1.5,3.4513491368880493,30530.463560248358,-0.17410734604480876,2.1497074671721133,2.1567465225107725,1.5,2.067627603696325,369699.8127391126,-0.017966245602684793,1.0288891182560513,1.0290459677034698,1.5,2.874565434157155,84689.31944922518,8.687418552702068,3.7974008681257545,9.481112511887742,0.75,1.7751773868804588,1153620.2693186468,1.4083102128593186,1.0110334516639714,1.7336453778173386,2.25,2.907774106477975,81775.1567519297,6.734229287820046,3.219639234604335,7.464309807472951,0.75,2.446197251237626,829286.1447584453,1.8753888877020983,3.7974008681257496,4.235249323635943,0.75,1.7751773868804597,1153620.2693186442,-0.410503027140669,1.011033451663974,1.091192639122544,2.25,2.9077741064779863,81775.15675193016,-0.2836926571799192,3.21963923460434,3.2321136002222173,0.75,2.446197251237628,829286.144758448,0.07153471636727665,0.5653100726976606,0.5698181235615283,1.5,3.2822232987929505,25566.03835032696,0.05334457135674292,2.405402272890568,2.4059937110724845,1.5,1.5559138197250124,462876.8077962405,0.06935576610172721,0.7344505544874339,0.7377179944114529,1.5,2.8063929851410943,43153.41175212651,4.0,CIPN_1_3,CIPN_1,neuro,gait_full,4.0,0.5
9.186619781563222,0.814317020867639,9.22264036062794,1.5,2.3182725027271975,53049.266173909535,-0.19528548574756407,1.1562637169874768,1.1726389914058624,0.75,1.292275829174029,106956.01862115914,2.821863929496825,0.5337763471062726,2.8719041114433774,0.25,1.0190701890282667,22793.37526858719,0.148914663436732,0.8143170208676414,0.8278211083689675,1.5,2.318272502727268,53049.26617390981,0.02452772074756421,1.1562637169874752,1.156523839921496,0.75,1.2922758291740324,106956.01862115877,0.26539754949683647,0.5337763471062715,0.5961149620744649,0.25,1.0190701890282534,22793.375268587104,0.0031367501092931737,0.1032270155717653,0.10327466264821021,1.0,2.345585132809936,852.4902481871218,0.054418003266186066,0.17093906431303296,0.1793919808344115,1.5,2.3351301729707132,2337.637304263368,-0.025710583341538404,0.16741039874150046,0.16937318472104837,0.75,1.2780974643512768,2242.101458352899,9.465169505091485,0.865427238743124,9.504651391064922,1.5,2.1721107603008663,59917.18718964973,-0.5790962716125658,0.6922199534384891,0.902508147184256,2.25,2.6881215130181144,38333.59434619202,2.109814550565387,1.0796166379872008,2.3699977896184232,1.5,1.4962058495371244,93246.32719458571,0.03017964990845079,0.8654272387431191,0.8659532994493043,1.5,2.172110760300824,59917.18718964908,-0.23510429838742844,0.6922199534384907,0.7310557400490275,2.25,2.68812151301812,38333.5943461922,0.05770970056540077,1.0796166379872016,1.0811579415414458,1.5,1.496205849537123,93246.32719458583,-0.023304452279227707,0.2668785767545752,0.2678941436959429,2.25,2.6453490183116064,5698.072267343292,-0.003713373410186527,0.2823074546953017,0.28233187584582675,0.75,1.4867881538715448,6375.827073249566,0.001271442921716558,0.18906586689148858,0.1890701419858071,1.5,2.443172017559786,2859.6763317524346,8.467893981536047,3.9465979384829235,9.34242279981869,0.75,2.2680110345465843,1246054.757681911,-1.5521604705940726,1.5821184445863212,2.2163711104359427,0.75,2.73892400846542,200249.43631178082,7.092695218785446,2.856775301323494,7.646403768362868,1.5,2.691109060210335,652893.5032623657,1.9392752165360785,3.946597938482932,4.397320053567716,0.75,2.2680110345465936,1246054.7576819167,-0.15440224059407867,1.5821184445863241,1.58963480856476,0.75,2.7389240084654207,200249.43631178155,-0.10253266621451744,2.856775301323495,2.858614711690438,1.5,2.6911090602103256,652893.5032623663,-0.046221473441771056,0.6576399045929299,0.6592622154500637,1.5,3.2941096382963053,34599.293420208654,-0.016582525855642707,2.389809847989704,2.3898673791054446,1.5,1.8744141167393447,456895.2974728869,0.04522315369893282,1.0740178188801606,1.0749694920799262,1.5,2.250704106532567,92281.15624493982,8.281934576980609,3.2789853497247483,8.907423042670448,0.75,1.8491823425548717,860139.617713939,1.5435493068183714,0.7117108041216811,1.69972842868589,2.25,3.0932787251524223,40522.582150064016,6.957755408082395,2.7202668126643,7.470623257184276,0.75,2.5265081250834682,591988.1299784791,1.4720385869806385,3.2789853497247616,3.5942513163758556,0.75,1.8491823425548897,860139.6177139462,-0.368816998181617,0.7117108041216832,0.8015973096581798,2.25,3.093278725152415,40522.58215006424,-0.034248516917563025,2.7202668126643066,2.7204824007873825,0.75,2.526508125083465,591988.1299784819,0.061165378629646654,0.5174242521086094,0.5210269284912843,1.5,3.41562894292105,21418.236388988607,-0.05368190126313495,2.2373411300345225,2.2379850488033606,1.5,1.7930907594241794,400456.6224119589,0.07382663093628826,0.523295865394596,0.5284779410481407,1.5,3.4613813642345788,21907.085051953753,4.0,CIPN_1_4,CIPN_1,neuro,gait_full,4.0,0.5
9.16670673793168,0.914000494379609,9.212160947517592,1.5,2.182399656811978,66831.81400775284,-0.1716586254293893,1.0455572772446728,1.0595549554806494,0.75,1.363024455813431,87455.22784298492,3.0524517116779264,0.4000108288546927,3.078550002083208,1.5,1.8075064272323762,12800.76548824409,0.16882770706826414,0.914000494379617,0.9294620478535485,1.5,2.182399656811975,66831.81400775406,0.0009008604293899936,1.0455572772446722,1.0455576653388399,0.75,1.363024455813435,87455.22784298481,0.4959853316779382,0.4000108288546926,0.6371892281266944,1.5,1.8075064272323895,12800.765488244084,-0.013346905800317756,0.10381715270053027,0.10467158682893737,2.25,2.3197226465127976,862.2423032342614,0.037604839640737985,0.19793461992404854,0.20147515412299147,1.5,2.1523317761420664,3134.2521095111583,-0.010893673854539168,0.15818564402220117,0.15856030431595297,0.75,1.445861567686941,2001.8183136912064,9.488447311128116,0.9998468557685752,9.540981401881291,1.5,2.0581882917175274,79975.62296888857,-0.7461007376957639,0.7598098956055086,1.06488374400693,2.25,3.307494103757514,46185.04322651376,2.223569491566768,1.116923376751827,2.4883285782551305,1.5,1.5941073997703503,99801.5628672914,0.006901843871829398,0.9998468557685701,0.999870676857326,1.5,2.0581882917175345,79975.62296888778,-0.06809983230423151,0.7598098956055099,0.7628555987996157,2.25,3.3074941037575205,46185.04322651393,0.17146464156677965,1.116923376751827,1.1300079437076218,1.5,1.594107399770358,99801.56286729146,-0.047247914781837534,0.2668778371815463,0.27102794215713577,2.25,2.239300154560392,5697.908255642615,-0.016278673912179464,0.2901845215280561,0.29064076066306654,0.75,1.4914339480801437,6736.568732591239,-0.010055076652623724,0.2141926059129686,0.21442848923190785,1.5,2.355418032457872,3670.2806776322977,8.615912388285238,3.964312360559791,9.484182557010076,0.75,2.2044299492708204,1257261.8010784287,-1.4696432170385714,1.656624783765441,2.2145556799442585,0.75,2.7647390237173863,219552.45925497112,7.145785038625527,2.936957504957425,7.725798547992963,1.5,2.590654121264007,690057.5951588219,2.08729362328526,3.9643123605597896,4.4802418642183195,0.75,2.2044299492708253,1257261.8010784283,-0.0718849870385777,1.6566247837654413,1.6581836826924305,0.75,2.7647390237173997,219552.4592549712,-0.0494428463744435,2.9369575049574284,2.9373736536204196,1.5,2.590654121264001,690057.5951588239,-0.11065707787987117,0.7817466471155768,0.7895396184874817,1.5,3.189069847971718,48890.22785830261,-0.045006423538489854,2.4492611116202547,2.449674584726513,1.5,1.9089905023249805,479910.68430240906,0.03309170103715788,1.0615855418479287,1.062101183192116,1.5,2.2422670051014837,90157.11778671578,8.903029762970773,3.7784778355698654,9.671651033522464,0.75,1.9538701019597713,1142151.6000348104,1.7796901688915094,1.0666891722872136,2.074879005514266,1.5,2.7033709161178363,91026.1610830861,6.91547654522333,2.957429987525897,7.521316904548792,0.75,2.7004485129223337,699714.5106029791,2.0931337729708135,3.7784778355698716,4.319502719693995,0.75,1.953870101959778,1142151.600034814,-0.1326761361084823,1.0666891722872116,1.0749087158300714,1.5,2.7033709161178483,91026.16108308575,-0.076527379776631,2.957429987525905,2.958419944999856,0.75,2.700448512922341,699714.5106029828,0.08351006021811169,0.7969835659399003,0.8013468253733286,1.5,3.9775327643251024,50814.625226288124,-0.002732339276072757,2.619007037823293,2.6190084631107737,1.5,1.7208490638453704,548736.4809437623,0.12818656685868782,0.7719405355107469,0.7825113330090726,1.5,3.3755110262408197,47671.39219226001,4.0,CIPN_1_4,CIPN_1,neuro,gait_full,4.0,0.5
9.209113427053168,0.8921536373984804,9.252227203492914,1.5,2.202819589961882,63675.0616643458,-0.3899585623120091,0.9125326465873977,0.9923625906936686,0.75,1.502354576343607,66617.27301432229,2.8812918152026077,0.5114326602254817,2.92632976444878,0.75,1.4915910154361274,20925.07040588772,0.12642101794677893,0.8921536373984842,0.9010662497852452,1.5,2.2028195899618925,63675.061664346336,0.2192007973120104,0.9125326465873976,0.938490714194883,0.75,1.5023545763436092,66617.27301432226,0.32482543520262225,0.5114326602254856,0.6058670888073473,0.75,1.4915910154361225,20925.070405888047,-0.0068842217998372375,0.10716579012360715,0.1073866801917555,2.25,2.4194612070125894,918.7607668163112,0.020580166761136415,0.19216833410599163,0.19326720336618988,1.5,2.0643246997810065,2954.2947845410604,0.00019996519746814378,0.13490797797260448,0.13490812617013453,0.75,1.6613876784762718,1456.0130016595908,9.477719697725693,0.9903829814126581,9.529324693729846,1.5,2.1172770733087316,78468.68441512738,-0.7215859617761198,0.7543725225137231,1.043917718479807,2.25,3.243145818412949,45526.25892915977,2.179815077244768,1.1316210178529096,2.4560455816271136,1.5,1.6096157148547596,102445.32238754595,0.017629457274245915,0.9903829814126582,0.9905398768528253,1.5,2.117277073308721,78468.68441512743,-0.0926146082238763,0.7543725225137219,0.7600364256929913,2.25,3.2431458184129522,45526.25892915964,0.12771022724477932,1.1316210178529105,1.1388046497048432,1.5,1.6096157148547625,102445.32238754616,-0.017129573441848792,0.2496386011879208,0.25022560518332543,2.25,2.1835901005019096,4985.556797164848,-0.021253571889354537,0.27975878699741913,0.28056495365658785,0.75,1.5328973714502316,6261.200696339639,0.002343232360808667,0.21606156227545784,0.21607426832181634,2.25,2.4302987538930574,3734.6145844244484,8.570823096329205,4.031530441695156,9.471654884490084,0.75,2.4100031426127657,1300260.4281954966,-1.5475958764296116,1.6546286221664273,2.265579147598756,0.75,2.973824542616948,219023.69400407907,7.163422503571546,2.9520284690296505,7.747844477442535,1.5,2.5162102575508256,697157.8004277222,2.0422043313292284,4.03153044169515,4.519273861276229,0.75,2.410003142612773,1300260.4281954928,-0.1498376464296195,1.6546286221664235,1.6613991686466936,0.75,2.9738245426169554,219023.69400407805,-0.0318053814284243,2.952028469029652,2.952199800868728,1.5,2.5162102575508305,697157.8004277225,-0.11945581134219901,0.8599706599769587,0.8682276354071142,3.0,3.065851450831052,59163.96300445816,-0.018041120507834064,2.4453901234108133,2.44545667262872,1.5,1.9051567325546648,478394.79377921927,0.041381064377473284,1.0748357520346123,1.0756320404026758,1.5,2.2769447038152846,92421.80797468632,8.696161851199989,3.6437133381055453,9.428673174554003,0.75,2.044509537355295,1062132.258238533,1.8792680937462034,1.1605282066844762,2.208726847458231,1.5,2.6264378120961815,107746.11366375118,7.001092013230763,2.870665563412234,7.566770126988426,1.5,2.7052735494896787,659257.6658905616,1.8862658612000258,3.6437133381055364,4.103004483231388,0.75,2.0445095373553,1062132.2582385284,-0.033098211253785835,1.1605282066844749,1.161000090481686,1.5,2.626437812096192,107746.11366375088,0.00908808823080463,2.8706655634122424,2.870679949125053,1.5,2.7052735494896694,659257.6658905654,0.09296623072808682,0.7647821418199489,0.7704118667975567,1.5,3.8939241921130354,46791.345942686065,0.05354510493484076,2.5630096625282546,2.5635689201727505,1.5,1.6976457801632876,525521.4845948447,0.14331799723805336,0.7847942056445073,0.7977731466686002,2.25,3.290275272754395,49272.18381736989,4.0,CIPN_1_4,CIPN_1,neuro,gait_full,4.0,0.5
9.228693640522103,0.9036893325852374,9.272833478524321,1.5,2.162245943282562,65332.36352169909,-0.5010733146260585,0.9530030777461678,1.0767029919267492,0.75,1.4783380842186045,72657.23878032301,2.876442361392261,0.5329228097446908,2.925393542680721,1.5,1.529140725116277,22720.54709354872,0.10684080447784272,0.9036893325852304,0.9099831687068788,1.5,2.1622459432825707,65332.36352169808,0.33031554962606,0.9530030777461685,1.0086244239152826,0.75,1.4783380842186058,72657.2387803231,0.3199759813922736,0.5329228097446901,0.6216038527986485,1.5,1.5291407251162636,22720.547093548674,0.001956480567380452,0.11138323163999156,0.11140041340488174,2.25,2.231613542696428,992.4979570174071,0.03104825669001586,0.18105491276077298,0.18369778354215444,1.5,2.07513063147321,2622.4705176036023,-0.010353096933693661,0.12939228658294888,0.12980581821814627,0.75,1.5523408665081833,1339.389849673069,9.502295328982397,1.0245164710997234,9.5573662961485,1.5,2.119529529452802,83970.74447377383,-0.6427832160150371,0.7682608092094196,1.001696028622329,2.25,3.3361158136168636,47217.97424846315,2.1076202819801524,1.1557097738637498,2.4036905654468708,1.5,1.5775245256150534,106853.2302556377,-0.006946173982467791,1.024516471099725,1.0245400181972535,1.5,2.1195295294528016,83970.74447377406,-0.17141735398495853,0.768260809209418,0.7871521963472593,2.25,3.3361158136168694,47217.974248462946,0.05551543198016334,1.1557097738637478,1.157042369402322,1.5,1.5775245256150527,106853.23025563733,0.004470387530782023,0.25829054000848967,0.2583292229356806,2.25,2.2084276289310525,5337.120327602894,-0.027849971090306357,0.28188241716806545,0.28325486403280387,0.75,1.578084332997567,6356.61626884014,0.006055650646292374,0.22115239947024687,0.22123529260992147,1.5,2.341248378745759,3912.6715495966637,8.639272909050101,4.187329302243045,9.600560560845928,0.75,2.309425890487769,1402698.1351090535,-1.5623997627219626,1.815289624808891,2.3950719071653044,0.75,2.3175028396052184,263622.1156494541,7.244655752596177,2.9772318242681877,7.832556818118856,1.5,2.6199170793157704,709112.7540001763,2.110654144050136,4.187329302243056,4.68919903621283,0.75,2.3094258904877916,1402698.1351090611,-0.16464153272196838,1.8152896248088901,1.822740589397142,0.75,2.317502839605216,263622.1156494538,0.04942786759621228,2.977231824268184,2.97764209560692,1.5,2.6199170793157824,709112.7540001747,-0.0858925606909438,0.8205263983259988,0.825009758931301,3.0,3.4866262818233444,53861.0859877701,-0.027737642601444068,2.5111473395688133,2.51130052718519,1.5,1.920574170256973,504468.8776916866,0.04616057045021681,1.0838722405193344,1.0848547515832205,1.5,2.2579154982751106,93982.3239724805,8.734303260201711,3.6251984512577233,9.456749824975367,0.75,2.170204156884656,1051365.4758186913,1.8008168117655936,1.1647810474029303,2.144680880207278,1.5,2.7220130751960476,108537.19392661643,6.959918443034508,3.0320822949900372,7.591705195625283,1.5,2.6907634155129903,735482.2626623034,1.9244072702017372,3.6251984512577096,4.104315674093136,0.75,2.1702041568846724,1051365.4758186832,-0.11154949323439237,1.1647810474029303,1.170110327204199,1.5,2.7220130751960365,108537.19392661647,-0.03208548196545511,3.032082294990032,3.0322520544547364,1.5,2.690763415512976,735482.2626623006,0.12259726211570907,0.7254314439162275,0.7357179272660486,1.5,4.143669466525868,42100.064734951855,0.010344796018447688,2.576287669043208,2.5763084381472554,1.5,1.6763618751862448,530980.6646942926,0.15355043915628516,0.7599275729516575,0.7752855303030521,2.25,3.206620203960955,46199.21082950814,4.0,CIPN_1_4,CIPN_1,neuro,gait_full,4.0,0.5
9.163991201124734,0.8222960668944026,9.20081004889904,1.5,2.3731034726257096,54093.75428333972,-0.5137089075522205,0.9222585314399518,1.0556787581988532,0.75,1.3951359826616319,68044.94028188402,2.898658932676521,0.4324225847695236,2.930735897313871,1.5,1.609757525798666,14959.144397914284,0.17154324387520511,0.8222960668943979,0.839998753659328,1.5,2.373103472625763,54093.754283339105,0.34295114255222287,0.9222585314399528,0.9839594935726031,0.75,1.3951359826616314,68044.94028188418,0.3421925526765313,0.43242258476951867,0.5514390582158941,1.5,1.60975752579865,14959.14439791394,0.0065032584839473,0.12431431575054026,0.12448430210847493,1.5,2.3593866706698234,1236.332696670611,0.023163485598588444,0.1724778620051079,0.17402631969598467,1.5,2.3567606535606185,2379.8959270041746,-0.014765100896649173,0.12502171976977114,0.12589058193002134,0.75,1.338592804891468,1250.4347731590053,9.47652144499592,0.9388450041550161,9.522913873352756,1.5,2.234265769471205,70514.49041180409,-0.6837016008122001,0.7212077982876457,0.9937749077452491,2.25,3.3328473211184217,41611.255593040514,2.0966867988737556,1.1346154451406643,2.38399826781045,1.5,1.6354113168712514,102988.44464591109,0.018827710004010227,0.9388450041550185,0.9390337717520237,1.5,2.234265769471225,70514.49041180444,-0.13049896918779433,0.7212077982876449,0.7329192788227018,2.25,3.3328473211184275,41611.255593040434,0.04458194887376534,1.1346154451406603,1.1354909768541193,1.5,1.635411316871255,102988.44464591035,0.001058820064701189,0.26718669066190914,0.26718878862480766,1.5,2.1916391146354424,5711.111783733978,-0.016702546855698244,0.27975249349581377,0.28025066046058145,0.75,1.5375706017535717,6260.917002229026,0.011774662552991122,0.21658586963060183,0.21690569748598323,2.25,2.3508841247281023,3752.7655330002185,8.583810483475158,3.995149548982128,9.46799991206961,0.75,2.1884420226447023,1276897.837946681,-1.474083153052624,1.7905905402111781,2.3192963641603295,0.75,2.601270187405051,256498.5467992717,7.2773175127979695,2.7536813302638126,7.780881123029673,1.5,2.8708345530050794,606625.4620496731,2.055191718475186,3.9951495489821376,4.492775636332307,0.75,2.188442022644719,1276897.8379466871,-0.07632492305262976,1.7905905402111804,1.7922164982425413,0.75,2.6012701874050594,256498.5467992724,0.08208962779801139,2.7536813302638166,2.7549046400257704,1.5,2.8708345530050914,606625.4620496749,-0.10945102569704865,0.7785853961173376,0.7862408957013922,1.5,3.5629581792034575,48495.858351575465,0.03643159245492998,2.4524495347721302,2.4527201188747245,1.5,1.9229311947001189,481162.2982394297,0.036269722344965574,1.0823009645147903,1.0829085236291318,1.5,2.2640737279311,93710.03159291476,8.77343487750712,3.537917722894447,9.45991656220228,0.75,2.1558219161747982,1001348.9486714778,1.7531724444060632,1.0921745841963963,2.065540835275183,1.5,2.832808040715438,95427.63846873105,6.836435864386702,2.9345678958353982,7.439660211537927,0.75,2.685558809715973,688935.0988581422,1.9635388875071391,3.537917722894425,4.046275667416055,0.75,2.155821916174809,1001348.9486714649,-0.15919386059392315,1.0921745841963948,1.1037155465133965,1.5,2.8328080407154212,95427.63846873079,-0.15556806061326373,2.9345678958353885,2.938688509650302,0.75,2.6855588097159604,688935.0988581375,0.09537214669318417,0.7459980565831887,0.7520697752142156,1.5,3.933138150172673,44521.04904108174,0.07386650541652273,2.519679860679617,2.52076235709297,1.5,1.726131630472734,507903.7419088162,0.13536153142290938,0.7517260853064031,0.7638159801413198,1.5,3.17239363922306,45207.40419685399,4.0,CIPN_1_4,CIPN_1,neuro,gait_full,4.0,0.5
9.190993846713706,0.7501912278087539,9.22155923738553,2.75,2.8218428059935095,45023.6982928367,-0.40931334730062824,0.8545940453820363,0.9475591795138067,0.75,1.306826636975725,58426.479195572116,2.8444792152966114,0.39860801944021507,2.8722726819395956,1.5,1.8785194295627732,12711.19074814638,0.14454059828624502,0.7501912278087544,0.7639887844950028,2.75,2.8218428059935476,45023.69829283676,0.23855558230062848,0.854594045382036,0.8872653200983488,0.75,1.306826636975726,58426.47919557207,0.28801283529662386,0.3986080194402144,0.4917720472512143,1.5,1.8785194295628231,12711.190748146344,0.0057991523250515145,0.10982581174278933,0.10997881201691423,1.5,2.127482334245136,964.9389976309816,0.018970934835995525,0.1743293947196244,0.17535858756234948,1.5,2.1111201105445896,2431.2637453434972,-0.00131401469849993,0.12297983910138591,0.12298685889163379,0.75,1.5981930373862596,1209.9257446620827,9.45550468802632,0.8244622352957859,9.49138066261788,1.5,2.6796107000945053,54379.89446945882,-0.6810878883675909,0.6295952069143854,0.9275078631745348,3.5,3.5502166405554916,31711.445077704204,2.2328093391003527,0.9921422379957605,2.4433140946650704,1.5,1.4824957286034435,78747.70882358044,0.039844466973621,0.8244622352957859,0.825424472000519,1.5,2.6796107000945075,54379.89446945881,-0.13311268163240395,0.6295952069143845,0.643513100551136,3.5,3.5502166405554916,31711.445077704113,0.18070448910036366,0.99214223799576,1.00846434383981,1.5,1.482495728603445,78747.70882358035,-0.007142710910086909,0.2543002391651192,0.25440053057842055,1.5,1.891756686173194,5173.494170802895,-0.018522439576921318,0.2784793381867942,0.2790946480404732,0.75,1.4185476998936333,6204.073944733913,0.016394610878856637,0.19959332361430504,0.20026551899234632,1.5,2.4694978094088484,3187.0351276504957,8.56290833541948,3.859574615455959,9.392535087667676,0.75,2.334984266811638,1191705.3009095532,-1.5304105723528527,1.677630190736336,2.270814738555178,0.75,2.9481107912716475,225155.44494170672,7.123117932415841,2.655797307013359,7.602109471393025,1.5,2.6568381605357887,564260.8722931141,2.0342895704194985,3.8595746154559594,4.36287179144535,0.75,2.334984266811634,1191705.3009095532,-0.13265234235286066,1.677630190736335,1.682866513066836,0.75,2.948110791271649,225155.44494170646,-0.0721099525841144,2.65579730701336,2.6567760878932005,1.5,2.6568381605357936,564260.8722931145,-0.10582538399821803,0.7324029482457274,0.7400088448778189,2.75,3.0379966441116992,42913.12992782433,0.05061926261030788,2.382200289851198,2.382738032330525,1.5,1.919079009750103,453991.6139430201,0.033375484135566055,1.085612173260779,1.0861250911719493,1.5,2.3018158922574146,94284.33629406716,8.205722587100814,2.885311137481727,8.698212663331047,0.75,2.0217677701135868,666002.0697461783,1.5800645344799948,0.814903249397991,1.7778276741576748,0.75,2.302015915114151,53125.39796529468,6.8534982233742205,2.157600576393374,7.18510112281286,0.75,2.6113651340297284,372419.2376054279,1.395826597100843,2.885311137481711,3.205207052477285,0.75,2.0217677701135854,666002.0697461708,-0.33230177051999304,0.8149032493979903,0.8800521419609891,0.75,2.3020159151141315,53125.397965294585,-0.13850570162574533,2.1576005763933757,2.162041645444386,0.75,2.6113651340297173,372419.2376054285,0.03287544972239805,0.7092544221269275,0.7100159367937116,1.5,3.0364161033571357,40243.40494084214,-0.0021181758745255587,2.3277256418544527,2.3277266055994974,1.5,1.634247392345509,433466.6969164983,0.1437080499297359,0.6490999890807772,0.6648178693742163,1.5,2.9357049905989077,33706.62351097235,4.0,CIPN_1_4,CIPN_1,neuro,gait_full,4.0,0.5
9.241150075049802,0.672879526965749,9.265615012906732,2.75,2.4737448710236465,36221.41142840329,-0.6004361694088806,1.0245545768792972,1.1875334414401666,0.75,1.1017504328740653,83976.96804960693,2.7421457273792993,0.42506715884152485,2.7748955439277623,0.25,1.396873976937072,14454.602024265618,0.09438436995015348,0.6728795269657463,0.6794668991941651,2.75,2.4737448710236642,36221.411428402986,0.42967840440888094,1.024554576879297,1.111006576137008,0.75,1.1017504328740653,83976.96804960692,0.18567934737931252,0.4250671588415247,0.46385224971839184,0.25,1.3968739769370944,14454.602024265603,-0.523454938608484,0.7212699739047492,0.8911988824107497,0.25,0.6419273873156083,41618.69916093864,0.07584704216188397,0.18932784958458412,0.20395540795239903,1.25,1.6186720251759914,2867.603939364547,-0.17334851290714842,0.29477331563014814,0.34196639386745403,0.25,1.4051586714936655,6951.437002689167,9.5012858550662,0.7101661636115826,9.527789296558769,2.75,2.437402875341853,40347.00549107512,-0.7212481936909856,0.6146689509193501,0.9476375235958124,4.75,3.089554718033663,30225.57184990608,2.2740324195782002,0.9142687829077382,2.4509408097080354,1.25,1.5706230203591802,66871.55663037334,-0.005936700066255391,0.7101661636115798,0.710190977376132,2.75,2.4374028753418155,40347.0054910748,-0.09295237630900989,0.6146689509193494,0.6216575130132228,4.75,3.0895547180336735,30225.571849906002,0.22192756957821175,0.9142687829077368,0.9408183956207948,1.25,1.5706230203591858,66871.55663037313,-0.477590585372769,0.7067920831811594,0.8530227523837023,0.25,0.8001636998001548,39964.834350281395,0.032581574868636144,0.2651192446552864,0.26711378269851627,0.75,1.5751250510804118,5623.113366874194,-0.12177074533687433,0.25168178466311736,0.2795922659000239,0.25,1.494754951378667,5067.5153696085345,7.8215799791533485,2.6993146543060154,8.274262080285087,0.75,2.2471919253955406,582903.9830897488,-1.353864140861417,1.622568419581227,2.1132147046934775,0.75,2.4133614557617,210618.33119371138,7.036495617212271,1.7216668927455823,7.244060150262677,1.25,2.917384484720455,237132.32817015293,1.2929612141533793,2.6993146543060087,2.9929998837714895,0.75,2.247191925395538,582903.9830897457,0.04389408913857309,1.622568419581222,1.6231620274278256,0.75,2.413361455761701,210618.33119371015,-0.15873226778769556,1.721666892745579,1.7289687164356797,1.25,2.917384484720448,237132.32817015197,-0.30468041313462935,0.9198257990085453,0.9689735056592607,0.75,2.9958943356733627,67690.19723641634,-0.06453849179213286,1.7103497371165768,1.7115669546288705,1.25,1.9481557179275093,234025.75546390776,-0.22464974948422373,0.9695389460279118,0.9952252397363316,2.0,2.139725616229346,75200.65853033682,8.276352417103444,2.7042221843107637,8.706941308761218,2.0,2.103665517847026,585025.4105548743,2.167577543892415,1.8732523060953188,2.8648676428550948,0.25,1.2206872019098929,280725.94611212646,6.570078417112211,2.343055894074479,6.975373920426119,3.25,2.3626028825193637,439192.96081016597,1.4664564271034795,2.704222184310757,3.0762496769136836,2.0,2.103665517847036,585025.4105548713,0.25521123889242714,1.873252306095315,1.890557319614622,0.25,1.220687201909886,280725.9461121254,-0.42192550788775063,2.3430558940744928,2.38074191313623,3.25,2.3626028825193672,439192.9608101711,-0.3081775408039969,1.0877251786765985,1.1305394557391781,0.5,1.787732701375601,94651.70675090225,-0.009893532042985327,2.1575477813322728,2.157570464830314,1.25,1.6292668057161304,372401.4522356869,-0.17483301164458928,1.0306472138342044,1.0453708726308215,0.75,1.6783408178501873,84978.69623259646,4.0,CIPN_1_4,CIPN_1,neuro,gait_full,4.0,0.5
9.269376570169777,0.5432496869951356,9.285282021674556,2.75,2.6313455886119193,23609.845881325084,-0.36633422758264644,1.204018494113386,1.2585155145907578,0.75,1.0710070883498253,115973.11666251582,2.6391262507090913,0.5158847946770165,2.6890750247177513,0.75,1.0332125073670548,21290.969772571043,0.0661578748301706,0.5432496869951383,0.5472632701199308,2.75,2.631345588611832,23609.845881325324,0.19557646258264758,1.2040184941133856,1.219799445352967,0.75,1.0710070883498242,115973.11666251572,0.08265987070910315,0.5158847946770152,0.5224650951064499,0.75,1.0332125073670626,21290.969772570934,-0.7089979634727602,0.6705501552011376,0.975866600949531,0.25,0.4370696840748725,35971.00244807036,0.10444260352383022,0.15762208775941886,0.18908458419573484,0.25,1.6508588097705053,1987.5856240306268,-0.24901109757567685,0.278352688710833,0.37347924444123154,0.25,0.8594070594299719,6198.421657825197,9.387124902170061,0.6441477417616569,9.409199766300953,0.75,2.1115714254317233,33194.15703250337,-0.8754646274005279,0.6959640458149485,1.1183936100034984,0.75,1.7224182581582579,38749.28093683138,2.342282100962565,0.8651662270773218,2.496957757144645,0.75,1.2627752876274816,59881.10877126766,0.10822425282988489,0.6441477417616512,0.6531759350414112,0.75,2.1115714254317073,33194.1570325028,0.06126405740053334,0.6959640458149479,0.6986553068547369,0.75,1.7224182581582597,38749.280936831296,0.2901772509625771,0.8651662270773217,0.912532430903914,0.75,1.262775287627474,59881.10877126765,-0.7223597000787154,0.6788156572247019,0.9912589130954718,0.25,0.4807803670281704,36863.266344139985,0.047896254334679596,0.24746003373121517,0.2520526125108535,0.75,1.5625502416539365,4898.976919039814,-0.21348746591429582,0.25137325458236576,0.3297960145633031,0.25,1.1713887578689983,5055.086478475273,7.593877580707008,2.4136750918960495,7.968237205304818,2.0,2.0377072399090963,466066.2190792072,-1.202579772460374,1.760604468618425,2.1321177744322686,0.75,2.266787377113112,247978.4165746623,7.018498828491501,1.5219591640634296,7.181621370039863,2.0,2.763567962559667,185308.9270037264,1.0652588157070475,2.413675091896049,2.638295622874924,2.0,2.037707239909104,466066.21907920705,0.19517845753961438,1.7606044686184166,1.771390054507104,0.75,2.2667873771131117,247978.4165746599,-0.1767290565084621,1.5219591640634347,1.532185646875417,2.0,2.7635679625596437,185308.92700372761,-0.657736054810679,1.1924871068966345,1.361852494917354,0.75,1.5559522492258824,113762.0714897537,0.12315046431911147,1.63151033177299,1.6361515820803476,2.0,1.7111721228167223,212946.63606969116,-0.40680600899135194,1.0736577989653782,1.1481429345820373,0.75,1.9591590767479548,92219.33018904972,7.741667021529327,2.3721009168140914,8.09692972871724,0.75,2.0300738670069842,450150.4060340815,2.384634710942657,1.9256937541198882,3.065090396593373,0.25,1.3259810146039663,296663.8129891191,6.762911495601552,2.2646918482911405,7.132026434685723,0.75,2.230003518742744,410306.3861180889,0.9317710315293632,2.3721009168140887,2.548540761837553,0.75,2.030073867006998,450150.4060340804,0.47226840594266745,1.9256937541198835,1.982759158825892,0.25,1.3259810146039575,296663.8129891175,-0.2290924293984076,2.2646918482911502,2.2762496587422154,0.75,2.230003518742751,410306.3861180926,-0.5651071081848109,1.1880469260548903,1.3155993091475358,0.75,1.4575573250782028,112916.46980228822,-0.08441141847171783,1.371507393250497,1.3741025497790116,1.25,2.5965070486451096,150486.23398662437,-0.4443375925663036,1.040683100190824,1.1315728925660968,0.75,2.006019900809258,86642.03915229284,4.0,CIPN_1_4,CIPN_1,neuro,gait_full,4.0,0.5
9.186257495534978,0.6698863138238129,9.21065005565411,1.25,2.2848917173145216,35900.106469235885,-0.3891978843270699,1.114626986397082,1.1806220021536562,0.75,1.2724869713394853,99391.94410976542,2.81901555468815,0.5402199060485885,2.870311175546108,0.75,1.2004344641810758,23347.12202407513,0.1492769494649655,0.6698863138238145,0.6863171869405748,1.25,2.2848917173144887,35900.106469236045,0.21844011932706944,1.1146269863970806,1.1358298308004864,0.75,1.27248697133948,99391.94410976522,0.2625491746881587,0.5402199060485886,0.6006410042784119,0.75,1.200434464181064,23347.122024075143,-0.20423971155861437,0.3591951479261576,0.413200936677593,0.25,1.4832530463750175,10321.947820979689,0.0672197983889419,0.16683684132308582,0.17986948856911364,1.25,1.640723013144348,2226.7634890573195,-0.06091680271852799,0.18575530730233228,0.1954888514581636,0.75,1.7277285258979853,2760.470263501831,9.380917202681507,0.7237627686085053,9.408795890484058,1.25,2.042125235897998,41906.60384256813,-0.8417775814633383,0.7415001372688034,1.1217896194135162,2.0,2.2867809743903504,43985.924574414676,2.349632984116519,0.9279759258110059,2.526245134370988,1.25,1.6909187372125278,68892.1996194369,0.11443195231843876,0.7237627686084991,0.7327531759980636,1.25,2.042125235897986,41906.603842567405,0.02757701146334275,0.7415001372688027,0.7420127661508948,2.0,2.2867809743903558,43985.92457441458,0.2975281341165307,0.9279759258110059,0.9745061874999345,1.25,1.690918737212537,68892.19961943688,-0.30625264703298094,0.47573778936679767,0.565788943022321,0.25,1.7343839642357843,18106.58167863213,-0.04178041686563847,0.24564208759551553,0.24916989872725287,0.75,1.3707491868160795,4827.219116758313,-0.09709556771996293,0.23495456412244026,0.25422666357569146,0.25,1.8350543733009623,4416.35331271492,7.848004478173388,2.9738657895551643,8.39255932500427,2.0,2.0926537035196664,707510.3479069792,-1.3583987191482896,1.677720735015092,2.158701912002511,1.25,2.5032090694101865,225179.8214161476,7.070834728164942,2.0082110255739773,7.3504840164617935,1.25,2.5871239364579184,322632.94755385636,1.319385713173424,2.973865789555177,3.253406890386258,2.0,2.0926537035196735,707510.3479069852,0.03935951085169915,1.6777207350150865,1.678182360708766,1.25,2.503209069410184,225179.82141614615,-0.1243931568350089,2.0082110255739765,2.0120599346700043,1.25,2.58712393645791,322632.9475538561,-0.41475186901806543,1.048018588731211,1.1271034003941864,0.75,2.2147329410797516,87868.8612402106,0.11890966390472968,1.8591003906554255,1.8628992916164553,1.25,1.785827767802983,276500.35057452624,-0.19900010370344423,1.0322451528183654,1.0512521566165713,1.5,2.381667034905173,85242.95064534414,7.721719478997727,2.304023192859665,8.058130961058414,0.75,2.261444863173462,424685.0944505226,1.720739613626147,1.030219899652804,2.0055667177989607,1.25,1.823316282297212,84908.25071163186,7.127622154779981,1.924913691619536,7.382972998832838,1.25,2.273825862135004,296423.7995597554,0.9118234889977657,2.3040231928596704,2.4778912301235763,0.75,2.2614448631734656,424685.09445052466,-0.19162669137384317,1.0302198996528003,1.047890180547328,1.25,1.8233162822971989,84908.25071163122,0.13561822978001592,1.9249136916195455,1.9296852138193554,1.25,2.273825862134998,296423.79955975834,-0.26201838749594963,0.9894872282410455,1.0235910366147822,0.75,2.0670583249348824,78327.79836650968,0.02085840903116095,1.973516693743956,1.9736269185723494,1.25,1.6518014243708945,311582.6088874091,-0.12981076972139896,0.8083416897129613,0.8186984324302005,0.5,2.448414910834147,52273.6710992152,4.0,CIPN_1_4,CIPN_1,neuro,gait_full,4.0,0.5
9.098271618609948,0.8596408647526067,9.138792527591153,1.5,2.383882174275059,59118.81567194161,-0.581397538746456,0.9985828621059823,1.1555045783345959,0.75,1.3278680586865215,79773.43019791254,3.0400147892449563,0.5779561967123488,3.09446655889933,0.75,1.4402304357811357,26722.68990384679,0.2372628263899943,0.8596408647526078,0.8917825212119712,1.5,2.3838821742750187,59118.81567194177,0.41063977374645577,0.9985828621059819,1.0797188320457853,0.75,1.3278680586865237,79773.43019791249,0.48354840924496867,0.5779561967123521,0.7535598379701155,0.75,1.4402304357811349,26722.68990384709,0.005406477072812197,0.11980925148441147,0.11993117499463513,0.75,1.8427963352122463,1148.3433610275017,0.027969576420110845,0.17769362273370007,0.1798814075032407,1.5,2.0567399817790273,2526.007036696385,-0.013988897757247194,0.13714333050881378,0.13785493231477955,0.75,1.5919283955527346,1504.668746658001,9.461929746744193,0.9874819689929543,9.513318830534844,1.5,2.3315697846556516,78009.96450524445,-0.6254301330634917,0.7431675136096882,0.97131910545846,2.25,3.420467262015922,44183.98796654608,2.2527498289670795,1.1100065213332801,2.511373383094122,1.5,1.490627988090164,98569.22753083638,0.03341940825575092,0.9874819689929407,0.9880473146233126,1.5,2.331569784655642,78009.96450524231,-0.18877043693650541,0.7431675136096885,0.7667673905077117,2.25,3.420467262015921,44183.98796654613,0.2006449789670916,1.1100065213332788,1.1279950731218251,1.5,1.4906279880901612,98569.22753083616,-0.04161797084466573,0.2884846274411224,0.29147115769329673,1.5,2.575184973818208,6657.978001778608,-0.007134487421872868,0.29335309848363955,0.29343984272883733,0.75,1.5552677144727134,6884.515614341101,-0.0012593942377261413,0.20848219249646582,0.20848599632104658,2.25,2.276047523387971,3477.191322304822,8.215217893557512,3.7344982800726343,9.024205363492841,2.25,2.3815398112596906,1115731.6647927694,-1.8920503568645028,1.621142992797886,2.4915776439855892,1.5,2.597549378344529,210248.37450903057,7.381396442282282,2.706054726028618,7.861790229864911,1.5,2.3748174855485136,585818.8502293695,1.6865991285575461,3.7344982800726387,4.097693744573473,2.25,2.3815398112597004,1115731.664792772,-0.49429212686451107,1.6211429927978822,1.6948242710611374,1.5,2.5975493783445343,210248.37450902953,0.18616855728233098,2.706054726028625,2.7124510893253806,1.5,2.3748174855485167,585818.8502293727,-0.12520166701510896,0.6332782638018759,0.6455360693464622,1.5,3.2168486226256103,32083.66814997863,0.0384543200838778,2.374265667958905,2.3745770564000357,1.5,1.9730854963563833,450973.8575313485,0.041691980550204025,1.0974671392776048,1.098258777809842,1.5,3.096251951005996,96357.09242292593,8.60477765349211,3.0272095783582684,9.121743051486444,0.75,2.0330415673227145,733119.8290425933,1.2751071763041637,0.8113728919758365,1.5113650389285873,2.0,3.0446204348898025,52666.080094049415,6.806269550600857,2.595985793063589,7.284534812410768,1.5,2.4035337543890085,539131.4164729754,1.7948816634921414,3.027209578358265,3.5193178340758515,0.75,2.033041567322725,733119.8290425917,-0.6372591286958242,0.8113728919758366,1.031709826908416,2.0,3.0446204348898034,52666.08009404942,-0.18573437439910273,2.595985793063594,2.6026216581788146,1.5,2.4035337543890076,539131.4164729777,0.02679982627596544,0.6958408200118354,0.6963567171236057,1.5,2.7657193674149516,38735.555744287216,0.027657350175480745,2.3729441122906594,2.3731052840263187,1.5,1.664106542156052,450469.3704203812,0.08352767436246764,0.6656684961188951,0.6708885295707432,1.5,2.729489008381519,35449.17353751826,4.0,CIPN_1_4,CIPN_1,neuro,gait_full,4.0,0.5
9.077216044992356,0.9437071496557258,9.12614016503023,1.5,2.244114774185878,71246.67564126368,-0.43105474483688966,1.0173346352145969,1.1048882083964933,0.75,1.401697643068514,82797.5902593593,3.09668130545729,0.6101148843364655,3.156212172788383,0.75,1.4289733417131762,29779.220910308897,0.2583184000075821,0.9437071496557315,0.9784230067275719,1.5,2.2441147741858765,71246.67564126453,0.2602969798368896,1.0173346352145964,1.0501067934831307,0.75,1.4016976430685122,82797.59025935922,0.5402149254573018,0.610114884336467,0.8149063368116232,0.75,1.4289733417131696,29779.22091030904,0.03598741421058784,0.09981084702574843,0.10610042019502927,2.25,2.470794337926527,796.9770004202853,0.01761629847497461,0.1738793855254803,0.17476949013680274,1.5,2.250025436642966,2418.7260444752956,-0.016083816227490312,0.13485614778316765,0.13581189100868613,0.75,1.5378201299773393,1454.8944487484775,9.446894070990256,1.0564292863415239,9.5057798431034,1.5,2.232650967053145,89283.42704124218,-0.5574537029242409,0.7881086577424822,0.9653340806749778,3.75,3.4638834013573563,49689.224037990316,2.253010727015572,1.1758326883078207,2.5413854188100693,1.5,1.5414622986740754,110606.60088283988,0.048455084009694026,1.0564292863415128,1.0575399435512705,1.5,2.23265096705315,89283.4270412403,-0.2567468670757547,0.7881086577424825,0.8288752681567189,3.75,3.4638834013573505,49689.224037990374,0.2009058770155853,1.1758326883078212,1.192872869300245,1.5,1.5414622986740685,110606.60088283996,0.006874564965844147,0.28215216670807974,0.2822359027861864,1.5,2.1781738687324466,6368.792193920701,-0.018714408463542605,0.31458412371354605,0.31514028618499407,0.75,1.4468255785471276,7917.057315379361,0.018268087972506553,0.2167150886629071,0.2174836837382127,2.25,2.213725947444529,3757.239103344375,8.832642687076971,4.349626313721429,9.845548532539574,0.75,2.0787370286761977,1513539.9283694683,-1.7787148318573047,1.9704771268748917,2.6545445109484014,1.5,2.636696857710827,310622.4270482132,7.061080950233986,3.1718812127845006,7.740781266369214,1.5,2.5201109438802765,804866.4399926896,2.304023922077004,4.349626313721417,4.922171807497261,0.75,2.0787370286762132,1513539.9283694592,-0.3809566018573131,1.970477126874888,2.006964882611498,1.5,2.636696857710829,310622.42704821186,-0.13414693476596434,3.171881212784513,3.174716653202685,1.5,2.5201109438802765,804866.439992696,-0.09756520285728978,0.6641737456825526,0.671301521868211,3.0,3.4065086370599493,35290.142398233744,-0.028105156013790024,2.4984073375278624,2.4985654131936634,1.5,1.93849902046674,499363.13899016543,0.030153060388991584,1.2423487464125205,1.2427146151725998,1.5,2.92439150731301,123474.4335940349,8.727160470878571,3.368970339759385,9.354853875643592,0.75,2.011539721832938,907998.9340158456,1.1596340201772284,0.7992630547746868,1.4083935854299268,0.75,3.1585551697486944,51106.093629029514,6.947325948915007,2.780794032479037,7.483191384131429,0.75,2.444223176641853,618626.1393531006,1.9172644808786006,3.368970339759381,3.8763209670791103,0.75,2.01153972183294,907998.9340158436,-0.7527322848227587,0.7992630547746902,1.097919543200803,0.75,3.1585551697487095,51106.09362902995,-0.0446779760849472,2.7807940324790317,2.781152921473043,0.75,2.4442231766418603,618626.1393530982,0.07543184294219434,0.7487025280142712,0.7524928161681124,1.5,2.5136894293446543,44844.50454118654,0.02058059414257402,2.4766782579937168,2.4767637663842814,1.5,1.6586586030762969,490714.8586322865,0.09069829822715814,0.7867771726462073,0.791987689739217,1.5,3.0624070869335496,49521.60251277018,4.0,CIPN_1_4,CIPN_1,neuro,gait_full,4.0,0.5
9.149835398074684,0.931374104319209,9.197116153124137,1.5,2.172161804143397,69396.65849925329,-0.1969617838848819,1.0674263246206843,1.085445946514306,0.75,1.331948835035105,91152.09180626707,2.9576194056347394,0.5579342224702056,3.009784567903594,0.75,1.4128110055972776,24903.24776656795,0.18569904692525466,0.93137410431922,0.9497061957391756,1.5,2.172161804143417,69396.65849925495,0.02620401888488166,1.0674263246206823,1.0677479145842137,0.75,1.3319488350351048,91152.09180626672,0.401153025634751,0.5579342224702041,0.6871785405404818,0.75,1.412811005597278,24903.24776656782,0.023291563616520686,0.10290406532457701,0.1055070784166979,1.5,2.296655404777772,847.1405810028286,0.028520151564982842,0.1755793614341144,0.17788060941794911,1.5,2.2086567988408423,2466.249510743608,-0.006099734170650894,0.13679382623104333,0.1369297544432235,0.75,1.4807320920159048,1497.0057215439306,9.422722686878153,1.0409242234857383,9.480043569142897,1.5,2.177749647976716,86681.90817072417,-0.6361070470123259,0.7996877634336769,1.0218281138451308,3.75,3.364157902687791,51160.06071356469,2.3240171424687834,1.1451719929348787,2.5908443743095053,1.5,1.5770618791417226,104913.53912527814,0.07262646812179493,1.0409242234857319,1.0434547632318423,1.5,2.177749647976706,86681.90817072312,-0.1780935229876683,0.7996877634336776,0.8192788425900651,3.75,3.3641579026877957,51160.0607135648,0.27191229246879683,1.1451719929348814,1.1770111249253696,1.5,1.5770618791417186,104913.53912527856,0.02229563173511324,0.2720015503904857,0.27291379336577276,1.5,2.2561294602943476,5918.791167244237,-0.029043828861712154,0.3138071718935113,0.315148354155233,0.75,1.575472724258726,7878.040480409928,0.01579495269167153,0.21668235083511822,0.2172572707505215,2.25,2.1935271343995897,3756.1003896123493,9.15283367394135,4.640071258867989,10.261804205411808,0.75,1.914419637975656,1722422.6552439465,-1.6545764304356674,2.2011483360718094,2.7536661310959487,1.5,2.89101332006466,387617.3042174707,6.987234271378846,3.2606214476867112,7.71058331050548,1.5,2.769896494003882,850546.7561285072,2.624214908941393,4.6400712588679935,5.330737770298132,0.75,1.914419637975671,1722422.65524395,-0.25681820043567916,2.2011483360718076,2.216079778678265,1.5,2.8910133200646575,387617.3042174701,-0.20799361362110752,3.2606214476867224,3.2672486236008766,1.5,2.7698964940038704,850546.7561285129,-0.09689327814881882,0.6642439855055758,0.6712736994928046,1.5,3.453922554682467,35298.09788712209,-0.011191328710353438,2.4933649000571245,2.493390015756696,1.5,2.0003686261557734,497351.6489417455,0.062322532863072884,1.2941494359143053,1.2956492042909544,1.5,3.159210640783477,133989.77023870568,8.808227376552196,3.7010335840027295,9.55418856350238,0.75,1.905035562106111,1095811.9708416238,1.1436910112770093,0.9487691739985233,1.4859986792745372,0.75,2.358899992257202,72013.04600906401,6.926926225223481,3.039576453368084,7.56447829962903,0.75,2.5227107542463147,739122.0258404322,1.9983313865522347,3.701033584002733,4.206064421807623,0.75,1.9050355621061024,1095811.9708416255,-0.768675293722978,0.948769173998526,1.2210752035439718,0.75,2.358899992257201,72013.0460090644,-0.0650776997764861,3.039576453368086,3.0402730342648354,0.75,2.522710754246315,739122.0258404333,0.06439054447802103,0.6542982974499327,0.6574590513971623,1.5,2.694863315805666,34248.5012353589,-0.0038186910593802814,2.5160068089450656,2.5160097068690614,1.5,1.6649271330678328,506423.239352627,0.10593859969612064,0.7535662032830261,0.760976352875679,1.5,3.392239385286212,45428.96183798962,4.0,CIPN_1_4,CIPN_1,neuro,gait_full,4.0,0.5
9.187382338262811,1.0371199997492055,9.245734807104476,1.5,2.2588564103362097,86049.43154136189,-0.09587060835140226,1.0817558635649307,1.0859958203891842,0.75,1.3921075809309948,93615.6658280069,2.9634997059473833,0.545425938628888,3.0132739606082004,0.75,1.6029741604860674,23799.16203510667,0.1481521067371255,1.0371199997492264,1.0476482905109348,1.5,2.2588564103362083,86049.43154136538,-0.07488715664859774,1.0817558635649296,1.084344887288181,0.75,1.3921075809309948,93615.66582800669,0.4070333259473958,0.5454259386288862,0.6805626958341168,0.75,1.6029741604860734,23799.162035106503,0.04091851832463811,0.10164836915692542,0.10957516184859747,2.25,2.153192569870279,826.5933333678591,0.02628067830752823,0.16963381959404228,0.1716575276600705,1.5,2.695511769132756,2302.0517791040334,0.0012111284090263674,0.17136205916936864,0.1713663390365487,0.75,1.2871057090635496,2349.1965608837345,9.465625580651153,1.0342641101740733,9.52196250164175,1.5,2.1576604579141634,85576.18000197901,-0.6640025820926229,0.811392784993727,1.0484549015410949,3.75,3.516195873621173,52668.66530235675,2.266161665105406,1.1725971294253756,2.5515627996053594,1.5,1.586011588043259,109998.72339736945,0.02972357434879558,1.0342641101740677,1.0346911328827673,1.5,2.1576604579141647,85576.1800019781,-0.15019798790737263,0.8113927849937279,0.8251773670619555,3.75,3.516195873621177,52668.66530235686,0.2140568151054183,1.1725971294253772,1.1919749779377544,1.5,1.5860115880432588,109998.72339736982,0.017427071213770105,0.27686949514492626,0.2774174114090465,2.25,2.06344784917699,6132.539459572659,-0.028582052706347484,0.31357421572199695,0.3148741375574912,0.75,1.526446293353708,7866.303110059563,0.01687659340041673,0.2269502047812056,0.22757683286097935,2.25,2.127796784868699,4120.512322980169,8.982884178706527,4.361118623828264,9.985567776504137,0.75,1.9604506450782162,1521548.4531326313,-1.830061001385792,2.242123711553197,2.894173803817292,1.5,2.245835539358962,402169.4994442621,6.987066226287575,3.1014692236757386,7.644488589561521,1.5,2.480181941469764,769528.9093924337,2.454265413706572,4.361118623828276,5.00427560911848,0.75,1.9604506450782149,1521548.4531326399,-0.4323027713858027,2.242123711553197,2.283419458631491,1.5,2.2458355393589664,402169.4994442621,-0.20816165871238268,3.1014692236757457,3.1084469790501053,1.5,2.480181941469756,769528.9093924374,-0.09795267031898293,0.7133189108151795,0.7200129124878063,3.0,3.362386628149224,40705.909483348325,-0.029988498420039242,2.4972732668300703,2.4974533187352312,1.5,1.9964691853712246,498909.9015415749,0.05439743074039075,1.2244852396355168,1.22569293975139,1.5,2.328561548312041,119949.1281710246,8.873466496932071,3.593227153390653,9.573384409290155,0.75,1.8695514517172707,1032902.6197187422,1.2659368464291691,1.4327890514787411,1.9119311089012545,0.75,2.0915692352959496,164230.7638343368,6.8416596417696045,2.9398032179134552,7.446526009749332,0.75,2.5029756240612686,691396.8046451234,2.0635705069321144,3.593227153390655,4.143622160977515,0.75,1.8695514517172518,1032902.619718743,-0.6464294585708172,1.4327890514787371,1.5718637062243976,0.75,2.0915692352959483,164230.76383433587,-0.15034428323037424,2.9398032179134637,2.943645081111922,0.75,2.5029756240612633,691396.8046451274,0.09779683700405879,0.7238539291663927,0.7304305114777335,1.5,3.430532953891754,41917.17183405915,0.04388185124594372,2.4774841989892566,2.4778727919548675,1.5,1.6956482570052804,491034.6023532858,0.09397515584164079,0.7658917009894843,0.7716355535873307,1.5,3.0357906452096017,46927.69322849274,4.0,CIPN_1_4,CIPN_1,neuro,gait_full,4.0,0.5
9.109043491676937,1.0309684746822423,9.167200735723563,1.5,2.345553530479598,85031.68588047543,-0.1936643275184622,1.1119629739970294,1.1287016998718025,0.75,1.4477473307442608,98917.25599086283,2.8449173681489732,0.5528925071141824,2.8981450888488456,0.75,1.5340001673576742,24455.245702067205,0.2264909533230084,1.0309684746822603,1.0555539530151132,1.5,2.3455535304796302,85031.68588047843,0.022906562518461772,1.1119629739970294,1.1121988878553737,0.75,1.447747330744263,98917.2559908628,0.2884509881489883,0.5528925071141786,0.6236137402167545,0.75,1.534000167357686,24455.245702066866,0.03224633217580312,0.10245203507710189,0.10740691518813839,2.25,2.387449869453318,839.719006590328,0.029852763616584895,0.17712904102834376,0.17962707109778409,1.5,2.461721450958854,2509.9793980694653,-0.0036389370017765234,0.20751524752328399,0.20754715082880013,0.75,1.2004239598877284,3445.007979340942,9.509675737293312,0.9786827766415591,9.55990337847407,1.5,2.3994485224913316,76625.614806754,-0.6600790567354483,0.7611687447966893,1.0075128878560944,2.25,3.4974834652579414,46350.237553207604,2.227395297303484,1.1141415422319527,2.4905021956578697,1.5,1.5722295902379089,99305.07198427948,-0.014326582293366252,0.9786827766415525,0.9787876318461668,1.5,2.3994485224913333,76625.61480675296,-0.15412151326454657,0.7611687447966897,0.7766152837192442,2.25,3.497483465257941,46350.23755320766,0.1752904473034932,1.1141415422319505,1.1278466726655925,1.5,1.5722295902379062,99305.07198427909,0.01641758017762107,0.2754388467854756,0.27592769932973626,0.75,1.7331876487771045,6069.328226970495,-0.024453181966997972,0.29200519159548477,0.2930272854650687,0.75,1.7939367813529186,6821.434419020267,0.026799092811139572,0.22771960725366727,0.22929110515513798,1.5,2.198182314810944,4148.498992676026,8.579092863122662,3.6883685667366275,9.338356227847223,0.75,2.3932584055485724,1088339.0449833898,-1.881602757452817,2.051821002444289,2.783953728589168,1.5,3.247927955379199,336811.65054408275,6.899463260224283,2.677883522146694,7.400922472055053,1.5,3.3413042666201056,573702.5369693758,2.050474098122696,3.6883685667366146,4.22001264348376,0.75,2.393258405548583,1088339.044983382,-0.4838445274528258,2.05182100244429,2.108097472323692,1.5,3.247927955379194,336811.65054408304,-0.29576462477567866,2.6778835221466935,2.69416719441342,1.5,3.3413042666200923,573702.5369693756,-0.07620832764639138,0.70774061327805,0.7118317813120247,3.0,3.910124648043592,40072.39091644902,-0.09955894684460098,2.3125588548428606,2.314700939864355,1.5,2.2279751899284155,427836.71423460153,-0.01606974179781957,1.0967976957680499,1.0969154124377833,1.5,2.8919459421241314,96239.41127334902,8.617087560922545,3.2444158682324518,9.207629030246855,0.75,2.0691234703653842,842098.7463872196,1.2435966659645714,1.4228321900306984,1.8897047675723717,0.75,2.1215505219270727,161956.13449103187,6.931551838958328,2.64829340483873,7.420233746606565,0.75,2.6899866896083693,561076.6568953019,1.8071915709225812,3.244415868232453,3.713781859513584,0.75,2.0691234703653727,842098.7463872201,-0.6687696390354154,1.4228321900306948,1.5721654719154416,0.75,2.121550521927078,161956.13449103112,-0.06045208604164735,2.648293404838734,2.6489832790750345,0.75,2.6899866896083675,561076.6568953035,0.06631453914317718,0.7846638203594087,0.7874610651218219,2.25,3.495951429670884,49255.785150315074,0.013445288653351994,2.390020154447556,2.3900579730317193,1.5,1.6578416790964021,456975.74433106236,0.15472816035926942,0.7983969138617528,0.8132517664734181,1.5,2.8497555251506297,50995.01223811667,4.0,CIPN_1_4,CIPN_1,neuro,gait_full,4.0,0.5
9.050217826016056,0.7034629776281847,9.077516337591044,2.75,2.388906404802443,39588.825463291854,-0.0860686153011946,1.0564699621263431,1.059970087981308,0.75,1.2119217323940479,89290.34156911394,2.656196809762655,0.41915055040546917,2.6890646470656887,0.75,1.6044183335889255,14054.975131743975,0.28531661898389293,0.7034629776281827,0.7591216858725016,2.75,2.388906404802529,39588.82546329163,-0.08468914969880448,1.0564699621263431,1.05985896842549,0.75,1.2119217323940523,89290.34156911391,0.09973042976267481,0.41915055040547017,0.4308518800305464,0.75,1.6044183335889313,14054.975131744037,-0.022361886337719197,0.11285893338827316,0.11505299998748295,2.0,1.9520941727757695,1018.9725743775388,0.03617723494507683,0.1504593103864009,0.1547475247305191,0.75,2.1863786774473732,1811.0436234199092,0.003552627297327344,0.18185204069221209,0.18188673911155717,0.75,1.2424845330291712,2645.6131790888767,9.45810116492783,0.8900821681970916,9.499890731590108,2.75,2.462297387970673,63379.70354311912,-0.764771707346866,0.6239200881999941,0.9869914086848623,2.0,2.658375093490458,31142.113926476235,2.326266711214908,0.9169317757330201,2.5004560970062104,1.5,1.8509179846456536,67261.93965411105,0.03724799007211639,0.890082168197082,0.8908612006967365,2.75,2.4622973879706618,63379.70354311776,-0.04942886265312775,0.6239200881999948,0.6258749786680013,2.0,2.6583750934904513,31142.1139264763,0.27416186121491953,0.9169317757330182,0.9570415913082015,1.5,1.8509179846456603,67261.93965411077,0.008981965108012625,0.28176741999068716,0.2819105437286975,0.75,1.4179438487667937,6351.431042197851,-0.027194419408622172,0.26612069687049783,0.2675065639378059,0.75,1.349944319292152,5665.620529440823,0.009807745270970149,0.19205360356148363,0.19230387023731935,2.0,2.1081695523379453,2950.7673674205566,8.441866894768609,3.2862422843525914,9.058946131888474,0.75,2.0910624629861845,863951.0759496271,-1.6653424715975682,1.7544851218652693,2.4190046693946847,0.75,2.378474299667191,246257.4995528641,6.933111655868025,2.383992448935833,7.331538530848498,2.0,2.769904416896185,454673.6214655295,1.9132481297686368,3.2862422843525705,3.802618408088036,0.75,2.091062462986174,863951.0759496164,-0.2675842415975773,1.754485121865268,1.7747730472367262,0.75,2.378474299667189,246257.49955286368,-0.26211622913193394,2.383992448935837,2.3983587959597354,2.0,2.7699044168961766,454673.62146553094,-0.07796354343685166,0.6745440276984564,0.6790345789493241,2.75,3.0598518754378747,36400.77171898175,-0.017815822513099572,2.09384134146777,2.093917134647732,2.0,1.8445798521552694,350733.74027703144,0.032917616968251906,1.1046630333320633,1.105153377010297,1.5,2.2309683432429455,97622.43368230184,8.297729548049118,2.992483875596206,8.82084323623715,0.75,2.0731718004968296,716399.6675028357,1.277891575526803,0.8835337538128784,1.5535889974279076,0.75,2.281310133123239,62450.55250507965,6.722542184239833,2.616840327363415,7.213905094870567,2.0,2.6858734120154617,547828.715581877,1.487833558049157,2.9924838755962138,3.3419468042086713,0.75,2.0731718004968354,716399.6675028395,-0.6344747294731854,0.8835337538128798,1.0877454097658836,0.75,2.2813101331232564,62450.552505079824,-0.2694617407601415,2.6168403273634127,2.630677275655252,2.0,2.685873412015471,547828.7155818761,0.021824901755960253,0.5466937273887145,0.5471291967194069,1.25,3.2088352395707593,23910.202800566392,-0.2360756623433908,1.9679024588884804,1.9820120600163353,1.25,1.6583533845735268,309812.61501153203,0.14435186438465977,0.5951812478586145,0.6124362648911842,1.25,3.0427992738484093,28339.301263128644,4.0,CIPN_1_4,CIPN_1,neuro,gait_full,4.0,0.5
9.081210583113648,0.38002850987729575,9.089158779731756,0.75,1.647093053443403,11553.733848106907,-0.06843153519725749,0.8216714574079161,0.8245161362449508,0.75,1.1678597618371498,54011.52251509495,2.8001901312971587,0.31333341762099964,2.8176661622718995,0.75,1.5106888890503238,7854.305390958055,0.2543238618862992,0.3800285098772791,0.4572770440819292,0.75,1.6470930534434867,11553.733848105892,-0.10232622980274009,0.8216714574079171,0.8280185029481489,0.75,1.1678597618371513,54011.522515095094,0.24372375129717647,0.3133334176210016,0.3969623376901452,0.75,1.5106888890503956,7854.305390958154,-0.10928037694952057,0.30949967312011073,0.32822591068909335,1.5,3.2203901385162053,7663.723851025193,0.0398935279428825,0.1116322469863866,0.11854641343777197,1.75,2.2612663482098374,996.9406913805832,-0.010901655703343782,0.1303770126606148,0.13083199733773218,0.75,1.7932026312776514,1359.886719629945,9.448838028441696,0.5413029352433618,9.464330349022536,2.5,2.537144320537129,23440.798326207016,-0.793857869758105,0.5736619517815138,0.9794377735714772,0.5,1.8833073944467298,26327.29318292663,2.260267371649823,0.6001185190593215,2.338578805228242,1.25,1.3303001825116845,28811.379002981972,0.04651112655825258,0.541302935243353,0.5432974807568939,2.5,2.537144320537146,23440.79832620626,-0.02034270024188936,0.5736619517815144,0.5740225260169742,0.5,1.8833073944467233,26327.29318292668,0.20816252164983587,0.6001185190593238,0.6351959322426225,1.25,1.3303001825116896,28811.379002982183,-0.10665848743033131,0.2892908935045716,0.3083265379522164,0.75,2.3045370561466387,6695.376222163173,-0.03431088126789839,0.21493026247614822,0.21765168113627284,0.75,1.2478728071279908,3695.603918020769,-0.023976471305092003,0.11290710461205272,0.11542480430185237,1.25,2.6823076959049965,1019.8643528052955,7.617058008115759,2.4458215811209434,8.000100993467356,0.75,1.84604948180939,478565.3582152197,-1.3132306540627723,1.5741688031730197,2.050020041768693,2.0,3.168930023097243,198240.91213048642,6.860461187076112,1.6826069850268135,7.063787508514027,4.0,2.8920154517119343,226493.38359680233,1.0884392431157877,2.445821581120934,2.677077360225396,0.75,1.8460494818093884,478565.35821521585,0.08452757593721834,1.5741688031730168,1.57643659307217,2.0,3.1689300230972397,198240.91213048567,-0.334766697923841,1.6826069850268204,1.7155859081083285,4.0,2.892015451711916,226493.38359680414,-0.07079213275556656,0.5402298296937196,0.544848414654009,1.25,3.2462268906184875,23348.099091969834,-0.00959683214420005,1.2085127085212193,1.2085508122724906,1.25,2.3328620993139793,116841.33572330826,-0.029315517726895828,0.8017159292915398,0.8022517253701567,1.25,2.8837569785394295,51420.50796621499,7.7262103264548,2.371222001656403,8.081894566854741,2.5,1.9958875556692177,449815.5315429799,1.5870332523697976,0.76205195371147,1.760510643047331,1.75,3.050850874769721,46457.919689427166,6.656688054503422,1.9665489722993423,6.941095786359684,2.0,2.400643736528464,309385.18923779303,0.9163143364548418,2.3712220016564176,2.5421104901896268,2.5,1.9958875556692295,449815.53154298547,-0.325333052630191,0.7620519537114707,0.8285920439451178,1.75,3.050850874769725,46457.919689427246,-0.3353158704965494,1.9665489722993328,1.9949314758804173,2.0,2.4006437365284667,309385.18923779007,-0.05087705939472289,0.4465126316946383,0.44940183069890344,1.75,4.139541324433717,15950.646744190139,-0.020287717851671837,1.5829983255392537,1.583128323969889,1.25,1.5548597719040282,200470.87506202748,-0.025183314388110514,0.45882771437422576,0.45951830301027885,1.25,4.150459560269022,16842.56162633432,4.0,CIPN_1_4,CIPN_1,neuro,gait_full,4.0,0.5
9.45196209332858,0.8996401087803882,9.494679549044655,1.5,2.101088798506327,64748.322918420265,-0.1989099509470517,1.1718174612582,1.1885795434447672,0.75,1.1192794487025621,109852.8993178467,2.6291710833991226,0.43104905618407835,2.6642717343805797,0.25,1.567054911321077,14864.377466151116,-0.28674396332863317,0.8996401087804108,0.9442321885171262,1.5,2.1010887985062805,64748.32291842351,-0.04922418905294819,1.1718174612582006,1.1728508785423384,0.75,1.11927944870256,109852.89931784684,-0.3953892566008595,0.4310490561840772,0.5849238865635118,0.25,1.5670549113210912,14864.37746615103,0.011371981911841219,0.0874484039327217,0.0881847227300948,2.0,2.270722618664592,611.7785799357271,0.021756018824019677,0.16013272019651972,0.16160387505443047,1.5,1.955085675265686,2051.399799372553,-0.021369297583723884,0.14540251349165803,0.14696441000770744,0.75,1.2635618191953188,1691.3517809619404,9.43646267286913,0.8367228440285173,9.47348578371085,1.5,2.1375485441796913,56008.4806056142,-0.7129514953167367,0.6636655185613534,0.9740388879309085,0.75,2.7694141621602917,35236.30378282335,2.179698686208043,0.9875012560094364,2.392957394789402,1.5,1.3578699869979942,78012.73262568194,0.060524752130825206,0.8367228440285112,0.8389090316236069,1.5,2.1375485441796633,56008.48060561335,-0.22673859468325716,0.6636655185613543,0.7013289605072998,0.75,2.76941416216029,35236.303782823445,0.199653191208054,0.9875012560094335,1.0074820729818315,1.5,1.3578699869979967,78012.73262568147,-0.015150089370728639,0.24795485460878153,0.24841726013303314,0.75,2.1384018357787333,4918.594774147484,0.007577499664709819,0.27887710691198364,0.2789800338030782,0.75,1.6100432172270407,6221.835179289082,0.005484871331586355,0.18975547616165908,0.1898347295593249,1.25,2.3599288262015445,2880.579785827337,8.16198253584722,3.9025452463090984,9.0469784080081,0.75,2.3490242542296835,1218389.586985323,-1.437068732956295,1.5065081214251437,2.0820022245810703,0.75,3.1340394813263903,181567.09948021616,7.387627909290011,2.7099045636440837,7.868966188145666,1.5,2.7087462953609154,587487.2771720332,1.6009073858472465,3.9025452463090846,4.218146969647917,0.75,2.3490242542297013,1218389.5869853145,-0.00775173295630333,1.506508121425143,1.5065280645523136,0.75,3.1340394813263983,181567.09948021595,0.22208508429006127,2.70990456364408,2.71898961541289,1.5,2.7087462953609065,587487.2771720318,-0.03153838859052853,0.765919650809735,0.7665687062823486,1.5,2.8884242822953032,46930.63422338757,-0.003092046139283391,2.2879285407837533,2.287930630172646,1.5,1.9543001440959176,418771.02957319916,0.0435391077820704,1.103056983568135,1.1039159220270771,1.5,2.5399827423992414,97338.77686546819,8.2144978802056,3.2146831734529284,8.821120299008719,0.75,1.767289349057387,826735.5427896479,1.549882039317098,0.6810235791234774,1.6929050331072553,1.25,2.741695594324384,37103.50729499173,6.954218118929547,2.724832331718646,7.468993297736132,0.75,2.4703504691474056,593977.0900468885,1.4703092702056346,3.2146831734529226,3.534967787085758,0.75,1.7672893490573862,826735.5427896453,-0.24595618068289113,0.6810235791234782,0.7240770388144258,1.25,2.7416955943243866,37103.50729499184,-0.13435544607041777,2.7248323317186482,2.728142705554104,0.75,2.470350469147414,593977.0900468893,0.05053973291415345,0.5133683645848534,0.5158501161767446,1.5,3.4009436357256027,21083.804064073247,-0.007652036831472486,2.1152325845611726,2.115246425468439,1.5,1.759315426459446,357937.39395371865,0.07211099653695258,0.5198531828605473,0.5248307608665806,1.5,3.823431707612962,21619.927395449642,4.0,CIPN_1_5,CIPN_1,neuro,gait_full,4.0,0.5
9.456090418470275,1.0575672949264345,9.515045695401751,1.5,1.9078688327487086,89475.88677701472,-0.24175029759167907,1.1943315370788237,1.2185528412205728,0.75,1.2343833523306444,114114.25512927937,2.468193766174096,0.49074648506122037,2.5165080130968414,0.75,1.3402479385749078,19266.56949347521,-0.29087228847032326,1.0575672949264523,1.096838762762338,1.5,1.9078688327487003,89475.88677701772,-0.006383842408319538,1.1943315370788257,1.1943485981508766,0.75,1.2343833523306456,114114.25512927976,-0.5563665738258854,0.49074648506121965,0.7418732216967372,0.75,1.3402479385749189,19266.569493475152,0.006546776306199149,0.08778477999863059,0.08802856286121787,2.0,2.774237494793036,616.4956883127857,0.03726598259088096,0.16189403833863839,0.16612776140084584,1.5,1.9982806755157945,2096.774757628365,-0.01386948407471928,0.14463306250654906,0.14529654283059257,0.75,1.3906264574662726,1673.502489090593,9.521585265759583,1.1315067790552276,9.588581415630673,1.5,2.016460037632969,102424.61190650293,-0.7501431359497974,0.7110318880912123,1.0335768332809858,4.0,3.430413076996869,40445.49100525814,2.216800161181749,1.117879824084718,2.482711875291031,1.5,1.653758942659262,99972.95512993165,-0.024597840759631923,1.1315067790552296,1.1317741138663564,1.5,2.016460037632965,102424.61190650328,-0.18954695405019792,0.7110318880912122,0.7358630264337663,4.0,3.4304130769968673,40445.49100525811,0.23675466618176003,1.1178798240847208,1.1426758390088252,1.5,1.6537589426592632,99972.95512993213,-0.02565804962945466,0.2394663152736167,0.24083698150722355,2.25,2.2656962108667598,4587.52955945787,-0.003060444397857913,0.32461649123953795,0.32463091766586466,0.75,1.6257735377864038,8430.128214222577,-0.005380295338885923,0.23592201449458025,0.23598335640700294,1.5,2.2925399234419888,4452.738142704825,8.661269064134089,4.350613993165114,9.69254475970322,0.75,2.212356629070962,1514227.8104469504,-1.3221293224357566,1.7351484025972383,2.1814595857544967,0.75,2.3149206547740855,240859.2570689065,7.4114688549169925,3.1075436773983864,8.036584989555159,1.5,2.7170732017520773,772546.2608953797,2.100193914134114,4.3506139931651,4.831009893851382,0.75,2.21235662907096,1514227.81044694,0.10718767756423513,1.7351484025972357,1.7384559750702209,0.75,2.314920654774083,240859.25706890572,0.24592602991703777,3.1075436773983838,3.117259584816354,1.5,2.7170732017520765,772546.2608953785,-0.049620677223271153,0.770317809038919,0.7719143336735086,1.5,3.377788405604473,47471.16216469083,-0.1176768464849451,2.5473557617081166,2.5500723944441614,1.5,1.9566518439951535,519123.1622663099,-0.0015223736757163841,1.1571206307236506,1.1571216321838889,1.5,2.590703318851371,107114.58130579042,8.824968299426601,4.082803612776498,9.723649048910868,0.75,2.037463255402767,1333544.0040043858,1.6146406595271678,0.9221197080117768,1.8594002299940842,1.5,2.6582083719388026,68024.45290715538,7.143091634397528,3.536200311288588,7.9704749381048465,1.5,2.8090331371583566,1000377.0180164187,2.0807796894266346,4.082803612776485,4.582458887587658,0.75,2.0374632554027636,1333544.0040043772,-0.18119756047282096,0.9221197080117752,0.9397538570418443,1.5,2.658208371938801,68024.45290715515,0.05451806939756839,3.5362003112885922,3.536620542473899,1.5,2.809033137158366,1000377.0180164211,0.06297074588706886,0.7231676692207363,0.7259041208339612,1.5,3.530575768279627,41837.72298501165,-0.06858612402057299,2.705871833617614,2.70674092524078,1.5,1.7859573569913298,585740.3922826649,0.13683356579826428,0.6266265556643957,0.6413924422636207,1.5,3.4020979712279997,31412.869245329763,4.0,CIPN_1_5,CIPN_1,neuro,gait_full,4.0,0.5
9.299523346211116,0.9271190548473542,9.34562379986412,1.5,2.112387702894132,68764.00520219163,-0.4221706372188548,1.1239235471444848,1.2005965961785894,0.75,1.5119718339990595,101056.76977401528,2.446742923826627,0.47323451504876884,2.4920878478755752,0.75,1.3654863199995837,17916.08197116054,-0.13430521621116548,0.9271190548473704,0.9367964736070528,1.5,2.1123877028941513,68764.00520219404,0.17403649721885675,1.1239235471444857,1.1373182677641522,0.75,1.5119718339990578,101056.76977401541,-0.5778174161733567,0.4732345150487672,0.7468760758430383,0.75,1.3654863199995886,17916.081971160416,-3.480468938042103e-05,0.09698889398434357,0.09698890022921508,2.25,2.5981951428838053,752.5524004275474,0.026916600003104422,0.17907666639629763,0.18108825418380398,1.5,2.0915530788203287,2565.4840886549387,-0.0020199249363308785,0.15169637332234606,0.15170982096061214,0.75,1.5936256700481122,1840.9468018032067,9.494822742481428,1.0791002904967013,9.555946648453654,1.5,2.17786611770082,93156.60000366287,-0.6839365785928416,0.6862847053275942,0.9688941842656837,2.25,3.3428273464905818,37678.945038209065,2.198960689344305,1.158240428500103,2.485346857783373,1.5,1.5742389871203553,107321.82620521936,0.0021646825185140804,1.0791002904967038,1.0791024616784433,1.5,2.1778661177008285,93156.60000366332,-0.25575351140715535,0.6862847053275933,0.7323909853102176,2.25,3.342827346490581,37678.94503820897,0.21891519434431791,1.1582404285001089,1.1787471113546477,1.5,1.5742389871203573,107321.82620522055,-0.03106795455214208,0.2573718901817292,0.2592402508403548,1.5,2.126162547842069,5299.223415176762,-0.01819430724847607,0.31103483272042215,0.31156652577206195,0.75,1.4455783954411325,7739.413485871492,0.003335834317333758,0.2363195282881837,0.23634307106607197,2.25,2.3307572661694658,4467.759156247099,8.852252355986373,4.336453269091598,9.857342376578055,0.75,2.20225067698798,1504387.0129959648,-1.2689763283304967,1.7837283497006016,2.189060928203868,0.75,2.434106265492621,254535.28700180724,7.264891926327062,3.1512317739817646,7.918896160107441,1.5,2.677867929183266,794421.9581178501,2.291177205986399,4.336453269091589,4.9045203582253345,0.75,2.20225067698797,1504387.012995958,0.16034067166949684,1.7837283497005993,1.790920421603665,0.75,2.434106265492623,254535.2870018066,0.09934910132710857,3.15123177398176,3.1527974780005668,1.5,2.6778679291832606,794421.9581178478,-0.06571281343951184,0.7298066827337746,0.7327591473417526,1.5,3.4984587978182318,42609.42550662665,-0.028898799195627448,2.518919604621902,2.51908537273819,1.5,2.0050380451936336,507598.20868333156,0.01850899932359897,1.2102667277514694,1.2104082515243402,1.5,2.5285569464009696,117179.64465857725,8.636725990289252,3.9475362279256,9.496108576786751,2.25,2.1782518774336053,1246643.6910799872,1.605175568518093,0.9587098291861204,1.8696826314499109,1.5,2.5217740782206577,73529.96299655353,7.206486510896104,3.396976288143625,7.966987870829072,1.5,2.931020710608948,923155.910696505,1.8925373802892806,3.947536227925588,4.377755133236348,2.25,2.178251877433603,1246643.6910799793,-0.19066265148189615,0.9587098291861199,0.9774849273764716,1.5,2.5217740782206435,73529.96299655347,0.11791294589614801,3.39697628814363,3.39902211893656,1.5,2.931020710608955,923155.910696508,0.015063165551779428,0.7632547605958072,0.7634033851959285,1.5,3.2597263730447366,46604.6952084824,-0.10440464594902504,2.7298830982695637,2.7318788516904577,1.5,1.6771024343169132,596181.0171054883,0.17557093833607954,0.6558411087584043,0.6789349853451835,1.5,3.1877275927859894,34410.23047163527,4.0,CIPN_1_5,CIPN_1,neuro,gait_full,4.0,0.5
9.310072868464454,0.9116521759863695,9.354601354739742,1.5,2.249959961655118,66488.7778861657,-0.5413520346615978,1.0519165989050174,1.1830429225028782,0.75,1.3427920067408345,88522.3008183482,2.424536069560982,0.4473561948940811,2.4654619684173444,0.75,1.5710217012211543,16010.233327359607,-0.1448547384645072,0.911652175986386,0.9230886118008029,1.5,2.249959961655147,66488.7778861681,0.29321789466160025,1.0519165989050172,1.09201889397651,0.75,1.3427920067408348,88522.30081834819,-0.600024270439003,0.4473561948940783,0.7484361630933972,0.75,1.5710217012211467,16010.233327359403,0.008250377508215367,0.10137810264401022,0.10171326572639156,2.25,2.3304425329303755,822.2017597804347,0.032241087348177835,0.18092916435023515,0.18377935201177314,1.5,2.146849352854283,2618.829067930765,-0.011479446355025886,0.1449347717609181,0.14538867133998903,0.75,1.6094322757454032,1680.4912056172543,9.485390677178957,0.9837639183949554,9.536269068448586,1.5,2.220315513776932,77423.34300895291,-0.6774767351063674,0.659220304050169,0.9452756930559362,2.25,3.291555157230072,34765.78523843966,2.120199991579936,1.1412027521085242,2.4078188731122676,1.5,1.5213288830227905,104187.56742598987,0.01159674782098552,0.983763918394941,0.9838322680700159,1.5,2.2203155137769435,77423.34300895063,-0.26221335489362935,0.6592203040501672,0.7094556030905439,2.25,3.291555157230075,34765.78523843946,0.14015449657994755,1.1412027521085275,1.149776936771501,1.5,1.5213288830227927,104187.56742599048,-0.009241481494748077,0.2637211332349612,0.26388300645352275,1.5,2.080887214357029,5563.9135063029,-0.009670844354618225,0.30170159315718265,0.30185654961274805,0.75,1.4125030313566436,7281.909725923015,0.010821107686126168,0.22995371349562047,0.2302081812663934,2.25,2.378241382303611,4230.316888973679,8.630249138133019,4.245626174583397,9.618032116839357,0.75,2.197248015620616,1442027.5792480644,-1.2797951431550723,1.5803453857220584,2.033560214652203,0.75,2.796980436949748,199799.32421805238,7.2818620217222545,3.152655502977796,7.935033158333813,1.5,2.6415993070310972,795138.9376371009,2.0691739881330413,4.245626174583382,4.7230099097370015,0.75,2.19724801562061,1442027.5792480537,0.14952185684491925,1.5803453857220544,1.5874030124222838,0.75,2.7969804369497577,199799.3242180514,0.11631919672229675,3.152655502977792,3.1548006079596025,1.5,2.6415993070311097,795138.937637099,-0.08529607287038882,0.6823389229042656,0.687649493388357,1.5,3.0302096886254413,37246.92604429851,0.0001111519239484693,2.480493529288582,2.480493531778963,1.5,1.9682181068752305,492227.86416011996,0.057677825742819516,1.228267848607384,1.2296213398868088,1.5,2.759455856464594,120691.35568749234,8.832957339095085,3.7441647832208647,9.593743027525028,0.75,2.1164952238639008,1121501.841048108,1.3353160907438613,0.9625627209816839,1.6460850688901625,0.75,2.439714827862829,74122.16329732821,6.887010227946678,3.0182081400810556,7.519341078624755,0.75,2.6132056704499798,728766.4348149997,2.0887687290951122,3.744164783220859,4.287391366268877,0.75,2.1164952238639083,1121501.8410481045,-0.4605221292561278,0.9625627209816855,1.0670555858802593,0.75,2.4397148278628196,74122.16329732844,-0.2015633370532783,3.0182081400810583,3.0249310993302996,0.75,2.613205670449977,728766.4348150011,-0.009352050478220067,0.7190050003855523,0.7190658185643198,1.5,2.85859014166322,41357.45535269233,-0.002754123216371589,2.5903980908082924,2.5903995549061416,1.5,1.6493497550939944,536812.9826360339,0.11658180805770205,0.7137809864257884,0.7232389747192655,1.5,3.4560182357716354,40758.66689630875,4.0,CIPN_1_5,CIPN_1,neuro,gait_full,4.0,0.5
9.314682669594584,0.9230426631279341,9.360305603622137,1.5,2.3047640984267996,68160.6208311104,-0.5320446605199868,0.9717774209570851,1.1078911844896284,0.75,1.4354474454992183,75548.25264661957,2.4139234453527245,0.41829190965467933,2.449896838992639,0.75,1.5425866874128422,13997.456506302395,-0.14946453959463446,0.9230426631279347,0.9350654557572673,1.5,2.3047640984267788,68160.6208311105,0.28391052051998833,0.9717774209570853,1.0124013727489383,0.75,1.4354474454992165,75548.2526466196,-0.6106368946472592,0.4182919096546749,0.7401658859924596,0.75,1.5425866874128409,13997.456506302093,0.009228716234182805,0.11264668013877695,0.11302408482097519,2.25,2.299749187205207,1015.1423100508435,0.018975919691686743,0.16642145577685039,0.16749981036118075,1.5,2.2795174017327997,2215.6881235653996,-0.010559168969291079,0.1222765238929374,0.12273159472874999,0.75,1.383985088719427,1196.1241753792451,9.477549950044882,0.9894264973886041,9.529056503627755,1.5,2.25995336868811,78317.1896015638,-0.7148311149430484,0.6443802405903571,0.962397743842954,2.25,3.3623866120606314,33218.081700302864,2.0853571627408134,1.115900406122157,2.365152894122917,1.5,1.4759091669590598,99618.74715272676,0.019437474955054546,0.9894264973885889,0.9896174054488328,1.5,2.2599533686881172,78317.18960156139,-0.22485897505694674,0.6443802405903575,0.6824862292581056,2.25,3.3623866120606367,33218.08170030289,0.10531166774082529,1.1159004061221602,1.1208587171209208,1.5,1.4759091669590594,99618.74715272734,0.01678688098105285,0.25285801595669694,0.253414631792699,0.75,2.042081503521585,5114.9794740962,4.696454224484059e-05,0.3153126946945643,0.31531269819215296,0.75,1.311580135092659,7953.768136373587,0.017331855972816765,0.23605070223725405,0.2366861365990058,2.25,2.4051539698976314,4457.6088010878175,8.451888127534827,3.934486150497909,9.322799696916373,0.75,2.1744866414887776,1238415.2505865977,-1.4122752418169862,1.6027414669074478,2.1361885610577227,0.75,2.7029084658335383,205502.64598478386,7.25730829206606,2.906018854435441,7.817510423940928,1.5,2.5516710262447266,675595.8152343524,1.8908129775348572,3.934486150497916,4.365243977657394,0.75,2.1744866414887896,1238415.2505866024,0.017041758183006336,1.6027414669074427,1.6028320658342812,0.75,2.702908465833546,205502.64598478263,0.09176546706610096,2.9060188544354295,2.9074673658151466,1.5,2.5516710262447377,675595.815234347,-0.07723008717795718,0.6452974421608636,0.6499025120930584,1.5,2.7511342988983696,33312.7075870986,-0.0316419004948797,2.405638771854544,2.405846859323504,1.5,1.9316708928973936,462967.875782499,0.06891505382748629,1.1760073179271933,1.178024828457514,1.5,2.6549827405965742,110639.49424813419,8.832834539542446,3.609424222824035,9.54185040876469,0.75,2.079612597310064,1042235.6998017933,1.4189872653445565,0.9912607377966499,1.7309311683331552,0.75,2.300933849571589,78607.82867238841,6.783998173051106,2.8598191445172683,7.362146205510199,0.75,2.572125109775172,654285.2696652492,2.0886459295424715,3.6094242228240345,4.170178058465036,0.75,2.0796125973100708,1042235.6998017932,-0.3768509546554331,0.9912607377966489,1.0604784261463636,0.75,2.3009338495715927,78607.82867238826,-0.30457539194884925,2.85981914451727,2.875992299838142,0.75,2.572125109775167,654285.2696652499,0.021808519876615532,0.6779871917560106,0.678337853672055,1.5,3.1116924882181145,36773.370242250814,0.05951283054379141,2.4984359860361747,2.4991446843510055,1.5,1.6976454672787007,499374.80119092244,0.09774892533889222,0.7064996799993222,0.7132297317443046,1.5,3.373900965352285,39931.37183606184,4.0,CIPN_1_5,CIPN_1,neuro,gait_full,4.0,0.5
9.319794931978617,0.7964043118018462,9.353760602131683,2.75,2.5931767459369666,50741.257192354045,-0.3445022854338889,0.8851757410525696,0.9498515237747099,0.75,1.3756577891986963,62682.897970961385,2.3503186313471724,0.4626996862317662,2.395430789752987,0.75,1.5260030164456095,17127.396975442673,-0.15457680197865328,0.7964043118018328,0.811266796785434,2.75,2.5931767459369675,50741.25719235236,0.09636814543389055,0.8851757410525702,0.8904060377166894,0.75,1.3756577891986967,62682.89797096147,-0.6742417086528113,0.462699686231765,0.8177364375677753,0.75,1.5260030164455949,17127.396975442574,-0.03578827242104108,0.21483092225329578,0.21779147274189656,0.75,2.7764592013644465,3692.3737633099636,0.014113078033077731,0.19112924356544314,0.19164959357500927,1.5,1.9879122068626598,2922.4312857089894,-0.00730363760822833,0.1222845370557217,0.12250245354785554,0.75,1.3852548261282247,1196.2815693583389,9.41626802524587,0.8655997820109853,9.455969887107575,1.5,2.618151109692095,59941.77848765843,-0.7448171870635685,0.6706091448740809,1.0022321424370866,3.75,3.5148975630111905,35977.79702555158,2.2469730230775884,0.9950150578902278,2.4574260379239763,1.5,1.428476575570329,79204.4309548444,0.08071939975406245,0.8655997820109842,0.8693552807190621,1.5,2.6181511096920804,59941.77848765826,-0.19487290293642595,0.6706091448740817,0.698349535324265,3.75,3.5148975630111963,35977.797025551685,0.2669275280776018,0.9950150578902307,1.0301967145520887,1.5,1.428476575570329,79204.43095484488,-0.02889331679791897,0.28736410689750247,0.28881300817065725,0.75,2.043168281266826,6606.386129095271,-0.0005017730405030152,0.3003007508630236,0.3003011700694487,0.75,1.2848575990024274,7214.460458585253,0.02220823519580555,0.22132288611693848,0.2224343175628337,1.5,2.1838148330286717,3918.707069179479,8.47757215923746,3.646166556347996,9.228421331501325,0.75,2.211633277098798,1063562.445515252,-1.4954194521287971,1.5859771821460231,2.179817185016448,0.75,2.8819681303305056,201225.9605441903,7.0987029601648555,2.5263078935309156,7.534840097146713,0.75,2.6067902669688805,510578.82298223267,1.9164970092374987,3.646166556348007,4.119161485429645,0.75,2.211633277098809,1063562.445515258,-0.06610245212880449,1.585977182146023,1.5873541370674913,0.75,2.8819681303305176,201225.9605441903,-0.06683986483510232,2.526307893530903,2.527191947685756,0.75,2.6067902669688694,510578.8229822277,-0.0908118950303696,0.631854475414306,0.6383469890115364,2.75,3.1020817051614915,31939.23144818184,0.062466668705247884,2.2404335191312623,2.2413041824674362,1.5,1.9984211936379788,401566.08463646437,0.06747429927782565,1.1461226111317981,1.1481070598209056,1.5,2.385741663543779,105088.13273918898,8.177060031279462,2.8965011435149086,8.674908047324262,0.75,2.0607729470794065,671177.6627021543,1.6505277860980672,0.8640244389878107,1.863003006935305,1.5,2.5783827659495637,59724.21388965843,6.8937689331350285,2.124293367877249,7.213644877332466,0.75,2.542148088698584,361009.80989834137,1.4328714212794935,2.896501143514903,3.2315382381000317,0.75,2.06077294707942,671177.6627021513,-0.1453104339019232,0.8640244389878105,0.8761582924157972,1.5,2.5783827659495926,59724.21388965839,-0.19480463186492986,2.1242933678772555,2.1332067779292574,0.75,2.542148088698592,361009.8098983437,-0.05632945018644684,0.5978188920492967,0.6004668472524991,1.25,3.2110832452502827,28591.37971432686,-0.01490438798614134,2.292086915822042,2.2921353735030228,1.5,1.6121360279751726,420293.9584639573,0.0821885353639696,0.5940625550386734,0.5997209973348868,1.5,2.995963669462741,28233.16662747824,4.0,CIPN_1_5,CIPN_1,neuro,gait_full,4.0,0.5
9.39787693951477,0.5651948300202543,9.414857203704425,2.75,2.6883508698506757,25555.86438361211,-0.5226804627076409,1.1434179386541408,1.2572189342085005,0.75,1.0425502723581683,104592.37397847933,2.2431337830386635,0.5316721536892995,2.3052818586060067,0.5,1.0759113018882753,22614.027209014628,-0.232658809514814,0.5651948300202594,0.6112080803838251,2.75,2.6883508698506375,25555.864383612567,0.27454632270764234,1.143417938654141,1.1759167767101435,0.75,1.0425502723581705,104592.37397847937,-0.7814265569613196,0.5316721536893009,0.9451469425084343,0.5,1.0759113018882793,22614.027209014737,-0.6812806258692015,0.7321153621878717,1.0000680950496368,0.25,0.43270121540129985,42879.44423129814,0.09354412106282158,0.18106799412994376,0.20380412430482647,1.25,1.682040723050253,2622.852640276139,-0.20834719916999003,0.2383909230089815,0.31660509720320934,0.25,0.7047307163831457,4546.427301235509,9.402575065723763,0.6830646625680045,9.427353562894487,2.75,2.43515166752825,37326.4906511904,-0.9564104352618902,0.8233741909726293,1.262008707988051,0.75,2.4598820296232318,54236.59571748583,2.414594576044785,0.7495324255569993,2.528253512531181,1.25,1.3891412730148727,44944.03813864592,0.0944123592761813,0.6830646625680076,0.6895585738958228,2.75,2.435151667528276,37326.49065119073,0.016720345261896447,0.8233741909726295,0.8235439443681857,0.75,2.459882029623237,54236.59571748586,0.4345490810447967,0.7495324255569996,0.8663900742726895,1.25,1.389141273014874,44944.038138645956,-0.6513712837316035,0.6528415191930906,0.9222183030348615,0.25,0.5057030397384765,34096.16411987992,0.08018745713755476,0.28059316038019727,0.29182623243007866,0.75,1.0966258034043415,6298.616014977717,-0.18058661657275515,0.2674509925919482,0.32270971402115184,0.25,1.3136458115741612,5722.405000768889,7.339308284490264,2.1529228416715447,7.648563450542755,0.75,2.262846209031111,370807.4710750845,-1.2967509948385194,1.820925161208712,2.235471222211922,2.25,2.7314040956878083,265261.67479524855,7.142335400049262,1.3909140171388417,7.276509930582804,2.0,2.670198604497954,154771.9220114665,0.778233134490301,2.1529228416715425,2.289262670339441,0.75,2.262846209031104,370807.4710750836,0.132566005161472,1.8209251612087154,1.825744283421821,2.25,2.7314040956878167,265261.6747952495,-0.023207424950696075,1.3909140171388479,1.3911076118137553,2.0,2.670198604497927,154771.9220114679,-0.5610076397874652,1.2102561758763606,1.333960113026913,0.75,1.5101798280139036,117177.6019051686,0.06958314340889517,1.3757224464713462,1.3774810574275673,1.25,1.6657708684117316,151409.2493301067,-0.4826610337806929,1.2917195390895497,1.3789492525818223,1.0,1.597550575285762,133483.1563405746,8.067318243914631,2.786615208997789,8.535036495037126,2.0,2.0760192301292264,621217.9470829496,2.155775484956502,1.3298702626014927,2.53296720406941,1.5,1.700661302325606,141484.44034465557,6.366340076636366,2.645455597515628,6.894107722527483,0.75,2.159251773476682,559874.8688053336,1.3231296339146579,2.786615208997781,3.0847846523154385,2.0,2.0760192301292406,621217.9470829458,0.359937264956513,1.329870262601491,1.3777190388668272,1.5,1.7006613023255992,141484.44034465525,-0.7222334883636081,2.6454555975156384,2.7422721473516614,0.75,2.1592517734766874,559874.868805338,-0.44330786570524583,1.0909947583180897,1.1776210878180158,0.75,1.3441551272028205,95221.5688438961,-0.028331791593184743,1.892012358540022,1.892224472752389,1.25,1.7210775466265646,286378.2441595313,-0.2857318452810814,0.8758189832874128,0.921250008897872,0.75,1.8892183278334995,61364.78041511395,4.0,CIPN_1_5,CIPN_1,neuro,gait_full,4.0,0.5
9.313614938743212,0.5222374764508397,9.328245022992828,0.25,2.6348395226517303,21818.67251810454,-0.4790094711118415,1.1737707342296884,1.26774911159462,0.75,0.966022739757784,110219.22284985032,2.5577018670776304,0.6295095561153247,2.6340313441743457,0.25,0.6911950896399741,31702.61137950098,-0.1483968087432646,0.5222374764508486,0.5429121426666895,0.25,2.634839522651637,21818.672518105275,0.230875331111842,1.1737707342296886,1.1962613238962903,0.75,0.9660227397577835,110219.2228498504,-0.4668584729223539,0.6295095561153226,0.7837340843550845,0.25,0.6911950896399703,31702.611379500766,-0.6874088556368061,0.7057310254466925,0.9851838483683862,0.25,0.5891884847248705,39844.67473703462,0.11768352070580194,0.11570795961092033,0.16503861052200872,0.25,2.0321715560599656,1071.0665742390165,-0.20884437030659572,0.24113110510780372,0.3189987160777754,0.25,0.9394556724161021,4651.575808788131,9.379020149599318,0.6241019624950677,9.399761817523899,0.75,2.324392109050118,31160.327458365347,-0.9954786051672008,0.756956366514897,1.2505841011915473,0.75,1.6777593557264914,45838.94069639525,2.4348338887735532,0.7154741278175502,2.5377784169419573,0.75,1.3858567723276543,40952.475549238596,0.11796727540062718,0.6241019624950652,0.6351531607853645,0.75,2.324392109050168,31160.327458365104,0.05578851516720642,0.756956366514897,0.7590094197254712,0.75,1.677759355726475,45838.94069639524,0.45478839377356534,0.7154741278175507,0.8477828204719794,0.75,1.3858567723276736,40952.47554923867,-0.7299559389634369,0.5651455389597135,0.9231604156559454,0.25,0.7186116437506505,25551.26881422936,0.0536315774080925,0.3196424368735402,0.3241105267431704,0.75,1.136055665536758,8173.7237043827245,-0.23193412063189592,0.2106638988709029,0.31332525369140113,0.25,1.3680519058606422,3550.3453954647402,7.254453113856257,2.276331541511415,7.603208222061164,2.0,1.9060313724508786,414534.82384524733,-1.314991320423452,1.7564718728426723,2.1941731045832413,2.0,2.557829520331425,246815.53539330637,7.085965755822194,1.7681591046097958,7.303238823419328,1.5,2.6785213679961495,250110.93387614185,0.693377963856286,2.276331541511414,2.3795920422713674,2.0,1.9060313724508837,414534.82384524663,0.11432567957653869,1.7564718728426747,1.7601885697555506,2.0,2.5578295203314307,246815.53539330696,-0.07957706917776042,1.7681591046098066,1.7699489058030673,1.5,2.678521367996158,250110.93387614487,-0.6237085879570858,1.1693598758879808,1.325298050261969,0.75,1.4221485986135765,109392.20454910139,0.0862529775204217,1.360450916103538,1.363182405717626,1.75,1.8883139198230723,148066.13646060278,-0.5020478278514334,1.1983610719634439,1.2992772145495806,0.75,1.739776093993701,114885.54285327414,7.526240451033436,2.1217939771175973,7.819610284924978,0.75,1.950135666909234,360161.9028211303,2.2727427760333967,1.211503691144121,2.5754807162290736,0.75,2.032660847908812,117420.31937210068,6.581042040955101,2.4480360898853983,7.021609149062619,0.75,1.9628193469774713,479430.6729080904,0.782051841033455,2.1217939771175782,2.2613303083353937,0.75,1.950135666909229,360161.9028211238,0.47690455603340887,1.2115036911441202,1.3019904566552132,0.75,2.0326608479088133,117420.3193721005,-0.507531524044867,2.4480360898854094,2.500093787296939,0.75,1.9628193469774764,479430.67290809494,-0.5591306288339004,1.1376778676892851,1.2676505791148567,0.75,1.3492643802197384,103545.02508377108,-0.2699217024233604,1.211520160527704,1.2412247277605286,1.5,2.069445380714284,117423.89433412736,-0.38475529321670604,0.9170938532485278,0.9945339467934243,0.75,2.302637812727585,67285.15744271685,4.0,CIPN_1_5,CIPN_1,neuro,gait_full,4.0,0.5
9.10400944076335,0.6967148672064035,9.130629742996627,2.75,2.6206661134081504,38833.467403384435,-0.5903146348930501,0.9183347838682372,1.0917005740729628,0.75,1.3507127306253528,67467.76650297419,3.0917382829914954,0.5156415047321673,3.134442816820504,0.75,1.5892309555377186,21271.17532655572,0.06120868923660263,0.696714867206406,0.6993983913510976,2.75,2.6206661134081233,38833.467403384726,0.34218049489305047,0.9183347838682367,0.9800134011061145,0.75,1.3507127306253672,67467.76650297412,0.06717794299151073,0.515641504732166,0.519999074448237,0.75,1.5892309555377233,21271.175326555625,-0.008833274091221916,0.1282126605282522,0.1285165866762088,0.25,1.66639333438282,1315.092218594262,0.04523200925069423,0.11421095559626247,0.12284167468357929,1.25,2.48991856904534,1043.531420954774,-0.009494072164674495,0.12528079035894746,0.12564001687054402,0.75,1.339227446463712,1255.6231136790939,9.465251880974078,0.7216256136286525,9.492720194787596,2.75,3.080829289314269,41660.69582237066,-0.6485963313499622,0.6949535268224715,0.9505985511684842,2.0,2.721843064310085,38636.98226523336,2.221986450916146,0.9748957263167801,2.4264470868423347,1.25,1.2121972609067289,76033.8037018015,0.03173554402585566,0.7216256136286449,0.7223231070646537,2.75,3.0808292893143823,41660.69582236976,-0.2910937586500332,0.6949535268224701,0.753456024442033,2.0,2.7218430643100917,38636.982265233215,0.2419409559161593,0.9748957263167801,1.004468567621878,1.25,1.212197260906728,76033.8037018015,-0.07642159718667904,0.3061471648734837,0.31554135557266505,0.25,1.469955763221657,7498.115750982625,-0.032652063656316295,0.2978487036019835,0.29963312149760474,0.75,1.1706350580972043,7097.129903166015,-0.028438917288282014,0.1901796657566013,0.1922942466217394,1.5,1.8141017954145258,2893.464824554309,7.759268847484652,3.0434568845250016,8.334799509016904,2.0,2.0251587113622866,741010.3895647883,-1.774049961965984,1.3438944809664937,2.2256023102800087,1.25,2.4298226313525313,144484.19550554987,6.995518454392247,2.3137744320017113,7.368231169549945,1.5,2.607586174538169,428284.5018894016,1.1981936974846876,3.0434568845249963,3.2708252696612554,2.0,2.025158711362287,741010.3895647856,-0.3447329619659956,1.3438944809664988,1.3874052007391582,1.25,2.4298226313525237,144484.19550555098,-0.17002437060771605,2.313774432001723,2.3200130190982646,1.5,2.607586174538175,428284.5018894058,-0.09850472338740277,0.47633750447099266,0.4864160756957789,0.75,2.88756124715608,18151.796372339442,-0.04095530110925276,1.7929603001295822,1.7934279953568562,1.5,2.0822021302680414,257178.33424052692,-0.010961488548924633,0.8483990642999895,0.8484698736763173,2.0,2.7889995520958286,57582.489744556035,7.910989491697424,2.48766975901804,8.292903928521055,0.75,2.006256420738603,495082.58182992286,1.610303093061881,0.9226523685198883,1.8558996321622623,1.75,2.8734203422281657,68103.0015570658,6.918076258553524,2.283247983588927,7.285121857163738,0.75,2.3254259134193713,417057.814177527,1.1668008816974575,2.4876697590180363,2.7477127083199253,0.75,2.0062564207386138,495082.5818299212,-0.18553512693810958,0.9226523685198904,0.9411220305907753,1.75,2.8734203422281706,68103.00155706608,-0.1704973064464252,2.2832479835889115,2.2896049192094945,0.75,2.3254259134193793,417057.81417752156,-0.12638799555982813,0.8491515031779088,0.8585057954207025,2.0,2.6471824417589898,57684.66623836225,-0.02136743776075935,1.853374209417167,1.8534973772652523,1.25,1.6017319395164324,274799.6775977288,-0.07378943406816624,0.6976597553645213,0.7015511491227022,1.25,2.785667026687482,38938.33093543875,4.0,CIPN_1_5,CIPN_1,neuro,gait_full,4.0,0.5
9.105140872634648,0.8093572464042048,9.141042033752445,1.5,2.1621913115938423,52404.99108001729,-0.5671008896307382,0.941639721689625,1.0992218995651828,0.75,1.6484869669795126,70935.80100413418,3.180455571773273,0.54487636066527,3.226792198520922,0.75,1.3658484151018795,23751.23499526555,0.06007725736530466,0.8093572464042075,0.8115839014911139,1.5,2.1621913115938374,52404.99108001764,0.3189667496307392,0.9416397216896245,0.9941957316513242,0.75,1.648486966979511,70935.80100413409,0.15589523177329145,0.5448763606652716,0.5667394213406011,0.75,1.3658484151018773,23751.234995265684,0.022513545565658735,0.10172870608918494,0.10419015969138719,2.25,2.2427006313532947,827.8995149233148,0.022497952688364967,0.14131027759193787,0.1430900151243211,1.5,2.1953012722292127,1597.4880612609852,-0.021137692801938574,0.11733573904689087,0.11922448454352484,0.75,1.5408887844664603,1101.4216576430722,9.42937760741777,0.8587099976249055,9.468397167593503,1.5,2.2804783566685094,58990.63851039525,-0.6111190697024912,0.746012604434425,0.9643657622132135,3.5,3.141261829793293,44522.91177427886,2.2388134320474027,1.0460340796834127,2.4711278557320733,1.5,1.430637959417331,87535.41904421263,0.06760981758216787,0.8587099976248961,0.8613674868802762,1.5,2.2804783566685107,58990.63851039394,-0.32857102029750224,0.7460126044344269,0.8151648430559173,3.5,3.1412618297932946,44522.91177427909,0.25876793704741385,1.0460340796834122,1.0775658407275621,1.5,1.4306379594173335,87535.41904421254,0.04300775655576585,0.3046879669083477,0.3077083429202114,1.5,1.9674738023940908,7426.828180741282,0.025727551071577835,0.2708669447764169,0.2720860317191074,0.75,1.2945735004414123,5869.51612354066,0.03394347308256832,0.20267464977873795,0.2054973796130771,1.5,2.2813105470671093,3286.162010175745,8.200806953960408,3.598396290473056,8.955539657631785,0.75,2.8708464432593095,1035899.6457706088,-2.0472908026620007,1.7219440722464567,2.6751618677398064,1.5,3.3853645221165554,237212.93138877308,7.084203206107275,2.500378171783697,7.512511302311164,1.5,3.166370991428309,500165.28736696433,1.6397318039604558,3.5983962904730507,3.9543869628818094,0.75,2.870846443259315,1035899.6457706055,-0.6179738026620091,1.7219440722464592,1.8294761569152145,1.5,3.385364522116549,237212.93138877375,-0.081339618892695,2.500378171783703,2.5017008485296603,1.5,3.1663709914283356,500165.28736696654,-0.08884186662615569,0.6190041027210167,0.6253470687954575,2.5,3.7809924686384333,30654.010064070197,0.07185849684456108,2.212840230985367,2.2140066692393074,1.5,1.7712260506249562,391733.0037460547,0.0698740916874063,1.1804016456906583,1.1824679419918136,1.5,2.5738084544340825,111468.10574243056,8.235266297938558,2.7193725299771936,8.672635006430122,0.75,1.886905371183662,591599.2572297638,1.429522483712069,0.8538948257974323,1.665133900009831,1.75,3.36158341904367,58330.92177521483,6.814967097303236,2.3979762350836826,7.224546114556387,0.75,2.322739057332544,460023.232368573,1.4910776879385992,2.7193725299771896,3.1013383608150304,0.75,1.8869053711836763,591599.257229762,-0.3663157362879213,0.8538948257974337,0.9291520823717674,1.75,3.3615834190436766,58330.92177521503,-0.2736064676967185,2.397976235083664,2.4135348605710045,0.75,2.3227390573325506,460023.23236856586,0.044430242038023815,0.6434370497542923,0.6449692112062907,2.25,3.764097491726834,33121.011642155834,0.15306462172916255,1.9816557117358964,1.9875583358182454,1.5,1.5798673452427676,314156.75406243623,0.016090728911672382,0.5765301068174145,0.5767546060707346,1.5,2.9601919314081817,26590.97521260064,4.0,CIPN_1_5,CIPN_1,neuro,gait_full,4.0,0.5
9.12021492993109,0.8785162091606735,9.162429322941378,1.5,2.67650723318497,61744.35997112889,-0.4428820994570774,0.9942396705377414,1.088419531472357,0.75,1.3962177095630657,79081.08317330635,3.156766631348346,0.4897410392410494,3.194529988951628,0.75,1.5698219481655347,19187.760705236717,0.04500320006885422,0.8785162091606764,0.8796681293388335,1.5,2.6765072331848896,61744.35997112931,0.19474795945708087,0.9942396705377421,1.0131334019682179,0.75,1.3962177095630635,79081.08317330647,0.1322062913483655,0.4897410392410527,0.5072719083381173,0.75,1.5698219481655213,19187.76070523697,0.004221218640985133,0.10712536237771825,0.10720849757072641,2.25,2.2654052277332903,918.0681271971241,0.03307886285526674,0.16755910378257624,0.17079304560847228,1.5,1.898915308151224,2246.089392763539,-0.003589021745623995,0.13110254760004292,0.13115166435967207,0.75,1.537659668094953,1375.036976969329,9.41056923331785,0.8929310231567292,9.452837621962212,1.5,2.75199477790576,63786.97496058781,-0.7278752609885026,0.7279971547354119,1.0294572613090531,2.25,3.446884394504623,42398.6440078424,2.357154348807852,1.0261429358498297,2.5708259273817577,1.5,1.576579647588385,84237.85156806491,0.08641819168209558,0.8929310231567308,0.8971030687548278,1.5,2.751994777905731,63786.97496058801,-0.21181482901149198,0.7279971547354135,0.7581855835427268,2.25,3.4468843945046235,42398.6440078426,0.37710885380785997,1.0261429358498304,1.0932430710572956,1.5,1.5765796475883882,84237.85156806499,0.003928477901026422,0.2767646727286875,0.27679255230088173,1.5,2.0890365858465656,6127.904745179917,-0.016771515723906994,0.2882942379643361,0.2887816673251862,0.75,1.4138852617929403,6649.095116386839,0.026184841940424475,0.20610583910253655,0.20776251553060693,1.5,2.629106089112822,3398.4031879037525,8.519561500892754,3.7258882811038423,9.298665046702185,0.75,2.310157353561474,1110579.5027357414,-1.723905173130844,1.7833712483600042,2.4803753859898716,0.75,2.906859097359584,254433.04077475567,7.007465279159093,2.6069636609095483,7.476685707445721,1.5,2.7234613107848666,543701.000988006,1.958486350892793,3.7258882811038396,4.20926505103923,0.75,2.310157353561474,1110579.5027357403,-0.29458817313084984,1.7833712483600033,1.8075384369981424,0.75,2.9068590973595803,254433.04077475538,-0.1580775458408689,2.6069636609095483,2.6117519100791307,1.5,2.723461310784874,543701.000988006,-0.08990826940339935,0.763553737384583,0.7688288540247946,2.75,3.352547971055581,46641.152382084714,0.02650088739588268,2.325311497820633,2.3254625043052415,1.5,1.953033036285496,432566.7595970747,0.042707615733597694,1.1690985444080515,1.1698783470851462,1.5,2.6267713659521914,109343.37435003888,8.091961351856561,2.685940856614536,8.526084494372052,0.75,1.947113803474511,577143.7014688079,1.4859972519413884,0.6951287603190494,1.6405461975208306,2.0,2.7640996399624282,38656.40159903146,7.121310138396911,2.076606525797965,7.417907572234998,0.75,2.467588739687722,344984.3803275294,1.3477727418566048,2.6859408566145393,3.005123899096827,0.75,1.9471138034745186,577143.7014688092,-0.30984096805860134,0.6951287603190511,0.761055463754247,2.0,2.764099639962418,38656.40159903165,0.0327365733969476,2.0766065257979642,2.076864546913078,0.75,2.4675887396877365,344984.3803275291,0.030797165659963533,0.6719259623926284,0.6726313733018607,1.5,3.884308986634461,36119.4345040155,0.05411602021926223,2.275633997858658,2.276277363559755,1.5,1.561139275923212,414281.75966606336,0.07685636275812985,0.6464903227735017,0.6510427312674613,1.5,2.9877221124700064,33436.28081110163,4.0,CIPN_1_5,CIPN_1,neuro,gait_full,4.0,0.5
9.018348693545006,0.8393516674191334,9.057324349937137,1.5,2.286153571601522,56360.96385846424,-0.43428535966636317,1.0831270956556214,1.166948190351193,0.75,1.5057710568660476,93853.41939163122,3.1968534614365383,0.4328665581248435,3.226026272528112,0.75,1.5732456854968668,14989.876606450625,0.14686943645493783,0.8393516674191439,0.8521043674127531,1.5,2.2861535716015497,56360.96385846565,0.18615121966636644,1.0831270956556218,1.099007089115743,0.75,1.5057710568660467,93853.4193916313,0.1722931214365528,0.4328665581248406,0.4658952423423067,0.75,1.5732456854968726,14989.876606450423,0.01188753825765516,0.12052143948558745,0.12110627952961538,2.25,2.2414805934176525,1162.03380358044,0.026441137651583957,0.16782029064573295,0.1698905050693778,1.5,1.9900759084991748,2253.0942335218715,-0.0025411347779638782,0.15105683171457726,0.15107820416461765,0.75,1.368005811099678,1825.45331280216,9.483374900674967,0.9241945577843101,9.528301794516697,1.5,2.461935971504087,68330.85367839049,-0.7354244187516338,0.7229084948279082,1.0312350690267134,3.5,3.3174497636177964,41807.80541312971,2.2913787347221706,1.0892678712696973,2.5371087878365395,1.5,1.4962761850842976,94920.5180753933,0.013612524324974097,0.9241945577843204,0.9242948022447456,1.5,2.461935971504126,68330.85367839198,-0.20426567124836223,0.7229084948279076,0.7512131231181302,3.5,3.3174497636178026,41807.80541312966,0.31133323972218024,1.089267871269698,1.1328869676787388,1.5,1.4962761850842954,94920.51807539343,-0.0146867963129439,0.24937990405823776,0.24981200638486886,1.5,2.270126102219756,4975.228128348081,-0.010469323543063354,0.30015220486122907,0.300334734618736,0.75,1.532746061470653,7207.347710327255,0.01351715081026361,0.23293890242644122,0.23333076443037362,1.5,2.301481689452082,4340.857470866377,8.250030077523363,3.370825990905938,8.91209650649089,0.75,2.6769634454056637,909014.4273510347,-1.7117128862789412,1.587484237767919,2.3345379007878573,1.5,2.8997366763635464,201614.01181556063,7.053886629458482,2.3152387240381085,7.424126004489602,1.5,3.7285304090220563,428843.77860171226,1.6889549275234015,3.3708259909059386,3.7702833591353024,0.75,2.676963445405659,909014.427351035,-0.28239588627895174,1.5874842377679206,1.6124061652539259,1.5,2.89973667636354,201614.01181556104,-0.11165619554147771,2.315238724038107,2.3179295621930365,1.5,3.728530409022045,428843.77860171185,-0.07455095239588007,0.7295633838015423,0.7333625130091456,1.5,4.337505788998722,42582.67878761913,-0.11806453295017814,2.2823648001592556,2.2854164423462833,1.5,2.225635890209064,416737.97438540385,-0.039227746748155566,1.008134760475378,1.008897671418507,1.5,2.8368955338115165,81308.06777854708,8.694417586649609,3.3040452836064245,9.301054370723993,0.75,1.9004359816159992,873337.2192340659,1.5165933090355856,0.7722777586012639,1.7019013489158823,1.5,3.168363889844779,47713.036312521406,6.710561896983193,2.7943692151883464,7.269122387471199,0.75,2.541245371885097,624679.9557127187,1.9502289766496488,3.3040452836064413,3.836679332115978,0.75,1.900435981616021,873337.2192340745,-0.27924491096440374,0.7722777586012666,0.8212129180241345,1.5,3.16836388984478,47713.03631252174,-0.3780116680167647,2.7943692151883486,2.819821294328625,0.75,2.5412453718851067,624679.9557127198,0.057184000937008095,0.7223938440047176,0.7246536247194767,1.5,3.7395905904373157,41748.233513837054,0.011425639709142121,2.39031133430667,2.3903386413137566,1.5,1.605210398372006,457087.1334842154,0.12684172436883506,0.6906532274610719,0.702204175182158,1.5,3.107721016921675,38160.15171804937,4.0,CIPN_1_5,CIPN_1,neuro,gait_full,4.0,0.5
9.141299980835973,0.8565375088109761,9.18134096108144,1.5,2.2362677704672733,58692.65358494105,-0.2709927282173522,1.0810594374837061,1.1145073199038538,0.75,1.3880464105604629,93495.31696602693,3.1634060007678872,0.4471046808923195,3.194845868171124,0.75,1.4776201754306428,15992.224884099081,0.02391814916397981,0.856537508810984,0.856871391668293,1.5,2.2362677704672995,58692.65358494213,0.02285858821735393,1.081059437483709,1.0813010785289563,0.75,1.3880464105604648,93495.31696602743,0.13884566076789936,0.44710468089231775,0.4681673986833085,0.75,1.4776201754306184,15992.22488409896,0.005937979297871634,0.11975645223183883,0.11990357563183279,2.0,2.375275789064786,1147.3326775226571,0.01647889667775582,0.17355015090539125,0.1743307457535825,1.5,2.058177778433508,2409.5762306300876,0.007857541288219597,0.15509954862309444,0.1552984576168859,0.75,1.3292786945850428,1924.47301816062,9.449382669990733,0.9517104037429865,9.497188296359813,1.5,2.4450201686246125,72460.28640177414,-0.8132399177092973,0.6571201568314503,1.045545821219718,3.5,3.109881040850857,34544.653079066054,2.3475741176037555,1.0522024031125354,2.5725928816582786,1.5,1.6220528756373642,88570.68958989678,0.04760475500921501,0.9517104037429959,0.9529002598867017,1.5,2.4450201686246382,72460.28640177556,-0.12645017229069835,0.6571201568314505,0.6691760206302505,3.5,3.109881040850857,34544.653079066076,0.3675286226037692,1.0522024031125379,1.1145434875090443,1.5,1.6220528756373591,88570.6895898972,-0.0027231816056118197,0.2567677765970932,0.25678221670643764,0.75,1.9967730013074927,5274.390522457284,-0.010664129467277034,0.2995068300968107,0.29969662148902293,0.75,1.2810490815617812,7176.347310332069,0.01158515920806329,0.22023450530783217,0.2205390061691168,1.5,2.235694734814965,3880.2667319197526,8.421358636237603,3.6906215978747072,9.194561928598496,0.75,2.2108809107610217,1089655.0223943884,-1.667191478358125,1.7326284473686968,2.4044809756247214,0.75,2.6209133324083607,240160.11545967063,7.11130727374943,2.5834196206064735,7.566025910464227,1.5,2.6561457262967143,533924.5559859572,1.8602834862376334,3.690621597874701,4.132958072357819,0.75,2.2108809107610243,1089655.0223943852,-0.23787447835813358,1.7326284473687048,1.7488812435627075,0.75,2.6209133324083633,240160.11545967276,-0.05423555125053758,2.583419620606476,2.5839888604933954,1.5,2.6561457262967174,533924.5559859578,-0.09009844289275985,0.7118218275047615,0.7175012498413633,1.5,2.9448885275444825,40535.225501155895,-0.0252700744062897,2.262532609119472,2.262673724598725,1.5,1.8815660519647635,409524.3084308559,0.03724710525050143,1.101112257395159,1.1017420524947774,1.5,2.6135679511184167,96995.8562735742,8.61677522709662,3.3723323470362296,9.253185439251334,0.75,2.42406376408634,909820.7512979321,1.527291614246742,0.6548565521126334,1.6617631536393103,1.5,3.5901945123643624,34306.971794903206,6.5988152588074716,2.798834574140485,7.167833549495585,0.75,2.644051613373339,626678.446716585,1.8725866170966532,3.3723323470362514,3.857357398193291,0.75,2.4240637640863563,909820.7512979438,-0.26854660575324646,0.6548565521126365,0.7077813103681387,1.5,3.5901945123643713,34306.971794903526,-0.4897583061924855,2.798834574140486,2.841362027600265,0.75,2.6440516133733487,626678.4467165855,-0.02169026819868128,0.5698365587891164,0.5702492187343643,1.5,4.098211167457609,25977.665753919562,-0.1829792493765165,2.1877992795113457,2.1954377907681093,1.5,1.7327638792510718,382917.307983683,0.14997660993028059,0.6098131077002049,0.6279848802711425,2.25,3.3134260373035547,29749.944859520983,4.0,CIPN_1_5,CIPN_1,neuro,gait_full,4.0,0.5
9.198087367714452,0.8216746605100196,9.234714964298163,2.75,2.3370118969207736,54012.3772658794,-0.48545687616653027,0.9584281603662562,1.0743616324126677,0.75,1.2413274964302339,73486.78732545598,3.1660228510876376,0.49846867654073485,3.2050228883896232,0.75,1.7575985738189817,19877.952427302116,-0.032869237714495174,0.8216746605100148,0.8223318274955556,2.75,2.3370118969207794,54012.37726587875,0.23732273616653127,0.9584281603662598,0.9873735968135982,0.75,1.2413274964302339,73486.78732545653,0.14146251108765628,0.4984686765407359,0.5181531274975555,0.75,1.7575985738189621,19877.9524273022,0.006458700983075757,0.11505131236068708,0.11523245764238985,2.0,2.272358389940964,1058.9444080188957,0.04498465526446533,0.17083795820084993,0.1766613346816392,1.5,2.237154440143398,2334.8580919357337,-0.0014973230985361496,0.17236099781209352,0.17236750141265586,0.75,1.3228371090133741,2376.669889795185,9.453649084859578,0.867671882683421,9.493383775854936,2.75,2.7429175895981293,60229.250190888306,-0.7623008429019614,0.6192470384187644,0.9821249766091134,4.5,3.0806054656296853,30677.42281025456,2.273962871054369,0.9850452821446436,2.4781487741475994,1.25,1.3707804539232813,77625.1417683489,0.043338340140366374,0.8676718826834297,0.8687535368132492,2.75,2.742917589598132,60229.250190889514,-0.1773892470980335,0.6192470384187653,0.6441535838419429,4.5,3.0806054656296897,30677.422810254662,0.29391737605438295,0.9850452821446458,1.0279599368760042,1.25,1.370780453923277,77625.14176834923,0.014079357584644124,0.26913578679912864,0.26950380339798974,1.5,1.9532273405809262,5794.745403158468,-0.036161755381356485,0.27367750241518884,0.27605624043023685,0.75,1.3243427193900084,5991.95280561621,0.008309896180777656,0.19582007055648631,0.19599631222878297,2.0,2.736877722666278,3067.66355011231,8.260285265483324,3.449061714393417,8.951443424211279,0.75,2.18232007290257,951682.7769109395,-1.491478878707298,1.5841937928154244,2.1758169083874908,0.75,2.989561063289183,200773.65562656565,6.972921498552328,2.4083053432119987,7.377097589914119,0.75,2.6565278628366067,463994.77577879373,1.6992101154833457,3.4490617143934084,3.844911146730874,0.75,2.182320072902574,951682.776910935,-0.06216187870730369,1.5841937928154324,1.5854129027983108,0.75,2.9895610632891896,200773.65562656763,-0.19262132644763935,2.408305343212001,2.415996192369914,0.75,2.656527862836604,463994.7757787946,-0.03728062750114689,0.6431775555914433,0.6442571017873713,1.5,2.926141280085535,33094.49291063537,-0.03746332849467508,1.9290536783611445,1.9294174237267998,1.5,2.3796117014933547,297705.06017872575,0.05204486950449281,1.025543062945114,1.0268628157629363,1.5,2.9443296654799007,84139.80657657272,8.658949324966759,3.3599611403492067,9.287989140658974,0.75,1.8246632032430912,903147.9322126927,1.4168682714041163,0.6610560882811092,1.5634931564817323,0.75,2.908589879531409,34959.61218216334,6.709441553540363,2.579374150624579,7.188169236271805,2.0,2.5034102159900273,532253.6807648371,1.9147607149667882,3.3599611403492244,3.867253219047983,0.75,1.824663203243103,903147.9322127023,-0.37896994859587274,0.6610560882811086,0.7619799037981771,0.75,2.9085898795314042,34959.612182163284,-0.379132011459602,2.579374150624575,2.607088815330934,2.0,2.5034102159900344,532253.6807648356,0.009844550529696555,0.49799411464925253,0.4980914106872599,1.5,3.2805383487729576,19839.851551143114,0.04701330764449418,2.2211001932558037,2.2215976952582217,0.75,1.623229126086277,394662.88566723437,0.03688386240581329,0.6165273053077382,0.6176296119002002,0.75,2.828602114699483,30408.481677201395,4.0,CIPN_1_5,CIPN_1,neuro,gait_full,4.0,0.5
9.131957681439431,0.6722763897758395,9.156670062847663,2.75,2.2622350708649197,36156.446687690586,-0.4460536326674637,0.8892660352041375,0.9948657821955315,0.75,1.2399957211067716,63263.90900267703,3.1330521855676237,0.4622168012865017,3.166963903943585,0.75,1.4371831058587325,17091.578845354223,0.033260448560534964,0.6722763897758318,0.6730986567275812,2.75,2.2622350708649224,36156.44668768977,0.19791949266746464,0.8892660352041366,0.911024811377512,0.75,1.239995721106773,63263.909002676904,0.10849184556763962,0.46221680128649956,0.4747787399896883,0.75,1.4371831058587154,17091.57884535407,-0.030747557621540567,0.11268035987883727,0.11680015326237478,2.0,2.114311585436756,1015.7575445174344,0.04644166927073709,0.15018252703611182,0.15719930048064776,1.25,2.1573869374768866,1804.3902472745444,-0.04334410993161904,0.1533894436852905,0.15939583840190805,0.75,1.1599390285822542,1882.2672127652893,9.407839259704417,0.7743008295607716,9.439649427340735,2.75,2.3252987908749403,47963.44506159684,-0.8501349217494504,0.5751767308988268,1.0264295674547794,0.75,2.564860447583917,26466.37035658735,2.3483661279087644,0.9084368633158321,2.517951748016691,1.25,1.2728434885849182,66020.60506701455,0.0891481652955229,0.7743008295607755,0.7794159159486436,2.75,2.325298790874921,47963.44506159731,-0.08955516825054323,0.5751767308988271,0.5821068629795089,0.75,2.5648604475839174,26466.370356587388,0.368320632908777,0.9084368633158311,0.9802640579238984,1.25,1.2728434885849196,66020.60506701439,-0.030583603409283785,0.24475647578557957,0.24665986547566543,0.75,1.5208042736823308,4792.4636965309965,0.02993567714737008,0.25342160627188753,0.25518357175119083,0.75,1.1259831345786735,5137.8018035255,0.018308972758696508,0.1883503848453225,0.1892381725626724,2.0,2.367875214255722,2838.074737709294,7.76311943572767,2.7932934937393528,8.250364350472001,2.0,2.1517151393692666,624201.3464038722,-1.5967012218397887,1.3088877869195046,2.064616678846636,1.25,2.8139203186633295,137055.0827702836,7.120645652311357,1.8845920311238569,7.365818462978583,1.25,2.5853447109094794,284135.14996984095,1.2020442857277016,2.7932934937393616,3.0409536344734476,2.0,2.151715139369279,624201.3464038761,-0.1673842218397966,1.3088877869195046,1.3195471634117335,1.25,2.8139203186633424,137055.08277028357,-0.044897172688607566,1.884592031123859,1.8851267543300592,1.25,2.585344710909482,284135.1499698416,-0.10541006045657682,0.5283523832523108,0.5387648111503348,1.25,2.5860473430203625,22332.66976062456,9.537390673975743e-05,1.8656012352650286,1.8656012377028974,1.25,1.756134561835858,278438.1787904484,0.0297457476637362,0.9975639811364508,0.99800736769068,1.25,2.3889565456459043,79611.27673990953,8.409388273558783,3.0929153558546907,8.960130385990468,0.75,1.6731571098437792,765290.3457634549,1.4301497991951195,0.6883661982837663,1.5871913782141982,0.75,2.729123515680171,37907.916315099676,6.691373204417225,2.4130112527129604,7.1131637592925,2.0,2.3155640009730165,465809.88370361784,1.6651996635588113,3.0929153558547,3.512693456309301,0.75,1.6731571098437865,765290.3457634592,-0.365688420804869,0.6883661982837657,0.7794716441605837,0.75,2.7291235156801643,37907.9163150996,-0.3972003605827355,2.413011252712952,2.4454838850759955,2.0,2.3155640009730183,465809.88370361447,0.018064918562879288,0.4126925038923461,0.41308769535247297,1.25,3.507967779716438,13625.210525160828,0.1671342084567929,1.868552575845004,1.8760124126277729,1.25,1.7413583357630034,279320.5771012476,-0.04647331443521971,0.5775457435319689,0.5794125083448661,1.25,2.875179876460597,26684.74373017304,4.0,CIPN_1_5,CIPN_1,neuro,gait_full,4.0,0.5
9.662336680864831,1.317195022536168,9.751705125862864,1.75,2.1300453633609555,138800.65503264903,0.9461708155879321,1.4271718630810983,1.7123255353584803,1.0,1.2092790915048321,162945.57184042703,0.6333468217291938,0.6966643603549022,0.9415250541452288,0.75,0.9786637876475879,38827.30923674151,0.14073255413511537,1.317195022536163,1.3246918053598113,1.75,2.1300453633609613,138800.65503264798,-0.8048724805879343,1.427171863081099,1.638486874154978,1.0,1.2092790915048306,162945.57184042718,0.3973378417291961,0.6966643603549018,0.8020090968678099,0.75,0.978663787647586,38827.30923674146,-0.03944961936059025,0.2942921059639431,0.2969244282648166,0.25,1.587652202375929,6928.758812218772,0.0016778094051663262,0.2558541728347854,0.25585967404296506,0.75,1.7917963707734261,5236.950006481741,-0.034013431943909926,0.3047341252549677,0.3066264839303894,1.0,1.4905911935571847,7429.032544265045,9.139031800341119,1.2344023719091128,9.222019923174157,1.75,2.3567057513563245,121900.7937386934,0.6793171120820745,0.5904756737952965,0.9000740303505813,1.0,2.7465723866448,27893.06581015554,3.736047544358211,1.1841000145579297,3.9192019721087497,1.75,2.2025179813550233,112167.69709643142,-0.12623654534117024,1.234402371909133,1.2408403931024197,1.75,2.3567057513563383,121900.79373869742,-0.1068790870820767,0.5904756737952969,0.6000705463522669,1.0,2.746572386644816,27893.065810155567,-0.1707653356417623,1.1841000145579312,1.1963501345061722,1.75,2.20251798135502,112167.69709643167,-0.002648347037958958,0.19039085859998406,0.1904092770336377,0.75,3.65977834193288,2899.894323090111,-0.029420455212628954,0.1574516313058051,0.16017671299467187,1.75,3.0275927097913087,1983.281906497594,-0.0010314631441026912,0.28692248357901473,0.2869243375863533,2.75,3.2730832740539744,6586.086757460861,9.365554551568838,5.966778839453941,11.10477652982567,1.75,2.0977449855263854,2848197.695396238,-2.1999527696019,2.8358150128914974,3.589100023100481,1.75,2.1318006145762247,643348.3697323345,6.922750930438545,3.453216672799399,7.736225554764252,1.0,3.189434734965609,953976.5066065294,3.168101766568876,5.966778839453946,6.7556878644807306,1.75,2.0977449855263854,2848197.695396242,0.124423725398093,2.835815012891503,2.8385432973239593,1.75,2.1318006145762296,643348.3697323372,-0.24768708456142272,3.453216672799402,3.4620881388489098,1.0,3.1894347349656162,953976.5066065307,-0.14961390191021554,0.9525120760617075,0.9641906319230568,1.0,6.375496893115701,72582.34953167748,-0.028740823657211364,3.679754737678919,3.6798669764564784,1.75,2.1436940334645573,1083247.6542794742,0.07818047044227008,1.7442829250727516,1.7460341086756952,1.75,2.4845918578294,243401.8504848117,9.28008318712703,5.2118749205528045,10.643476130827047,1.0,2.1531195518691795,2173099.8858928895,-0.36865663034848517,2.497400236487367,2.524463438496794,0.75,2.2755736214765108,498962.2463364492,7.176340473894315,4.350859333694096,8.392248777225728,1.0,2.7450581870657533,1514399.2697918178,2.6697471221270694,5.211874920552813,5.855867987206779,1.0,2.1531195518691746,2173099.8858928974,-0.10837771034848878,2.4974002364873593,2.4997507214335393,0.75,2.2755736214765196,498962.2463364463,-0.27667459110563736,4.350859333694091,4.359647436543059,1.0,2.7450581870657484,1514399.2697918143,0.10821245727884868,0.832299413799682,0.8393046229597576,1.0,5.567279231269915,55418.15881302839,-0.3841634765353551,3.657429182155658,3.6775494285172474,1.75,2.18311040555595,1070148.3035448103,-0.12589132115683557,0.899689401808277,0.908454536269564,0.75,3.4433585625201446,64755.642163282115,4.0,CIPN_10_1,CIPN_10,neuro,gait_full,4.0,0.5
9.509940163202286,1.4026777770676373,9.61282824427688,1.75,2.0591894048851636,157400.53064565564,0.8677648356153912,1.4433577584523938,1.684131060462732,1.0,1.4479157288303925,166663.21064860636,-0.23955056654068949,1.3564118977068362,1.3774025229288007,0.25,0.6671464770216606,147189.06826575083,0.29312907179765646,1.4026777770676393,1.4329792737553357,1.75,2.059189404885167,157400.53064565605,-0.7264665006153951,1.443357758452395,1.6158697953118315,1.0,1.4479157288303857,166663.21064860662,-0.47555954654068716,1.3564118977068353,1.4373622085426632,0.25,0.6671464770216609,147189.06826575065,-0.007656281797402129,0.29417453079931427,0.29427414637028154,0.25,0.9969953511606893,6923.099614927151,-0.08373381668108387,0.21644024516750324,0.2320726864242112,0.5,1.3440516155008455,3747.711182539589,-0.021049448912126234,0.31625963165640364,0.31695935688183796,1.0,1.5481989965674932,8001.624901108158,9.102028751508378,1.3947378724020436,9.208269171022193,1.75,2.1235420952375748,155623.52655502522,0.6916391495045008,0.5818235407212184,0.9038159910428032,1.0,3.2027694982547508,27081.520599448697,3.6114416579700275,1.241811181002692,3.8189796881084095,1.75,2.264723900161841,123367.83195287151,-0.08923349650842569,1.3947378724020603,1.3975894782130212,1.75,2.12354209523759,155623.52655502895,-0.11920112450450354,0.5818235407212202,0.5939086972090202,1.0,3.2027694982547517,27081.520599448875,-0.29537122202995136,1.2418111810026875,1.2764557054856058,1.75,2.264723900161833,123367.83195287065,-0.007730190350094293,0.21613357283379836,0.21627176687850752,2.75,3.7755664403502567,3737.1391753842086,-0.01001462078258029,0.1548119586114188,0.15513553802569718,1.75,3.2062691312726934,1917.344918383587,-0.017970626777049095,0.2981826413097434,0.29872366997815075,2.75,2.2481872810422807,7113.035507635762,9.418016780618228,5.758006917561451,11.03873560434763,2.75,2.535721145179746,2652399.354244632,-2.0209157825969406,2.764589893189783,3.4244792126506622,1.0,2.043106634781376,611436.6377059196,7.313429962908143,3.4319973029592257,8.078667174100069,1.0,3.1112348436513573,942288.9622851786,3.220563995618266,5.758006917561457,6.597474980063076,2.75,2.5357211451797466,2652399.3542446387,0.3034607124030564,2.7645898931897857,2.781195009613544,1.0,2.043106634781381,611436.6377059207,0.14299194790817701,3.4319973029592283,3.4349748448403505,1.0,3.1112348436513644,942288.9622851799,-0.20244221135241758,1.0179513207156108,1.0378861885023392,8.25,6.3372622049193055,82898.02654151959,0.0025140393145883467,4.07316911003288,4.073169885889824,1.75,2.1693582075012854,1327259.9868361163,0.11342265696390452,1.954548256313047,1.9578364552150733,1.75,2.5142808540496824,305622.5314853065,10.43958150629751,5.964660426925136,12.023395362174352,2.75,2.251816502102162,2846173.9664037386,-0.6315564731083169,2.6225558473942416,2.6975290084495374,1.0,2.086045548597321,550224.1034425024,6.981171984808234,4.671806691574146,8.40015119178865,1.75,2.8641030933815936,1746062.388806726,3.829245441297548,5.96466042692516,7.088038844294316,2.75,2.251816502102157,2846173.966403761,-0.37127755310831895,2.6225558473942354,2.6487065134030603,1.0,2.0860455485973195,550224.1034424996,-0.4718430801917222,4.671806691574127,4.695573836685097,1.75,2.864103093381592,1746062.3888067123,0.08015671946470686,0.8388909039790999,0.8427117232210639,1.0,5.289071452652276,56299.08235635752,0.07896466558756657,3.924783670010755,3.925577954237369,1.75,2.1791387477798487,1232319.1475531824,-0.18312271699604005,0.9165793139460661,0.9346933016951886,2.75,3.914553883842553,67209.46050414954,4.0,CIPN_10_1,CIPN_10,neuro,gait_full,4.0,0.5
9.706985159006937,1.5244409980564653,9.825959557912718,1.75,1.9914542769871209,185913.7491649054,0.5136011208878205,1.4374036827956904,1.5264060595699427,1.0,1.4984389415230284,165291.42604094467,-1.603837733831259,0.5616584836887903,1.6993397920252973,0.5,2.091197602127009,25237.622475525528,0.09608407599301312,1.5244409980564715,1.5274660409367018,1.75,1.9914542769871306,185913.74916490685,-0.3723027858878229,1.4374036827956902,1.484836257536314,1.0,1.4984389415230162,165291.42604094467,-1.8398467138312546,0.5616584836887913,1.9236673783934837,0.5,2.091197602127033,25237.622475525615,0.03446891680282711,0.2515666845770542,0.25391711839624226,1.0,1.3988591666978492,5062.901279249596,-0.05887370272646354,0.2249424594836785,0.23251929586873074,1.75,2.0322027802686184,4047.994117471507,-0.03803388429872327,0.3255693423521304,0.3277834239775516,1.0,1.3206762554690483,8479.633140388285,9.105815815094415,1.4150809193034237,9.215114522706715,1.75,2.2454280212480917,160196.90450536562,0.7827463864139839,0.5369613832742979,0.9492204341310806,1.0,2.8191691030828556,23066.204880016925,3.6524089914486306,1.1645084096321914,3.8335585657348323,1.75,2.0534821791831748,108486.39035687,-0.0930205600944633,1.415080919303438,1.4181349839761204,1.75,2.2454280212481232,160196.90450536885,-0.2103083614139869,0.5369613832742984,0.5766776690738805,1.0,2.819169103082855,23066.204880016965,-0.25440388855135027,1.1645084096321892,1.1919736467783748,1.75,2.053482179183175,108486.39035686961,0.006581498632941618,0.21621473626168358,0.21631488229191445,0.75,3.0353313547900784,3739.9085549598362,0.009475006826508038,0.14549564679309887,0.1458038373641262,1.75,3.146348368053562,1693.5213915110337,-0.00037464717059800147,0.28425441295335824,0.28425465984564047,2.5,2.2756167590064686,6464.099953958157,9.06311711131134,5.379820606515288,10.539571221431684,0.75,2.246969963506603,2315400.3886635117,-2.00452134023073,2.646990193669365,3.320340779019856,1.75,2.098772634582233,560525.6850138273,7.317564918142634,3.3664857606502556,8.054811152838578,3.5,2.985845562668009,906658.870792865,2.8656643263113755,5.379820606515286,6.095449268871009,0.75,2.246969963506604,2315400.3886635094,0.3198551547692617,2.6469901936693594,2.6662453760699187,1.75,2.0987726345822333,560525.6850138251,0.14712690314267662,3.3664857606502494,3.3696992005651247,3.5,2.9858455626680023,906658.8707928613,-0.1193409408276927,0.8828008384310679,0.89083083719202,3.5,6.922266879818011,62347.32127260266,-0.32306004836570396,3.6703012144574134,3.684491660961877,1.75,2.139082925423064,1077691.6555323596,-0.05165724580917818,1.8053556610782606,1.8060945529046681,1.75,2.499486379052313,260745.76680050642,10.242693991110587,6.088164654226189,11.915474352811222,1.75,2.3121724244405475,2965265.6506014117,-0.4899095548843211,2.4038093244879715,2.453224539348625,1.75,2.0694338500653426,462265.6607343007,7.14570961118236,4.364021950976177,8.37292382838551,1.75,2.838167449364905,1523575.7049691796,3.6323579261106302,6.08816465422621,7.089412737339256,1.75,2.3121724244405444,2965265.650601432,-0.22963063488432625,2.403809324487974,2.414752471159872,1.75,2.069433850065332,462265.66073430155,-0.30730545381759966,4.364021950976173,4.374828480129011,1.75,2.838167449364907,1523575.7049691768,0.06206210033081607,0.8340962798315494,0.8364020016273889,3.5,5.019057453855098,55657.74420242286,0.3002091936590866,3.9304971742672987,3.9419454076484444,1.75,2.0826571311773896,1235909.656030542,-0.18967741324063112,0.9288810895788122,0.9480493656296483,5.25,4.2209935822957245,69025.82558845641,4.0,CIPN_10_1,CIPN_10,neuro,gait_full,4.0,0.5
9.714729951555036,1.5428496915826884,9.836481240893885,1.75,2.038438143602354,190430.82573046742,0.41670677313211696,1.405813141376216,1.4662725269336006,0.75,1.255357594961992,158105.33428896,-2.0848392693569826,0.825508735853278,2.2423245643802403,0.25,1.1660921735734904,54517.19761678147,0.08833928344491007,1.5428496915826952,1.5453766530578807,1.75,2.038438143602356,190430.82573046917,-0.2754084381321186,1.4058131413762158,1.4325363507640694,0.75,1.2553575949619875,158105.33428895997,-2.320848249356978,0.8255087358532784,2.4632907399479715,0.25,1.1660921735734944,54517.19761678152,-0.3497465787006911,0.6765205709135765,0.7615791174802985,0.25,0.9126238591070814,36614.87545641133,-0.003399918461777154,0.20290007042655936,0.20292855399043644,0.75,2.1302712274611055,3293.496335392018,0.10501304615863787,0.3722503701825721,0.3867791074561528,0.75,0.8936926017906471,11085.627996307858,9.076661459478157,1.33095324621558,9.173724423242065,1.75,2.2979780351943115,141714.99879975247,0.7950929422219934,0.5175034216389877,0.9486741159003369,0.75,2.339146413804343,21424.79570975682,3.7328539690770004,1.0511534000694318,3.8780307147999027,1.75,2.029803050962405,88393.91895542781,-0.06386620447820514,1.3309532462155926,1.3324846849725052,1.75,2.297978035194318,141714.99879975527,-0.2226549172219965,0.5175034216389861,0.5633693314080848,0.75,2.3391464138043303,21424.795709756694,-0.17395891092297802,1.0511534000694327,1.0654506901621668,1.75,2.0298030509624123,88393.91895542789,-0.22484991326730122,0.5026364997313959,0.5506368443525572,0.25,1.4520007239518458,20211.911692767477,-0.03365967286990733,0.15436375860412638,0.15799096033666668,1.75,2.8367318288896186,1906.2538324873847,-0.07920190517384047,0.3107579280293256,0.32069211343007104,1.0,1.6255990848017485,7725.643926278168,9.39366434186644,5.693254400972832,10.984264902206682,1.75,2.4362893012085367,2593080.7559260987,-1.4045641153860098,3.3568892185049632,3.63888795919096,1.75,1.9015867545553296,901496.5442256341,7.265729825245302,3.4401532456944994,8.038997714101026,3.5,3.252251562081568,946772.6720322025,3.1962115568664693,5.693254400972835,6.529082170599733,1.75,2.4362893012085407,2593080.7559261,0.919812379613973,3.356889218504953,3.4806263860124247,1.75,1.9015867545553342,901496.5442256287,0.09529181024535376,3.44015324569449,3.441472778181192,3.5,3.2522515620815624,946772.672032197,-0.23996419264333546,1.1713480098619333,1.1956751122100349,1.75,4.77331653151176,109764.55137553262,-0.055874562288888964,3.3804629420871795,3.3809246767024677,1.75,2.308651224960913,914206.1908958458,-0.07718056335383558,1.7777773732206659,1.7794519459920761,1.75,2.991525993732319,252840.990081313,9.841170967346965,5.627710678191935,11.336656186282989,2.75,2.477792644462686,2533708.5952183995,0.023863414803426474,2.910417805733747,2.9105156358449813,0.75,1.887964757098738,677649.1375228012,7.458114220501419,3.9667020113574174,8.44737785191076,1.0,2.7160243784256095,1258778.2307121379,3.230834902347003,5.627710678191939,6.489177270167547,2.75,2.47779264446268,2533708.595218402,0.28414233480342493,2.910417805733748,2.9242552334499776,0.75,1.887964757098738,677649.1375228018,0.0050991555014604905,3.966702011357422,3.966705288812599,1.0,2.7160243784256215,1258778.2307121407,-0.15597303550920671,1.0328410097902703,1.044551645114085,1.0,3.2217559306177934,85340.8450863613,0.0994519986026072,4.018827731561032,4.0200580886338,1.75,2.0235577059742678,1292081.7146100395,-0.193065756039552,1.0109976547588073,1.0292670421629813,1.0,3.51441552858171,81770.12104926242,4.0,CIPN_10_1,CIPN_10,neuro,gait_full,4.0,0.5
9.62213023335371,1.1628096064063678,9.69213683396858,1.75,2.112093682023288,108170.14744269723,0.44843984206195203,1.1494404184285076,1.2338199088463646,0.75,1.1693186950096703,105697.2452955013,-1.4940695393287426,1.3065372120311562,1.9847627754399637,0.25,0.7406299220403096,136563.48924535673,0.18093900164624419,1.1628096064063738,1.176802915983677,1.75,2.112093682023285,108170.14744269832,-0.3071415070619529,1.1494404184285074,1.189768540884062,0.75,1.169318695009669,105697.24529550127,-1.7300785193287387,1.306537212031154,2.1679970409262235,0.25,0.7406299220403146,136563.4892453563,-0.836183847629399,0.7203699389342335,1.1036921110329716,0.25,0.4310468495403334,41514.650422502404,0.07714359695086973,0.22548772086912783,0.23831879240477857,0.25,1.499761530720608,4067.5820486244425,0.13532674561685806,0.2902741014486173,0.32026923369417176,0.75,0.869732349954849,6740.725862196431,9.126200914116321,1.0834178689000067,9.190284946804935,1.75,2.4841442698615004,93904.0421330421,0.4448816986070483,0.6330701694573438,0.7737554944633624,0.75,1.6583894503437142,32062.295854147695,3.594795775021695,0.944042844345017,3.7166885201847166,1.75,2.4040814956443746,71298.74357980193,-0.11340565911636755,1.0834178689000056,1.0893370103744053,1.75,2.4841442698614875,93904.04213304188,0.12755632639294795,0.6330701694573424,0.6457928892916154,0.75,1.6583894503437056,32062.295854147545,-0.3120171049782839,0.9440428443450171,0.9942693627775421,1.75,2.4040814956443857,71298.74357980194,-0.7777870740608056,0.6622272519980444,1.0215173350780449,0.25,0.4565453947508038,35083.60254955406,-0.11837640986419515,0.15856648034577836,0.19787951662965025,0.25,2.881823696050811,2011.4872484431728,-0.31608269590035015,0.33795720134223095,0.46273463300979156,0.25,1.291606026184243,9137.246587062757,8.79984004741836,5.325224668116481,10.285679492676419,2.5,2.261681400693839,2268641.4583802824,-0.8977946968474333,3.7991480076124904,3.903788019530944,0.75,2.107645381561151,1154694.1099717258,7.675190339600979,3.0450597908759294,8.257174812192941,2.5,4.221616368221375,741817.8154335157,2.602387262418392,5.325224668116489,5.9270934891828615,2.5,2.261681400693837,2268641.4583802894,1.4265817981525446,3.7991480076124833,4.058159830584061,0.75,2.1076453815611482,1154694.1099717217,0.5047523246010216,3.0450597908759325,3.086610445002659,2.5,4.221616368221382,741817.8154335176,-0.9213193847516868,1.8499155411315948,2.066643877894648,0.75,2.909824133170692,273776.46803040843,0.41539595776144256,3.4994172223164486,3.523985626754104,1.75,2.0963891500851486,979673.7270968197,-0.11016252763356972,1.5713854711311395,1.5752422294290647,1.75,3.070436658578351,197540.84076016123,9.52879754744994,4.728508379220852,10.637517294587576,0.75,1.7984841771148061,1788703.7472988744,0.6415236050359503,3.3346812155152374,3.395828521131257,0.75,1.6991437285090458,889607.9280582324,7.346526343044243,3.271600666295366,8.042065669263545,0.75,2.5690903708728503,856269.7274149184,2.9184614824499757,4.728508379220848,5.5566364751444635,0.75,1.7984841771148048,1788703.7472988712,0.9018025250359497,3.334681215515234,3.454467629501161,0.75,1.6991437285090454,889607.9280582307,-0.10648872195571879,3.271600666295381,3.2733332808634295,0.75,2.5690903708728654,856269.7274149263,-0.5473250646676534,1.3561747182695723,1.462454988328531,0.75,2.3185952540934074,147136.7916609637,0.033877260688021556,3.460449844563171,3.46061566712182,1.75,1.8751858164021469,957978.2906890832,-0.32430369028395534,1.3157500113238676,1.355127660344423,0.75,2.5319365701598104,138495.8475211347,4.0,CIPN_10_1,CIPN_10,neuro,gait_full,4.0,0.5
9.767320112094453,1.2971333260877378,9.85307551162439,1.75,2.108464261997781,134604.61726992452,0.33752254698567596,1.3755506738521546,1.4163548729251487,1.0,1.4608365492689166,151372.30663123712,-0.9245994767063191,1.1671491697956355,1.48900012655481,0.25,0.6469435237511599,108978.97621577367,0.035749122905501876,1.2971333260877382,1.2976258572623893,1.75,2.1084642619977854,134604.61726992464,-0.19622421198567735,1.375550673852152,1.3894760155197028,1.0,1.460836549268916,151372.30663123657,-1.1606084567063168,1.1671491697956347,1.6459797004619643,0.25,0.6469435237511622,108978.97621577347,-0.39036360845037704,0.7606647868966017,0.8549822599486212,0.25,0.754727946925475,46289.17774710498,0.061588960022739114,0.2780697823913728,0.28480871453638495,0.5,1.2942125925173968,6185.83351160614,-0.02076217389931478,0.30524341376890807,0.30594870405726876,0.5,1.3918635708609992,7453.8981980512135,9.191929092720189,1.1849999870135726,9.267997918365,1.75,2.1778280483357633,112338.1512375104,0.43950416154297023,0.6474870221069879,0.7825620434256727,0.75,2.157597656132976,33539.161027029266,3.6032720737309085,1.1374384316222372,3.7785362011049064,1.75,2.11135728934087,103501.44058225362,-0.17913383772024283,1.1849999870135692,1.1984631412932736,1.75,2.1778280483357664,112338.15123750975,0.13293386345702596,0.6474870221069869,0.6609923266200486,0.75,2.157597656132976,33539.161027029164,-0.303540806269074,1.1374384316222348,1.177243902851796,1.75,2.1113572893408628,103501.4405822532,-0.5350919353606394,0.705622959874217,0.8855660002448409,0.25,0.7573765036901674,39832.609460710024,-0.08880178200267748,0.173059526878099,0.19451312636971962,0.25,2.51402224764871,2395.9681163540513,-0.2046080025394335,0.39042103892180907,0.4407868218719357,0.25,1.30846830166783,12194.324726293285,8.731885934749142,5.1889335339627,10.157305902519257,2.5,2.361758312124524,2154004.7722955355,-1.7183634622439268,3.466095970683322,3.8686682807346116,0.75,1.637665563789111,961105.7382251107,7.783956843536357,3.200207049616386,8.416133869090421,1.0,3.052933878937658,819306.1095213193,2.534433149749173,5.1889335339627065,5.7748058504533475,2.5,2.3617583121245276,2154004.7722955407,0.6060130327560578,3.4660959706833188,3.5186749031215334,0.75,1.6376655637891107,961105.738225109,0.6135188285363934,3.200207049616383,3.2584859234594,1.0,3.052933878937655,819306.1095213178,-0.798739597102884,1.6810255178702564,1.861137215712759,0.75,2.588606599684303,226067.75720630304,-0.0938979916695533,3.786930212808548,3.788094147394145,1.75,2.303754957403776,1147272.3550099595,-0.21532806022685502,1.4864861389198791,1.5020010701467525,2.0,2.92446306734557,176772.09594430446,10.053620962119135,5.22495999865498,11.330291321828666,0.75,2.1501038850859633,2184035.022446858,-0.20694633928062145,3.1722438441441216,3.1789869131614754,1.0,2.2290516247708845,805056.5354798157,7.176197028956778,4.006472354809931,8.21885786032733,0.75,2.7306583760213483,1284145.8503285039,3.4432848971191614,5.224959998654964,6.257508918912813,0.75,2.1501038850859713,2184035.0224468443,0.05333258071937493,3.1722438441441243,3.172692133012039,1.0,2.2290516247708836,805056.5354798167,-0.27681803604317623,4.006472354809947,4.016024023201949,0.75,2.7306583760213594,1284145.850328514,-0.3122350755583708,1.4258496724182788,1.459636266589815,0.25,3.1073982225785954,162643.78448220546,-0.011320376798028518,3.6115805689366383,3.611598310561619,1.75,2.0608408171974464,1043484.0680882989,-0.2572286820202047,1.2679060862814682,1.2937358457132744,0.75,3.6090627142280804,128607.733089868,4.0,CIPN_10_1,CIPN_10,neuro,gait_full,4.0,0.5
9.73132271682094,1.6285271381866178,9.866647984940256,1.75,1.988421407279375,212168.56090780417,0.24460322170801663,1.5152348989059987,1.5348509813439912,1.0,1.1873386041434077,183674.94549995358,-1.0258242995194866,1.0211914184692665,1.447462402496147,0.25,0.6657234328148148,83426.5564568545,0.07174651817899892,1.6285271381866242,1.6301068071390676,1.75,1.9884214072793953,212168.56090780592,-0.10330488670801899,1.5152348989059983,1.5187523492921509,1.0,1.1873386041434077,183674.94549995352,-1.2618332795194867,1.021191418469268,1.62328529176426,0.25,0.6657234328148162,83426.55645685474,0.09962966030406757,0.21000196577185976,0.2324368620515026,1.0,1.4763052986409875,3528.0683364223178,0.012870087433457673,0.24085034400397734,0.24119396210804916,0.5,1.43508889097121,4640.738346492027,-0.026184955603379956,0.36334803593517156,0.3642903335499004,1.0,1.3720669527468858,10561.749601265952,9.074306055335093,1.449850645509204,9.18940135591947,1.75,1.9956979407011648,168165.74442690145,0.7652869367420319,0.5681148670357671,0.9531099609672904,4.5,3.2026234717721516,25820.374417671865,3.7617594328989306,1.2745049925862206,3.971800222459746,1.75,2.2447820540277355,129949.51249105783,-0.061510800335143,1.449850645509192,1.4511548755530166,1.75,1.995697940701159,168165.74442689877,-0.19284891174203567,0.568114867035766,0.5999543356849365,4.5,3.2026234717721533,25820.37441767177,-0.14505344710104726,1.2745049925862215,1.2827328165456362,1.75,2.244782054027731,129949.51249105802,0.04779897052371143,0.1987016968344325,0.20437002203848137,2.75,3.123087775637449,3158.589901832648,-0.013949203261373298,0.16217193854912998,0.16277075266892974,1.75,2.966972014742605,2103.9829808090813,0.0656060036973557,0.28985175882706465,0.2971837643887706,2.75,2.732606848254226,6721.177988294123,9.50202450025221,5.898157092582028,11.183770683100086,2.75,2.263647643706967,2783069.26139816,-2.3174732685360393,2.670456064570043,3.5358192746770913,1.0,2.421068940641924,570517.5745720689,7.5201092124212945,3.683291655353904,8.373689747366052,4.5,3.7344842980167603,1085363.2941977934,3.30457171525225,5.898157092582046,6.76080256404675,2.75,2.26364764370697,2783069.261398177,0.00690322646394943,2.6704560645700397,2.670464987101407,1.0,2.4210689406419394,570517.5745720675,0.34967119742133834,3.6832916553539006,3.6998523436355875,4.5,3.734484298016762,1085363.2941977913,-0.16014798302732952,0.8452699125845529,0.8603072716119626,9.0,6.275449586809906,57158.91404070797,-0.23049843784427465,3.761025839492414,3.768082389648383,1.75,2.2064839023090137,1131627.485262317,0.01739885536432072,1.7817638960071698,1.7818488435562194,1.75,2.541300401699313,253975.0522836217,10.49227110015986,6.060258840150503,12.116702936396193,2.75,2.34208647324192,2938146.00904396,-1.148335178623289,2.2325804721142632,2.510595396898857,1.0,2.6594546158021473,398756.5109943476,7.410536192053146,4.6682698788283545,8.758355457236572,1.75,2.7972967880276185,1743419.5841204694,3.8819350351598865,6.060258840150508,7.196954691174884,2.75,2.342086473241925,2938146.009043966,-0.8880562586232932,2.232580472114272,2.4027191852037113,1.0,2.6594546158021486,398756.51099435077,-0.042478872946811234,4.668269878828354,4.668463142857928,1.75,2.7972967880276327,1743419.5841204687,0.10379123247124879,1.0731882849171692,1.0781955828240792,1.75,4.65840170907995,92138.65684894983,0.04235973950162755,4.253550981806378,4.253761900054662,1.75,2.1008042884037152,1447416.1597794539,-0.06872156296686165,0.7555029375286594,0.7586220019423651,6.25,5.637474696780532,45662.775540973074,4.0,CIPN_10_1,CIPN_10,neuro,gait_full,4.0,0.5
9.70707736309162,1.552469696050132,9.830438092486,1.75,1.9843234198594448,192813.01098666363,0.3286003348253144,1.2860691271520455,1.3273853923638503,1.0,1.4531498095216675,132318.8096859242,-0.7285287938413276,0.4010115023231532,0.8316035284024306,1.0,2.3999168886816427,12865.132072006118,0.09599187190832321,1.55246969605015,1.55543453627162,1.75,1.9843234198594457,192813.0109866681,-0.18730199982531595,1.286069127152047,1.2996368104021179,1.0,1.4531498095216666,132318.80968592456,-0.9645377738413272,0.4010115023231569,1.0445780689648134,1.0,2.3999168886816773,12865.132072006356,0.028823390660422357,0.2002780387085708,0.20234149509706384,1.0,1.7660347563453662,3208.924921703106,0.016820857133267357,0.141712586324509,0.1427073871860851,1.75,2.8937628439951664,1606.6255257456144,0.025656197605037265,0.29126518460530826,0.29239296885991123,1.0,1.7382914463861177,6786.894628008995,9.052181660406447,1.4433026550823758,9.16652144311934,1.75,2.033312219041187,166649.81148503278,0.8095490469617488,0.5353574741750792,0.9705551424786725,1.0,2.6937348609021363,22928.685941190488,3.7912529786465154,1.1735871952563783,3.9687411168991367,1.75,2.1854285018624973,110184.64848496237,-0.03938640540648886,1.4433026550823653,1.443839964503909,1.75,2.0333122190411768,166649.8114850304,-0.2371110219617526,0.5353574741750786,0.5855162353776936,1.0,2.6937348609021385,22928.68594119044,-0.11555990135345925,1.1735871952563837,1.1792629035421096,1.75,2.1854285018624995,110184.6484849634,0.05620873025848289,0.17122425193621385,0.18021422199256895,2.75,3.346394795624204,2345.419776186793,-0.001250315763418124,0.15731812304509876,0.1573230915280433,1.75,3.022219920597676,1979.9272479419399,0.05703386542305493,0.2911075112151357,0.296641947288251,2.75,2.034958076064125,6779.48778227379,9.912436914202152,6.245440956478939,11.71588401781539,1.75,2.1934875946963035,3120444.7518945225,-2.086779535396183,2.884474268333305,3.560174242087775,1.75,2.0542712668267202,665615.3465590953,7.33232774524031,3.792057074041255,8.254860811449651,4.5,3.1995368910063693,1150375.8056727862,3.7149841292021972,6.245440956478945,7.2668177231226085,1.75,2.1934875946962995,3120444.7518945285,0.23759695960380295,2.8844742683333,2.8942432724098883,1.75,2.0542712668267216,665615.3465590929,0.1618897302403666,3.792057074041256,3.7955111826397814,4.5,3.199536891006363,1150375.805672787,-0.20370441997633662,0.9247188761406218,0.9468899041645076,1.0,6.0726776436113745,68408.43352962902,0.1020690687521287,3.6722718772954734,3.673690084311842,1.75,2.2893010997847925,1078850.980585835,0.179628939673278,1.8849887999806911,1.8935282760024452,1.75,2.4143601401070716,284255.65582724626,9.58038706730553,5.530468926323586,11.062093061641898,2.75,2.2282715793889816,2446887.1030639918,-0.9343618736415519,1.9822109238598913,2.191390484962558,1.75,2.3486699328802474,314333.07471633476,7.747914822469641,3.9986714410443667,8.718919508154011,1.0,2.68609224826021,1279149.9126422454,2.9700510023055653,5.530468926323589,6.277522560797937,2.75,2.2282715793889816,2446887.103063995,-0.6740829536415552,1.9822109238598948,2.093692426088326,1.75,2.3486699328802376,314333.0747163358,0.2948997574696746,3.9986714410443707,4.009531039957109,1.0,2.686092248260219,1279149.912642248,0.1309156303270249,0.8865214713520768,0.896135715967271,1.75,4.526964417353839,62874.05723006612,-0.07518260572602016,4.065429078283435,4.066124200606304,1.75,2.140200720411993,1322220.5553167919,-0.06392178069800229,0.6393269096642287,0.6425145068155398,1.75,4.794395232063413,32699.19805992962,4.0,CIPN_10_1,CIPN_10,neuro,gait_full,4.0,0.5
9.625019690171527,1.2510618266427735,9.705985768085194,1.75,2.3437407149426495,125213.55075873202,0.5590824155550222,1.1590592137854572,1.2868532971725257,0.75,1.1272794987186303,107473.46107324035,-0.45605080302337847,0.9865123188664764,1.0868251424279716,0.5,0.8601830226466726,77856.82769814631,0.17804954482842256,1.2510618266427889,1.2636682058580093,1.75,2.3437407149426535,125213.55075873516,-0.4177840805550236,1.1590592137854563,1.2320559236601911,0.75,1.1272794987186305,107473.46107324015,-0.692059783023378,0.9865123188664753,1.2050532347384806,0.5,0.860183022646671,77856.82769814618,-0.007655301313174372,0.1949460281927419,0.19509627763317478,0.75,1.4629879522683569,3040.316436302765,0.039611705373602535,0.24939828331698166,0.252524436290951,0.5,1.5559684415540842,4975.966513751274,0.018881058095362818,0.24105950207731117,0.2417978037463567,0.75,1.5238698231592638,4648.805352675472,9.057701208250984,1.2311121520282302,9.140983990185243,1.75,2.355224842300446,121251.87893700323,0.7504461426670689,0.4737060938778038,0.8874496472594089,1.0,2.1904686056226663,17951.805193983866,3.775871481010721,1.0461745540486544,3.918122846293745,1.75,2.0262107296575187,87558.60577127499,-0.04490595325103151,1.2311121520282333,1.2319308728613678,1.75,2.355224842300455,121251.87893700386,-0.17800811766707203,0.47370609387780377,0.5060477777170262,1.0,2.1904686056226583,17951.805193983866,-0.1309413989892624,1.0461745540486502,1.0543371602614402,1.75,2.0262107296575245,87558.60577127429,0.026107184984198527,0.16099608436581545,0.16309912412065225,1.0,3.074100677103738,2073.57998282899,-0.004491100265501796,0.14150649618224176,0.14157774699213713,1.75,3.028592874187051,1601.9294749555231,-0.0009862601298469098,0.25712028066283654,0.25712217220064776,0.75,2.0740488082184028,5288.880319178056,9.40608363783807,5.72960600972446,11.013754783391342,1.75,2.298944705083058,2626289.298719287,-2.3398550094652317,2.859627805337775,3.6949144307250856,1.75,2.493264575085001,654205.4695961742,7.386374955755332,3.2740260761872295,8.079466673893984,3.5,3.8185431789024196,857559.9572016702,3.2086308528381062,5.729606009724461,6.56686355701527,1.75,2.298944705083069,2626289.298719288,-0.015478514465244776,2.859627805337777,2.859669695868913,1.75,2.4932645750850058,654205.469596175,0.2159369407553809,3.274026076187232,3.28113936155366,3.5,3.8185431789024395,857559.9572016718,-0.29364031992418266,0.9723030596371383,1.0156760690618425,0.75,5.826215933919523,75630.7311366048,0.17841444361961717,3.6260978947721267,3.630484493309804,1.75,2.3410785511243413,1051893.3719788906,0.14585987281616397,1.9130652349819062,1.9186176523201082,1.75,2.3910065109623875,292785.5003733146,9.18168400717464,4.808879531238744,10.364778992027448,0.75,2.2105303184902065,1850032.4460614624,-0.6442525320684734,1.9170910209090826,2.0224488392854014,0.75,2.8809446215397667,294021.5821699722,7.574594621830866,3.546027835896902,8.363539746902909,1.75,2.780633215251965,1005945.0735120233,2.5713479421746728,4.808879531238744,5.453178209603358,0.75,2.2105303184902234,1850032.4460614624,-0.38397361206847413,1.9170910209090843,1.9551659052917088,0.75,2.8809446215397596,294021.5821699729,0.12157955683090847,3.5460278358969073,3.548111469725113,1.75,2.7806332152519744,1005945.0735120262,0.0890901111580331,0.9226703057816144,0.926961456090429,2.5,5.227073836901603,68105.64600471806,-0.028541083374431526,3.4574990254855766,3.4576168244433765,1.75,1.929373714936615,956343.9842530297,-0.06748588203166031,0.6833401260339202,0.6866644538066939,3.25,4.0683262532778395,37356.3315582163,4.0,CIPN_10_1,CIPN_10,neuro,gait_full,4.0,0.5
9.549274979294642,1.4278570144005067,9.655435168015755,1.75,2.113012304126632,163102.56930353463,0.8422333405813589,1.3930445056840226,1.6278605575427147,1.0,1.2385851020189447,155245.84077912272,1.175013997176752,0.5946540943166354,1.3169173798871463,0.75,1.011254189308902,28289.088952170518,0.12142302070529003,1.4278570144005265,1.433010538527188,1.75,2.113012304126651,163102.5693035391,-0.4536886705813632,1.393044505684024,1.4650619115349122,1.0,1.2385851020189413,155245.84077912304,-0.04928871782324036,0.5946540943166356,0.5966932793254817,0.75,1.0112541893089007,28289.088952170536,-0.08103884289436902,0.26829671116089227,0.28026847713827807,0.25,1.5757491705226816,5758.710539611612,0.03174927824242116,0.21419473897459895,0.21653499226063042,0.75,1.7597197440305923,3670.350905702408,-0.01152026536410192,0.29657973544009647,0.29680339618639295,1.0,1.5998083274821082,7036.816848470093,9.157555731797684,1.3813878230891798,9.261158636950329,1.75,2.077951626123168,152658.65802093636,0.7084842436331723,0.6253195212117635,0.9449732414650572,1.0,3.204564801519833,31282.458732002367,3.730527119174715,1.2429305414841867,3.932137957632231,1.75,2.2723684083540245,123590.90179774523,-0.10771301179774602,1.381387823089181,1.385580892871148,1.75,2.077951626123138,152658.6580209366,-0.21769484863317662,0.6253195212117656,0.6621295573601389,1.0,3.2045648015198176,31282.45873200258,-0.1223209508252629,1.2429305414841834,1.2489350447340974,1.75,2.272368408354021,123590.90179774462,0.0207399710496019,0.23914568874209208,0.24004334367582017,0.75,3.0447893768122043,4575.276303629924,-0.01931462143004753,0.16301151313393478,0.16415178346640358,1.75,2.958645464249622,2125.824115715141,0.011270613376429879,0.2871902718016908,0.287411341013903,2.75,2.334592049109834,6598.28052875507,9.1934934992636,6.130977176477007,11.050303337894578,1.75,2.1740334643815404,3007126.837879526,-2.0544494459030203,2.8926600043263933,3.547991604612502,1.75,2.2452072652680806,669403.8651391577,7.777400017500416,3.500083767150649,8.528689079177816,3.5,3.3629005302407005,980047.5289706321,3.2605330292636396,6.130977176477016,6.944059099215761,1.75,2.17403346438154,3007126.8378795357,0.28636860909696565,2.8926600043263924,2.906800454263363,1.75,2.2452072652680877,669403.8651391569,0.3912302925004443,3.5000837671506484,3.5218812471236816,3.5,3.3629005302407142,980047.5289706317,-0.20599634270484032,1.1430407164092178,1.161454507321345,3.5,5.229553481805176,104523.44179741968,-0.05702126266541275,3.714478308894577,3.714915952164232,1.75,2.1721138134355518,1103787.9542412877,0.12534884695645804,1.744109194195944,1.7486077932778805,1.75,2.6615770057963832,243353.40820302608,9.349632461521315,5.382492979256438,10.788274089829104,2.75,2.2870975807374596,2317709.682322694,0.15060030875795002,1.9598603338702922,1.9656380595817133,0.75,2.446458108639133,307285.7889090791,7.694028438384859,3.925622297588321,8.637626064723893,1.75,2.7059499758732346,1232841.784117619,3.0919609915213595,5.382492979256471,6.207370896348546,2.75,2.287097580737474,2317709.682322722,0.20304456875795063,1.9598603338702973,1.970350127561164,0.75,2.4464581086391237,307285.7889090807,-0.04608118161510859,3.9256222975883324,3.9258927517982127,1.75,2.70594997587323,1232841.7841176265,0.13223520049272738,0.8786514843334061,0.8885463292201763,1.0,5.339939598477005,61762.617021329665,-0.3079159205214063,3.803346881679643,3.815790837623678,1.75,2.119413708497158,1157240.6446845653,-0.08817955142645814,0.9619995556128486,0.9660324933919612,3.5,3.7354604352673495,74035.7942167978,4.0,CIPN_10_2,CIPN_10,neuro,gait_full,4.0,0.5
9.495331286531083,1.638972775230568,9.63574325098604,1.75,2.059091722996056,214898.57521720347,1.1817342203561043,1.3557507316572448,1.7984870902927839,1.0,1.4432373681614468,147045.38190296938,1.2565935369221009,0.4477750945951255,1.3339901995045051,1.75,1.712209713113522,16040.33428072697,0.17536671346885163,1.6389727752305867,1.6483280141221646,1.75,2.0590917229960786,214898.57521720836,-0.7931895503561074,1.3557507316572452,1.570735403937684,1.0,1.4432373681614474,147045.3819029694,0.032290821922108484,0.44777509459512593,0.4489378938339682,1.75,1.7122097131135317,16040.334280727006,-0.05831709539232612,0.28621899614418256,0.2920996360298678,0.75,1.1211133409112921,6553.708806604084,0.014461257965646583,0.1950675163954437,0.19560282189844724,1.75,2.0752979661176925,3044.1126178457193,-0.01762663671091529,0.2746140672093461,0.27517918567907323,1.0,1.6516668374257832,6033.091417986252,9.071007143939045,1.5093521963803074,9.195722628380613,1.75,2.122763562026032,182251.639952968,0.7657424219821994,0.6243366111336163,0.9880069133487748,1.75,2.9641205378634283,31183.71326777032,3.7540254056477678,1.2812308883184163,3.9666433335290034,1.75,2.15006384796894,131324.24501511842,-0.02116442393910722,1.5093521963803151,1.5095005748785773,1.75,2.122763562025996,182251.63995296988,-0.2749530269822032,0.6243366111336182,0.6821989233709527,1.75,2.9641205378634274,31183.713267770505,-0.09882266435221379,1.2812308883184131,1.285036383987185,1.75,2.15006384796894,131324.24501511778,0.012614256507438611,0.2366198666279875,0.236955862451812,1.0,2.8915362416594617,4479.134239010647,0.0033310462072997705,0.13949678778988378,0.1395365531770476,1.75,3.247110705245459,1556.748333047909,-0.011029868978177133,0.31193894037624653,0.3121338823849971,2.75,2.1278795811889486,7784.475828799254,9.446344965665281,6.0244955872322175,11.20392700310611,2.75,2.144008017761845,2903569.351450454,-2.242539748937348,2.9818958818142822,3.7310437648927355,1.75,1.9901858225460858,711336.3578246211,7.926097735435218,3.3914432526592972,8.621189746646316,3.5,3.416370117488494,920152.15674073,3.5133844956653206,6.024495587232225,6.974124869470148,2.75,2.144008017761841,2903569.3514504624,0.09827830606263926,2.981895881814279,2.983514986626261,1.75,1.9901858225460933,711336.3578246199,0.5399280104352487,3.3914432526593,3.43415340258132,3.5,3.4163701174884955,920152.1567407316,-0.24143787586206655,1.144926427358365,1.1701063079756369,3.5,5.295608079259676,104868.72903137165,-0.01747417895913453,4.1234309344427045,4.123467960109467,1.75,2.2080967936871376,1360217.0052922773,0.05501532923101968,1.919437185965206,1.9202254548142066,1.75,2.739829124221061,294740.93812372064,10.271578932366047,5.95079611305886,11.870859621064621,1.75,2.2141419279793157,2832958.0218165806,0.06931760361612438,2.2646455453424186,2.2657061539860686,1.0,2.416649993151843,410289.5578177515,7.348880758020305,4.428715533181059,8.580184710683115,1.75,2.7797952886437476,1569081.7130695179,4.013907462366092,5.9507961130588845,7.177982132579804,1.75,2.2141419279793126,2832958.0218166034,0.12176186361612207,2.2646455453424235,2.2679165322979933,1.0,2.4166499931518293,410289.5578177533,-0.391228861979658,4.428715533181056,4.445962358847076,1.75,2.779795288643747,1569081.7130695155,0.12429399926492624,1.095771632503341,1.1027984715496781,3.5,5.130522324375115,96057.43827673083,0.06848578620089196,3.8555939959646817,3.8562021944693794,1.75,2.1694279525010267,1189252.1988834287,-0.10969026521479691,1.0657591909646666,1.0713891017779458,3.5,4.50536042403093,90867.62996467648,4.0,CIPN_10_2,CIPN_10,neuro,gait_full,4.0,0.5
9.537573490867034,1.5069434342313262,9.655888701080936,1.75,2.0166140352394124,181670.30321249156,1.0808660756693118,1.4915111063073834,1.8419763445199433,0.75,1.0812355882932514,177968.56922714395,1.203813206226146,0.4622775003378273,1.289521896984717,1.75,1.945502351710546,17096.36465399326,0.13312450913290166,1.5069434342313477,1.5128121657710332,1.75,2.0166140352394226,181670.30321249668,-0.6923214056693143,1.4915111063073847,1.6443583274293392,0.75,1.0812355882932518,177968.56922714424,-0.02048950877384546,0.4622775003378284,0.4627313554195181,1.75,1.9455023517105305,17096.364653993343,-0.01860095883572503,0.166204674757546,0.16724230798715373,1.0,1.4869345835786199,2209.9321881220967,-0.03057096011797847,0.18693839499061804,0.18942161208321334,1.75,1.7368279316584792,2795.680687311679,0.007739079429706426,0.29127940989229495,0.29138220257528236,0.75,1.1654429448185621,6787.51712107178,9.097247413749697,1.4468903444593955,9.211590643090116,1.75,2.104403225540899,167479.33354339382,0.8241991930220434,0.5209921031982803,0.9750574759331652,1.75,3.2209232836209694,21715.001918654154,3.705063275728218,1.1480717290171378,3.8788609890170487,1.75,2.0957019629372535,105445.53837056778,-0.047404693749745895,1.4468903444593904,1.4476666998585412,1.75,2.1044032255408753,167479.33354339268,-0.333409798022045,0.5209921031982804,0.6185425329046246,1.75,3.2209232836209845,21715.001918654165,-0.1477847942717616,1.1480717290171365,1.1575444010431497,1.75,2.0957019629372513,105445.5383705675,-0.004324413018386268,0.20967651831685227,0.209721107381758,0.75,2.5750344953950437,3517.1469076189273,0.013146763071290021,0.13318721206399572,0.13383449045979293,1.75,3.2694778135154396,1419.1067739823427,-0.0032223455533173136,0.2936801756344586,0.2936978533655829,1.0,2.32489805821944,6899.944583182363,8.846502047716765,5.4365336234167225,10.383472266963372,0.75,2.176616243188668,2364471.9875571486,-2.0325332502355833,2.981642868754287,3.608515707338201,1.75,2.035205861889717,711216.2522294752,7.8470240218558,2.993525577288712,8.398629732370852,3.5,3.536957899258654,716896.3159753005,2.913541577716802,5.436533623416712,6.16803229268662,0.75,2.1766162431886498,2364471.9875571392,0.3082848047644057,2.9816428687542853,2.997537942652588,1.75,2.0352058618897164,711216.2522294741,0.4608542968558494,2.99352557728871,3.0287921792048076,3.5,3.5369578992586472,716896.3159752998,-0.1841376062298056,1.0100433838658782,1.0266909444030745,3.5,5.2233447653377185,81615.24774169723,-0.2513851005257359,3.749440469175357,3.757858206566109,1.75,2.2845682668786598,1124672.0612322278,-0.028060390915002273,1.714973566761956,1.715203113403928,1.75,2.735180309809804,235291.3023747473,10.199088721233679,6.002384371716738,11.834273483802264,1.75,2.231088664423524,2882291.762963326,0.0058679873949320435,2.405396961651112,2.405404119144322,1.75,2.617025322933394,462876.3552363594,7.462516728216477,4.358187557807597,8.641930033733187,1.75,2.8394025407779564,1519504.4760000969,3.9414172512337107,6.002384371716725,7.180765146845557,1.75,2.231088664423519,2882291.7629633127,0.058312247394930704,2.4053969616511144,2.4061036680319203,1.75,2.6170253229333835,462876.35523636005,-0.27759289178347013,4.3581875578075975,4.367019189630114,1.75,2.8394025407779493,1519504.4760000973,0.16187692745677143,1.1156937926420805,1.1273760590782982,3.5,5.18396261540662,99582.11733024583,0.2959986820110492,3.9788536439173092,3.9898485609689907,1.75,2.1028987198919977,1266506.6535842053,-0.06175309980542409,1.0179939281115022,1.019865227864675,3.5,4.609959948099458,82905.04040652717,4.0,CIPN_10_2,CIPN_10,neuro,gait_full,4.0,0.5
9.716538097019948,1.2822157478607996,9.800774959915275,1.75,2.1448815462731905,131526.24640634275,0.5855745902669434,1.3114132729252392,1.4362111172006664,1.0,1.1358331966590303,137584.86893979023,0.26353824534828973,1.131770171261912,1.1620482465541062,0.25,0.7471372861345049,102472.34520309206,-0.045840097020006104,1.282215747860818,1.2830348937410396,1.75,2.1448815462732225,131526.2464063466,-0.19702992026694502,1.3114132729252403,1.3261318041148435,1.0,1.1358331966590252,137584.86893979047,-0.9607644696517039,1.1317701712619137,1.4845780837340088,0.25,0.7471372861345003,102472.34520309238,-0.6804678060543476,0.7929762697429752,1.0449152116090092,0.25,0.6823475806785466,50305.37092982559,0.03451967868071499,0.2575934762928389,0.25989614703732944,0.25,1.1524674963047978,5308.364116613147,0.08438009610424584,0.27446984950365483,0.2871475211544071,0.75,1.251489581163943,6026.732158303947,9.116333275381308,1.2396269638189028,9.200228660052495,1.75,2.3212046920769156,122934.0505047726,0.7509672108415938,0.5694845706109772,0.9424778129606934,0.75,2.0257174141816896,25945.034166453555,3.784514648927676,1.01309119650164,3.9177678466669383,1.75,2.0905704935507656,82108.31894958814,-0.06649055538135429,1.239626963818886,1.2414088784045936,1.75,2.3212046920768996,122934.05050476927,-0.26017781584159455,0.5694845706109772,0.6261031640393393,0.75,2.0257174141816963,25945.03416645356,-0.06833342107229845,1.0130911965016398,1.0153931400519547,1.75,2.0905704935507674,82108.31894958811,-0.39783650487310707,0.6311252262660699,0.7460515637937151,0.25,1.20499244605572,31866.049949071727,-0.050885795496633184,0.16143090929500703,0.1692610488539462,1.75,2.376353864789571,2084.805789339142,-0.16785228267377658,0.39065652556154873,0.42519043940641277,0.25,1.523950788827177,12209.060319433376,8.912414140207822,5.561346188346081,10.50522237904595,1.75,2.2704025046588714,2474291.7624280485,-1.1788621515059459,3.623986576800055,3.8109047063761916,1.0,1.796340872138932,1050662.433041334,7.937083649026354,3.141936738854704,8.536337816804489,3.5,3.51467221342063,789742.2940108281,2.979453670207862,5.561346188346076,6.309177093690312,1.75,2.2704025046588643,2474291.7624280443,1.1619559034940372,3.6239865768000485,3.8057088998623603,1.0,1.796340872138933,1050662.4330413302,0.5509139240263959,3.141936738854687,3.1898703143938296,3.5,3.514672213420624,789742.2940108198,-0.4699936377603107,1.525479067007912,1.5962394567903964,0.75,3.0132813709615687,186167.09526642118,-0.011552633882300399,3.5500143409132217,3.550033138442393,1.75,2.2618071352024525,1008210.5551847947,-0.09929853113428624,1.6299125120109506,1.632934473607338,1.75,3.322640455454893,212530.9363154706,9.567869133105773,5.446965004407357,11.009702425927626,1.0,2.262505136602677,2373563.528726013,0.9989778762505143,3.031998995132676,3.1923306068957746,0.75,2.3664734133795586,735461.2999846949,7.677680963763105,3.799896483118896,8.566562803350577,1.75,2.8357288702348264,1155137.0631289626,3.310197663105804,5.446965004407344,6.373918443788673,1.0,2.2625051366026785,2373563.5287260017,1.0514221362505098,3.0319989951326685,3.2091286068157348,0.75,2.366473413379571,735461.2999846913,-0.06242865623685342,3.7998964831189026,3.8004092700048697,1.75,2.8357288702348105,1155137.063128967,-0.21088341107711128,1.3235777828267492,1.3402723455552201,1.0,3.181278384256506,140149.50758180246,0.01570069812808018,4.057656925000676,4.057687301028462,1.75,2.1029311484299043,1317170.5099383763,-0.13651993890805827,1.1533330901302576,1.1613849105739533,1.75,3.173754270100264,106415.60704080077,4.0,CIPN_10_2,CIPN_10,neuro,gait_full,4.0,0.5
9.68492357895891,1.0722865408871969,9.744102993915966,1.75,2.290498536246435,91984.66729605582,0.21323525613323357,1.0322319724794178,1.0540266218018193,0.75,0.9451803351050874,85240.25471997906,0.2419107302443547,1.1183244324715438,1.1441898171501776,0.25,0.6846310383143054,100052.00448050909,-0.014225578958973095,1.0722865408872033,1.072380899151305,1.75,2.2904985362464223,91984.6672960569,0.17530941386676396,1.0322319724794178,1.0470130064135106,0.75,0.9451803351050897,85240.25471997907,-0.9823919847556399,1.1183244324715444,1.4885373854811061,0.25,0.6846310383143007,100052.0044805092,-0.8689061771058786,0.7775949004065165,1.1660410686382245,0.25,0.33445164057400717,48372.32928217614,0.08450721764628807,0.245303470384014,0.2594518499004352,0.25,1.0364427428693017,4813.9086897531215,-0.012071527484538248,0.2394542557138997,0.23975834157607037,0.25,1.015638772087278,4587.085188049681,9.051123425886576,1.0452258082023094,9.111275007416081,1.75,2.409959329923611,87400.21351266793,0.4161127473737693,0.6520262582229974,0.7734908273142154,0.75,1.8183742954333075,34011.05957431413,3.8349942569883315,0.9552656091902216,3.9521783025611397,1.5,2.328181669608175,73003.5832256819,-0.0012807058866218669,1.0452258082022894,1.045226592820761,1.75,2.4099593299235993,87400.2135126646,0.07467664762622961,0.6520262582229969,0.6562886888503977,0.75,1.818374295433315,34011.05957431406,-0.017853813011646756,0.9552656091902139,0.9554324375593521,1.5,2.3281816696081656,73003.5832256807,-0.7291883716163496,0.6979788927669107,1.0094009193817026,0.25,0.48461019629287405,38973.98474544369,-0.10278939558147691,0.16276131258272844,0.19250170055783397,0.25,2.0179813486772735,2119.3015730485636,-0.31441342673366884,0.36290233280440876,0.48016029205390365,0.25,1.2307478809633452,10535.868099526851,8.137092886045782,4.762552148971317,9.428371206513253,2.5,2.470246400383127,1814560.5959168624,-1.3407379535064674,3.56432126055911,3.808144470532387,1.0,1.6359495342712687,1016351.4579309383,8.12544344312509,2.7972695754241887,8.593459619095114,3.75,3.318106872582155,625977.5010392145,2.2041324160458178,4.762552148971322,5.247866488310781,2.5,2.4702464003831226,1814560.595916866,1.0000801014935086,3.564321260559105,3.7019651886365588,1.0,1.6359495342712718,1016351.4579309358,0.7392737181251294,2.7972695754241683,2.893309991671176,3.75,3.318106872582153,625977.5010392055,-0.9098896630304502,1.8284253085399909,2.04231200060109,0.75,2.2204847809857227,267451.15180697624,0.35913273383566924,3.6280227921106505,3.6457544761800187,0.75,2.491346816323561,1053022.618254188,-0.22569805704701104,1.3959424716161888,1.414070364945362,2.0,3.8302839900990144,155897.16560223416,9.56051508077677,4.778873607805531,10.688361968474883,0.75,1.8452506224950807,1827013.0635620477,1.2752022604627866,3.1938246453437302,3.4389906470204896,1.0,1.4396248584936016,816041.2828127621,7.423008999018325,3.236081516066329,8.097733397570778,0.75,2.8121601412727957,837777.9553779432,3.3028436107768018,4.778873607805527,5.809165936399936,0.75,1.845250622495075,1827013.0635620442,1.3276465204627776,3.193824645343718,3.4587802978075732,1.0,1.439624858493597,816041.2828127559,-0.3171006209816431,3.2360815160663323,3.251580597563762,0.75,2.812160141272783,837777.9553779445,-0.508273495908865,1.1807764565915908,1.2855251794828493,1.0,2.474782945904314,111538.65676963767,0.07318385981227588,3.507877703836591,3.50864102786405,1.5,1.8614073046417552,984416.4804694016,-0.3453749975029752,1.356586069241543,1.399860583115476,0.75,2.055691779869237,147226.10733202402,4.0,CIPN_10_2,CIPN_10,neuro,gait_full,4.0,0.5
9.723476346175158,1.312509009755295,9.811660010177516,1.75,2.2239881206391083,137814.94332728715,0.26686370891430505,1.0788547591604831,1.1113702490613662,0.75,1.2310872272347246,93114.67696817259,0.8266934997388691,0.5635396967890915,1.0004994414629331,0.25,1.0731769512495768,25406.191481500595,-0.05277834617521665,1.312509009755293,1.3135697372099475,1.75,2.2239881206391114,137814.94332728666,0.12168096108569212,1.0788547591604827,1.085695098844036,0.75,1.231087227234726,93114.67696817251,-0.39760921526112386,0.5635396967890904,0.6896883918971717,0.25,1.073176951249574,25406.191481500493,-0.229497764311007,0.49595383653767156,0.5464791229316871,0.25,1.3695903760259371,19678.16762282262,0.01879090607487161,0.20263259336461223,0.20350200501415933,1.0,1.7601925851510962,3284.814795663464,-0.07001547967877289,0.21442285827657018,0.2255644687138086,0.75,1.2571628059648725,3678.1789460657196,9.145096484966919,1.279138547327113,9.234120702189918,1.75,2.207776027081646,130895.74696171361,0.5494093777505067,0.6684365672873278,0.8652503157162471,0.25,2.139980626725703,35744.59582696955,3.7484397725879206,1.0975605367399037,3.9058212786208952,1.75,2.2689453388592264,96371.91974418248,-0.09525376496696307,1.2791385473271135,1.282680280895633,1.75,2.207776027081623,130895.74696171368,-0.058619982750509274,0.668436567287327,0.6710020468407941,0.25,2.1399806267257016,35744.59582696946,-0.10440829741206009,1.0975605367398995,1.10251540777318,1.75,2.26894533885923,96371.9197441817,-0.32901899757010894,0.6308809966700252,0.7115225454765322,0.25,1.20282821013209,31841.37210242356,-0.057428935172803196,0.17081671660515574,0.1802121895623271,1.75,2.317508539532797,2334.2776026688152,-0.1352547267261884,0.3554594556818312,0.3803225811536827,0.75,1.2259496067543116,10108.123885385965,8.468357648042018,4.969421402988638,9.818769288237364,0.75,2.243883386982945,1975615.4390091891,-1.6303431966066702,3.1162895289395753,3.5169986304944865,0.75,2.033899951093879,776901.1356788427,7.792606987828524,3.0378748768954917,8.36381536348255,3.25,3.4444685048857147,738295.8085539482,2.53539717804204,4.969421402988623,5.578833922147615,0.75,2.2438833869829575,1975615.4390091766,0.7104748583933079,3.1162895289395713,3.196253267904064,0.75,2.033899951093886,776901.1356788405,0.40643726282856435,3.037874876895484,3.064942905877421,3.25,3.4444685048857178,738295.8085539446,-0.5053022453751368,1.4854664261471227,1.5690573164774635,0.75,2.352528188244315,176529.00751923065,-0.1684079345739868,3.5843821662373037,3.588336208616398,1.75,2.219962704570154,1027831.355601923,-0.2028477224361274,1.402711850388689,1.4173029788010691,1.75,2.7916728737791456,157408.96862538782,9.940622103733437,5.144043182262088,11.192727463411716,0.75,2.0318763516791885,2116895.981982744,0.04077320697669567,2.686577068818077,2.686886451100287,1.75,3.465615995385221,577439.8298133113,7.439419881085968,3.813600113727972,8.359935047267003,0.75,2.8786709360608387,1163484.0782277908,3.682950633733472,5.144043182262082,6.326555589852569,0.75,2.031876351679184,2116895.9819827396,0.09321746697669056,2.6865770688180692,2.6881937881872724,1.75,3.4656159953852264,577439.829813308,-0.3006897389139905,3.8136001137279743,3.8254359420220565,0.75,2.87867093606084,1163484.0782277926,-0.08953428331827787,1.0617052614355713,1.065473814811651,1.75,4.4801216379715765,90178.30733515325,0.09402830482271067,3.677721856596358,3.6789236709388784,1.75,2.0997247813923314,1082056.158627646,-0.2680654440443508,1.1985018376574477,1.2281147084694384,0.75,2.9661556534943396,114914.26520010618,4.0,CIPN_10_2,CIPN_10,neuro,gait_full,4.0,0.5
9.714514923569679,1.4697150250264925,9.825062974609713,1.75,2.0910404772526907,172805.14291075463,0.7205864470893206,1.2234795579628226,1.419910932587574,0.75,1.3336637617812772,119752.27580350179,0.656959215380219,0.7051276588172483,0.963742925215063,0.5,0.8804165526198392,39776.446542486585,-0.04381692356971931,1.4697150250264912,1.47036804153917,1.75,2.0910404772526987,172805.14291075422,-0.33204177708932214,1.2234795579628213,1.2677357652466603,0.75,1.3336637617812812,119752.27580350153,-0.5673434996197741,0.7051276588172485,0.9050324092483687,0.5,0.8804165526198385,39776.4465424866,0.00012229934719985847,0.186198270247601,0.1861983104121221,0.75,1.3816682188069356,2773.590922730057,0.030209124880706102,0.1880772556906877,0.19048791387959085,0.5,1.911431057398791,2829.8445689568653,0.011202122166030897,0.2320797173727494,0.23234991447564152,1.0,1.7058285670883795,4308.891170060047,9.081381320249347,1.430106057017454,9.193295927908107,1.75,2.165165642953321,163616.3851938965,0.8665462609682234,0.5082897790710501,1.0046197897245035,4.25,3.4425052621614816,20668.7493969127,3.8473077179847555,1.2087567669261399,4.032724835449947,1.75,2.1573742685267305,116887.45828220376,-0.031538600249398495,1.4301060570174673,1.4304537803171897,1.75,2.1651656429533204,163616.3851938996,-0.3757568659682272,0.5082897790710494,0.632101037675434,4.25,3.4425052621614736,20668.749396912637,-0.0055403520152198646,1.2087567669261445,1.2087694639964224,1.75,2.1573742685267256,116887.45828220462,0.049626557941124805,0.201195500039816,0.20722554014733663,2.5,3.6641316891263758,3238.412277806242,-0.0015727839623415718,0.159119896258124,0.15912766897867997,1.75,3.0810852884701267,2025.5385421794551,0.036295245013813655,0.29127776422782353,0.2935303744830717,2.5,2.1078395608269127,6787.420428604383,9.553217809389457,5.660834512179188,11.104459369456707,2.5,2.4332599123659073,2563625.103759001,-1.5691113164048902,3.2598537576606064,3.6178386979803094,1.75,2.0409731932852737,850131.7422697518,7.543801419098884,3.4658066953609215,8.30185255833943,4.25,3.503263121558879,960948.1150063651,3.6202573393894744,5.660834512179176,6.719472492516224,2.5,2.4332599123659167,2563625.1037589903,0.7717067385950892,3.2598537576605913,3.3499519118529077,1.75,2.0409731932852844,850131.7422697445,0.15763169409892142,3.4658066953609215,3.469389542930151,4.25,3.5032631215588834,960948.1150063649,-0.07854081563306789,0.9318391019834951,0.9351431824622977,1.75,5.510180463037088,69466.00665504624,-0.062066520995707426,3.5333948858539745,3.533939964459998,1.75,2.2565485711520483,998792.9194391707,0.029436960442934524,1.7410775591079874,1.7413263914239474,1.75,2.7426205283955007,242509.7818157217,9.348649456761455,5.205842523970988,10.700375836847549,2.5,2.3563573239390405,2168063.9016774255,-0.5403736750164349,2.1518697388001145,2.2186813834830903,0.75,2.345824646734898,370443.5496761885,8.111579042717969,3.741636861631027,8.932948055965479,4.25,2.9607924104291556,1119987.7626901658,3.090977986761501,5.205842523970979,6.054332440412297,2.5,2.356357323939036,2168063.901677418,-0.4879294150164363,2.1518697388001127,2.206494615176286,0.75,2.3458246467349033,370443.54967618786,0.3714694227180136,3.7416368616310223,3.760031374381137,4.25,2.9607924104291516,1119987.7626901628,0.13608188688120523,0.895795746677838,0.9060730101395,3.5,5.380173857726947,64196.1220736071,-0.07497559838013847,4.145663352188304,4.1463412751520625,1.75,2.1254537146043027,1374926.368544906,-0.001948868628148146,0.7251528682192837,0.7251554870340454,4.25,5.09741991998272,42067.80096303221,4.0,CIPN_10_2,CIPN_10,neuro,gait_full,4.0,0.5
9.52282285434723,1.4510905102522629,9.632747208570466,1.75,2.028367510873771,168453.09559806867,1.1645232789718098,1.2229688466291178,1.6887176398358046,0.75,1.348508108481136,119652.22410129188,1.1036341531057454,0.7597552554682822,1.3398643185461394,0.25,0.9465413148248428,46178.417718185425,0.14787514565272444,1.4510905102522638,1.4586057478448347,1.75,2.0283675108737658,168453.09559806882,-0.7759786089718097,1.2229688466291144,1.448376885139766,0.75,1.348508108481139,119652.22410129123,-0.12066856189424877,0.7597552554682826,0.769278200679898,0.25,0.9465413148248449,46178.41771818547,-0.03894604030467843,0.14952516023794712,0.15451397218244503,0.75,1.8097741227029922,1788.622097081444,0.023364574439457168,0.1754040726725635,0.17695336122509478,1.75,2.2167191097877392,2461.327098637696,0.02066008719496212,0.25415405980176864,0.2549924024684352,1.0,1.7002514278532421,5167.570643188682,8.99776274468578,1.4015141953987753,9.106260288919906,1.75,2.1965573355431154,157139.50371618406,0.7682683591986441,0.4804226924066993,0.9061138091460027,2.5,3.0549493152998037,18464.498456709123,3.832265623341948,1.2049661329863715,4.017238254011403,1.75,2.3044748268575597,116156.45571262603,0.05207997531416573,1.401514195398786,1.4024815021001278,1.75,2.1965573355431176,157139.50371618642,-0.2774789641986484,0.4804226924067005,0.5547977459868217,2.5,3.0549493152998015,18464.498456709214,-0.020582446658026454,1.204966132986376,1.205141908139689,1.75,2.3044748268575517,116156.45571262686,0.04944445488179735,0.20782877811400333,0.21362948094988604,0.75,3.2020612409966445,3455.428316556228,0.006313034335005863,0.15222664276855102,0.1523574913520796,1.75,3.471941187223269,1853.8617061882587,0.009137108082703294,0.28313522037901523,0.28328261465043797,2.5,2.4411994689138354,6413.304930148327,9.673872531813817,5.757471202390236,11.257543444647892,1.75,2.207407166177621,2651878.049893864,-1.7573657674452847,3.2262774890343344,3.673853682012696,1.75,2.3146648859498513,832716.9230162137,7.602859841045545,3.4511351090296767,8.349479702553948,4.25,3.6503895828077053,952833.2667473131,3.740912061813843,5.757471202390248,6.866068576745889,1.75,2.207407166177633,2651878.049893875,0.5834522875547041,3.2262774890343318,3.2786099200884644,1.75,2.3146648859498535,832716.9230162122,0.2166901160455695,3.4511351090296762,3.457931194684058,4.25,3.650389582807707,952833.2667473131,-0.1812228510720169,1.1672089658468996,1.1811936723941843,1.75,5.44300631909216,108990.24830873939,0.2500800320793121,3.796028652851577,3.8042572935745222,1.75,2.1821178096272584,1152788.2698948071,0.13725179462131437,1.9110883804929581,1.9160106610303527,1.75,2.7035061607001736,292181.8152205434,9.361445719967174,5.128139789515392,10.674009727778154,0.75,2.178047706249869,2103829.3236041884,-0.6008612925855572,1.9762191448615563,2.065545061586633,0.75,2.248286123135954,312435.72136481025,7.86168196559234,3.650734897794673,8.667981807900599,4.25,2.938695802512431,1066229.228981271,3.1037742499672163,5.128139789515383,5.994266618659069,0.75,2.1780477062498607,2103829.3236041814,-0.5484170325855595,1.9762191448615558,2.0509030572280325,0.75,2.248286123135954,312435.72136481,0.12157234559237587,3.650734897794668,3.6527585643166556,4.25,2.9386958025124055,1066229.228981268,0.050341436909665124,0.8137778457647982,0.8153334548071269,7.75,6.063653427621647,52978.76362039898,-0.09790501520355993,3.751938396448666,3.753215571046752,1.75,2.002544727862928,1126164.0748535108,-0.012239401173630048,0.6630235262510044,0.663136486180187,4.25,5.377520115654717,35168.01585849622,4.0,CIPN_10_2,CIPN_10,neuro,gait_full,4.0,0.5
9.570664833791444,1.3418633819199581,9.664275590881596,1.75,2.3481547596874632,144048.73265832968,0.8544145895981785,1.1877341362469946,1.4631256505593146,0.75,1.1612370360954885,112857.04043908839,1.4546037055074208,0.42416544358783986,1.515185884177248,1.75,1.8473706113131252,14393.32406566159,0.10003316620850691,1.341863381919955,1.3455868496976917,1.75,2.3481547596874406,144048.732658329,-0.4658699195981796,1.1877341362469924,1.2758319483352043,0.75,1.1612370360954891,112857.04043908801,0.23030099050742772,0.42416544358783936,0.48265398554530853,1.75,1.8473706113131259,14393.324065661562,-0.04280002934069465,0.14465022603849123,0.15084936328851684,1.0,1.806205581635458,1673.9226273536299,-0.009486299601661037,0.15946470027344561,0.15974661346467509,1.75,2.6506160712796993,2034.3262638142855,0.00847425473605143,0.24835199557680143,0.2484965325720081,0.75,1.284567349188847,4934.297120177938,9.077624101195234,1.277986316163702,9.167142867158898,1.75,2.4663770772519378,130660.69685338369,0.8251736534327365,0.5138256948239168,0.9720742785306126,0.75,3.0178903083303497,21121.439366319475,3.781694611754185,1.0674709124932438,3.9294666668124054,1.75,1.9691455707780599,91159.54719926215,-0.027781381195274894,1.2779863161637035,1.2782882419246413,1.75,2.4663770772519316,130660.696853384,-0.3343842584327401,0.513825694823917,0.6130494898039592,0.75,3.0178903083303603,21121.439366319497,-0.07115345824578972,1.0674709124932436,1.0698396906263543,1.75,1.9691455707780576,91159.5471992621,0.00772820321800962,0.24157786613311477,0.24170144916902747,0.75,2.4938391737772023,4668.789251593781,-0.008639740979487574,0.1471516272783179,0.14740504243359392,1.75,3.520922684842464,1732.3077342412143,0.012769189611831915,0.2683796048629446,0.2686832047407005,2.5,2.2875538188193714,5762.214542621224,8.615723162489326,5.065141626880143,9.994315650058741,0.75,2.1674083953260506,2052452.783028341,-1.8901718419792883,2.6134786928169933,3.225371369318546,0.75,2.082545627582671,546421.6758930956,7.657333632972405,2.8661958100317433,8.17617494847645,3.25,3.356779980386507,657206.2914739144,2.6827626924893617,5.065141626880157,5.73174278597417,0.75,2.1674083953260497,2052452.7830283523,0.4506462130207036,2.6134786928170004,2.6520469240038644,0.75,2.0825456275826792,546421.6758930987,0.2711639079724344,2.8661958100317433,2.8789943185825155,3.25,3.3567799803865217,657206.2914739144,-0.1256723641554685,1.0361430245017222,1.0437365138462873,1.75,5.200844272369991,85887.38943586571,-0.08896966968971669,3.408199936280921,3.409360996989021,1.75,2.0554521453477306,929266.6988194799,0.024654539849711485,1.7270096614348345,1.7271856347898629,1.75,2.571911367089312,238605.02257597746,9.543844993802283,5.319738112933844,10.92632558804312,0.75,2.16715512848381,2263969.134055128,-0.6878212994841058,2.196423089468079,2.30160216544313,0.75,2.248761906406644,385942.06607195747,7.346413204558054,3.7410468759146687,8.244102055402749,0.75,2.8672745946229274,1119634.8843084825,3.286173523802339,5.319738112933843,6.2528833364089245,0.75,2.1671551284838033,2263969.134055128,-0.6353770394841074,2.196423089468072,2.286477284000884,0.75,2.2487619064066355,385942.0660719549,-0.39369641544191536,3.7410468759146585,3.761705543410149,0.75,2.8672745946229146,1119634.8843084767,0.004569035931057489,0.9653474608250985,0.9653582734978783,1.75,5.646103896664575,74551.93283281534,0.048405487430586994,3.648246052856454,3.6485671644353883,1.75,2.080410500280705,1064781.7764612532,-0.13135889771341808,0.749791826672895,0.761211497124131,0.75,4.140885681488284,44975.10154625707,4.0,CIPN_10_2,CIPN_10,neuro,gait_full,4.0,0.5
9.71251305263146,1.6122024537679147,9.845410430727192,1.75,1.944528912094439,207935.76865886754,0.6468595217290634,1.2871094182977805,1.4405130667655894,1.0,1.2885612716997656,132532.2375514131,0.7566977394232971,0.8410110390991615,1.1313226934588465,0.25,1.193700725552558,56584.80290989062,0.036964152368491245,1.6122024537679172,1.6126261502578998,1.75,1.9445289120944345,207935.76865886824,-1.2823317017290585,1.287109418297781,1.8168723807494556,1.0,1.2885612716997616,132532.23755141319,0.3991428594233007,0.8410110390991612,0.9309213662363001,0.25,1.1937007255525542,56584.80290989056,-0.00484659290128913,0.22558837804995868,0.22564043470522283,0.25,1.5555926328858825,4071.2868791652163,0.17311562502078048,0.20937332112525842,0.27167297846005234,0.25,1.9861237686965199,3507.010965766919,0.012572562685014032,0.2755308541462307,0.2758175500562284,1.0,1.6426876732541942,6073.390965538373,8.93814246128643,1.4732261153074135,9.058740853180161,1.75,2.222347133466994,173631.84919103337,0.6779561292632346,0.6894464210782929,0.9669337519929969,1.0,2.7323611408506423,38027.02733582444,4.2520112169647994,1.3196156817776612,4.452076474723677,1.75,2.329236385731178,139311.81564789612,0.04249561371351273,1.473226115307409,1.4738388867202028,1.75,2.2223471334669815,173631.84919103235,-0.11459235426323769,0.6894464210782915,0.6989046967886653,1.0,2.732361140850641,38027.02733582427,0.2015456019648156,1.3196156817776523,1.334918041403613,1.75,2.3292363857311678,139311.81564789423,0.044056021517105505,0.24005224312559278,0.24406149319698994,2.75,2.8061229955183054,4610.008558231806,-0.0483429890856986,0.17016433986404597,0.17689812648840159,1.75,2.811878014673206,2316.4730107248033,0.011858267043176426,0.32500624281504636,0.3252225028592274,2.75,2.979299656398313,8450.434567716042,9.595552167582019,6.317115609444553,11.488279724304942,1.0,2.034832366558242,3192477.894328488,-1.5954486097000808,2.9506754163056663,3.3543914021152244,1.0,1.9963225902679238,696519.2205467046,7.559101824332611,4.063858299633398,8.582247064150964,1.75,3.206406687993485,1321195.5477389824,4.422140757582063,6.317115609444566,7.7111139599254175,1.0,2.034832366558234,3192477.894328501,0.6400149502999091,2.950675416305662,3.019288748860894,1.0,1.9963225902679185,696519.2205467024,-0.39450282566735695,4.063858299633401,4.082961763102713,1.75,3.206406687993479,1321195.5477389842,-0.1459498101954271,1.1329870272122748,1.1423488744369599,6.25,5.566023868088211,102692.95886342756,-0.05297816369998566,3.9253594151270823,3.9257169057072687,1.75,2.193394880689825,1232675.7624416163,0.06505072587433834,1.5634156813243738,1.5647684140305664,1.75,2.7634244163373176,195541.57407966405,9.98688391053813,5.779840876838079,11.538821898449328,2.75,2.3211912587049066,2672546.853606647,0.08908436046975066,1.9650184728300404,1.9670367616909472,1.0,1.7393422670351688,308904.9347727593,7.5470167410992595,4.267568725877411,8.670040629692542,1.0,2.750976074492941,1456972.4106061673,3.7711354755381605,5.779840876838066,6.901305915291007,2.75,2.321191258704904,2672546.853606635,0.15125523546974873,1.9650184728300417,1.9708312319476566,1.0,1.7393422670351693,308904.9347727598,-0.20709665390069815,4.267568725877409,4.272590766050945,1.0,2.7509760744929324,1456972.4106061663,0.10318653233817965,0.6859471927924461,0.6936649131647177,1.0,5.697866808977619,37641.901901079094,-0.39474590645299557,3.961230002564661,3.9808500931182804,1.75,2.114097478369594,1255307.4629096673,-0.02850469878883489,0.8291858169435167,0.82967562147705,1.75,3.0844063582409347,55004.040608947216,4.0,CIPN_10_3,CIPN_10,neuro,gait_full,4.0,0.5
9.5939902701728,1.8292233328773846,9.76681664134806,1.75,2.0133217350336468,267685.0005698856,0.5579426149951754,1.2941975192932564,1.4093428186826913,1.0,1.3208179737467454,133996.37243505134,0.9093043028635677,0.6589046817416848,1.1229379746127164,0.25,0.8232809386958491,34732.466649666545,0.1554869348271592,1.8292233328773833,1.835819759247892,1.75,2.0133217350336503,267685.00056988525,-1.1934147949951701,1.294197519293258,1.7604505366122012,1.0,1.3208179737467445,133996.37243505166,0.5517494228635703,0.6589046817416855,0.8594084042243215,0.25,0.8232809386958497,34732.46664966662,0.007570711920022646,0.2039896331074857,0.20413007150908116,1.0,1.1312881905009464,3328.941978991081,0.07583222919377619,0.1897101543906547,0.20430484493379847,0.75,1.9564880729769165,2879.2253268071245,0.031261108323091646,0.23106041835041283,0.23316555024672034,1.0,1.8257680935771747,4271.151220888563,8.870278688185644,1.6214658723470883,9.017260979990915,1.75,2.155035301059317,210332.46941848556,0.7355545175899068,0.6139859490908723,0.9581331817800381,2.75,2.967069306547227,30158.322415911094,4.132076420830645,1.4872454953346341,4.391577701803505,1.75,2.1842702577741275,176952.0044952824,0.11035938681429906,1.6214658723470803,1.6252171453206818,1.75,2.1550353010593146,210332.46941848344,-0.17219074258990955,0.6139859490908706,0.637674209541739,2.75,2.967069306547223,30158.322415910923,0.08161080583066277,1.48724549533463,1.4894829596277626,1.75,2.1842702577741253,176952.00449528138,0.0462910189673936,0.22916954767740566,0.2337980753122367,2.75,3.6208471084358655,4201.5378417828415,-0.04827699356986729,0.17090063236737857,0.1775885532677005,1.75,2.990687742710479,2336.574345169707,-0.006146245316827865,0.3629769796840497,0.3630290127690205,2.75,2.2329246667409435,10540.184173134758,10.315383551492745,6.555840430750321,12.222363992610745,2.75,2.6334331885882083,3438377.055518139,-1.6221853581902843,2.984537111909514,3.3969025756845204,1.0,2.1289374585303182,712603.5481351066,7.836424193175942,4.15431625832244,8.869491964569074,4.5,3.2696541733997724,1380674.178644259,5.141972141492768,6.555840430750317,8.331801801372151,2.75,2.633433188588206,3438377.055518136,0.6132782018097082,2.9845371119095097,3.046895456883959,1.0,2.128937458530304,712603.5481351044,-0.11718045682403158,4.154316258322438,4.155968579479834,4.5,3.269654173399771,1380674.1786442578,-0.22731964754603148,1.0419289915878485,1.0664381115056432,8.25,6.057170314521401,86849.6212344422,0.06822696391280239,4.411836753508889,4.41236427079821,1.75,2.1747007587780844,1557144.6040750362,0.10262127715089818,1.8062626536756243,1.8091754753443319,1.75,2.5460966220798413,261006.78820958742,11.170738897870542,6.434613430225757,12.89145676488269,1.0,2.250607877548743,3312340.0760292136,-0.20623227109921846,1.9630179285639933,1.973821455326295,1.0,1.9998777761770992,308275.48992120055,7.116966936132834,5.0031327556169805,8.699572158464779,1.75,2.894717971963123,2002507.0735149495,4.954990462870573,6.43461343022575,8.121341052041831,1.0,2.2506078775487466,3312340.076029206,-0.14406139609922256,1.9630179285639935,1.9682969983490115,1.0,1.9998777761770916,308275.48992120055,-0.6371464588671253,5.003132755616996,5.043539727252541,1.75,2.894717971963122,2002507.0735149623,0.08679051443145663,0.8387111481776236,0.8431897671774158,8.25,6.229914283768304,56274.980204350584,0.000587937164071164,4.144635087053838,4.144635128754747,1.75,2.2258612064369356,1374244.5565462955,-0.09340733201621539,0.8105204689054054,0.8158850165244033,1.0,4.888376396410128,52556.160787167566,4.0,CIPN_10_3,CIPN_10,neuro,gait_full,4.0,0.5
9.688023187596926,1.7835747351895666,9.850834082422779,1.75,2.054118749777134,254491.6028057047,0.40122404130852546,1.4788582636752339,1.53231931899473,0.75,1.3925745317253304,174962.8923352597,0.34244324565605616,0.6673096819062513,0.7500463906061252,0.5,1.6405840628940065,35624.87945255635,0.06145401740303587,1.783574735189561,1.7846331366030064,1.75,2.054118749777139,254491.60280570298,-1.0366962213085211,1.4788582636752328,1.806034556512109,0.75,1.3925745317253244,174962.89233525944,-0.015111634343942448,0.6673096819062513,0.6674807660587436,0.5,1.640584062893995,35624.87945255634,0.006675461887057262,0.18248883857075704,0.18261089232110272,1.25,2.005053720159702,2664.2332399671636,0.052937348274432416,0.18529836217904597,0.19271182078057755,1.75,2.2051007316772937,2746.8605384453786,0.03162918986514641,0.2841234090890457,0.28587850084241506,0.75,1.200618466581722,6458.091756549494,8.908325816424806,1.5968464652649939,9.050314220247271,1.75,2.1894473876300795,203993.76127631383,0.7519276576900435,0.5469345258130335,0.9298024402665133,1.0,3.0693560024868427,23931.03679680513,4.139329560592755,1.425091409513319,4.377777374041041,1.75,2.1654694567595802,162471.33058451617,0.0723122585751324,1.596846465264993,1.5984829359018942,1.75,2.189447387630064,203993.7612763136,-0.18856388269004654,0.5469345258130327,0.5785271932947255,1.0,3.06935600248684,23931.036796805067,0.08886394559277998,1.4250914095133214,1.427859351019904,1.75,2.165469456759575,162471.3305845166,0.07225835283638705,0.2238553582982844,0.2352285930610501,1.0,3.038645826937136,4008.9114772664993,-0.030178259105574357,0.16543266179697808,0.16816269774202755,1.75,3.082215734607611,2189.439230007902,0.009503988804993195,0.362403366206496,0.3625279653226839,2.75,2.118662192766873,10506.899343715695,9.846384606371885,6.11768043710978,11.592122486723168,1.0,2.21052343070767,2994082.895101191,-1.7616232217642578,2.9051581722560234,3.3975373995417684,1.75,1.8883829684020277,675196.5832725256,7.720315230356086,3.97891206608034,8.685332951917724,1.0,3.0443291481731176,1266539.29975777,4.672973196371897,6.117680437109777,7.698226576595797,1.0,2.2105234307076747,2994082.8951011864,0.47384033823573374,2.905158172256016,2.9435469542654267,1.75,1.8883829684020161,675196.5832725222,-0.2332894196438794,3.978912066080334,3.9857452481207893,1.0,3.044329148173119,1266539.2997577658,-0.1405163697196754,0.9190879811846325,0.9297674802429047,3.5,6.089224268540758,67577.82752403789,-0.2542174891459172,4.025609282180541,4.033628220915481,1.75,2.229767261549594,1296444.3183512508,-0.07722611405123829,1.6695241534907856,1.6713092986579652,1.75,2.5213316367860528,222985.06548956595,10.960676292251401,6.341873640534044,12.663166509843517,1.75,2.4743641615573235,3217569.2372789388,-0.2936194662383615,2.203672100651957,2.223147120220771,1.75,1.8940180226452097,388494.02607416647,7.184454923984853,4.95123617449445,8.725315593741731,1.75,2.909150562323853,1961180.4944474236,4.744927857251421,6.341873640534031,7.920460948898171,1.75,2.4743641615573315,3217569.237278924,-0.23144859123836525,2.203672100651958,2.2157931260787946,1.75,1.894018022645213,388494.0260741668,-0.5696584710150993,4.951236174494464,4.983899119085562,1.75,2.909150562323847,1961180.494447435,0.05574425636456731,0.9376385815699486,0.9392941667902255,1.75,5.6730869428639075,70333.29064751418,0.3287616968807815,4.199314732073828,4.212164345363108,1.75,2.05111330442639,1410739.5957471794,-0.033013882405117496,0.8370079721417116,0.837658797996081,4.5,5.306410187363515,56046.590053631764,4.0,CIPN_10_3,CIPN_10,neuro,gait_full,4.0,0.5
9.728643428913612,1.3909262870460237,9.827572380956532,1.75,2.0802214888682706,154774.10614166892,-0.2971489600642851,1.4908907666769364,1.520214715962791,1.0,1.4986112902025657,177822.65302610304,-0.5531290612919214,1.1989220258832518,1.3203657760611955,0.25,0.5856752607452996,114993.44328114112,0.020833776086342938,1.3909262870460195,1.3910823060558428,1.75,2.080221488868276,154774.10614166796,-0.3383232199357109,1.4908907666769353,1.5287962190266589,1.0,1.498611290202566,177822.65302610278,-0.9106839412919204,1.198922025883254,1.5055760575523882,0.25,0.5856752607453025,114993.44328114152,-0.7746080284263112,0.9678189780595204,1.2396334829273818,0.25,0.3790308964370222,74933.95490163477,0.24324532369122331,0.30534210069602197,0.39038709757765766,0.25,0.9935434360997716,7458.719683874417,0.17607586613754203,0.33772237397965654,0.380866265928791,0.25,1.4080505268681833,9124.612812509191,8.9382701552313,1.232446468711369,9.022837561772777,1.75,2.1992550047490735,121513.94646816976,0.5759225325798472,0.919896271764123,1.0853091330762488,0.75,1.5420146113158104,67696.7994577326,4.213668799411175,1.164081285820984,4.371508891804962,1.75,2.102256008393579,108406.82652786479,0.04236791976864471,1.2324464687113708,1.2331744965189029,1.75,2.199255004749077,121513.94646817012,-0.012558757579851374,0.9198962717641197,0.9199819961268136,0.75,1.5420146113158077,67696.79945773212,0.16320318441119996,1.1640812858209832,1.1754660860274064,1.75,2.102256008393574,108406.82652786473,-0.5754556288560074,0.854737232789176,1.0304003677688403,0.25,0.6237809737095833,58446.273616408514,-0.07693863364133485,0.17674641165707564,0.19276630250188437,1.75,2.431055185596689,2499.146551232734,-0.3001400279711159,0.5365909062109347,0.6148282988109561,0.25,1.0804459448359063,23034.396222761192,8.79332059005173,5.3001956617166455,10.26715934676713,1.75,2.5901502158578555,2247420.104088436,-1.0081744770416288,3.067394186558475,3.2288268569080767,1.0,2.056829145723268,752719.78676343,7.418594384080146,3.477114280242795,8.193037675573928,3.5,3.213008169700537,967232.5907517339,3.6199091800517547,5.300195661716641,6.418396725374871,1.75,2.590150215857832,2247420.104088432,1.2272890829583665,3.067394186558479,3.303807740907685,1.0,2.0568291457232593,752719.7867634321,-0.5350102659198079,3.477114280242798,3.5180334993441975,3.5,3.2130081697005313,967232.5907517358,-0.5555664728589107,1.6148774150815692,1.7077714049325867,0.75,2.527281884647797,208626.64889059903,0.022387020297188087,3.146119917129212,3.146199566403076,1.75,2.0741514782694805,791845.961333228,-0.5055216149730172,1.6982069738117904,1.7718518643238566,0.75,2.0645344574385667,230712.56591007006,10.014680378114369,5.433534894671242,11.393731808648075,0.75,2.2449307944878316,2361869.641994832,1.0480624287353635,3.1364098376412826,3.3068869838837385,0.75,1.528494710481446,786968.8039959157,7.295404108626728,3.8484149728548487,8.248225197668958,1.75,2.758233057834228,1184823.832467798,3.7989319431143946,5.433534894671239,6.629870689540249,0.75,2.2449307944878343,2361869.6419948293,1.110233303735361,3.1364098376412843,3.3271135625908776,0.75,1.528494710481454,786968.8039959164,-0.4587092863732232,3.848414972854838,3.8756563331516296,1.75,2.758233057834221,1184823.8324677916,-0.5375174825125323,1.5692136235647727,1.6587213269226073,1.0,2.4244391858786494,196994.63493736478,0.22476561917500676,3.9012419363379576,3.9077113800030143,1.75,2.0671375055191983,1217577.3527212318,-0.24917553977785925,1.4609672147221822,1.4820639838133434,1.75,3.0137278080960526,170754.85755622998,4.0,CIPN_10_3,CIPN_10,neuro,gait_full,4.0,0.5
9.492268398048815,1.3515061448139725,9.587999176056812,1.75,2.3791226850496336,146127.29119775395,-0.07677238823401257,1.553147832179697,1.5550441113356386,0.25,0.8556830880104965,192981.79292126608,0.4722840719346941,2.0235167866835067,2.077900967465283,0.25,0.3942305868463348,327569.98307801934,0.2572088069511325,1.3515061448139678,1.375763507963174,1.75,2.3791226850495977,146127.29119775296,-0.5586997917659828,1.553147832179697,1.6505797908383117,0.25,0.8556830880104974,192981.79292126602,0.11472919193469636,2.023516786683509,2.026766630244326,0.25,0.3942305868463334,327569.9830780202,-0.7475641624458993,0.9966992332896483,1.2458978845048303,0.25,0.36256784887146287,79472.75735634104,0.2536741459353968,0.3459139676267875,0.42896042394999473,0.25,0.7746728774733357,9572.520046975582,0.12742221493164607,0.3402588588995067,0.36333526104368263,0.25,0.812337045624971,9262.087295102996,8.898788079799834,1.1737645013577696,8.975864994184976,1.75,2.4128479019024915,110218.58737405234,0.464234545962936,0.9596383323442773,1.0660297568876391,0.75,1.7082936477168322,73672.86759748326,4.266034936119377,1.1006641827551975,4.405736682938645,1.75,2.1826925726048056,96917.39155911622,0.0818499952001221,1.1737645013577582,1.1766148589754795,1.75,2.412847901902465,110218.58737405027,0.0991292290370596,0.9596383323442753,0.9647446983290364,0.75,1.7082936477168302,73672.86759748294,0.21556932111939775,1.1006641827551913,1.1215755772162799,1.75,2.1826925726048136,96917.39155911513,-0.6665534144125169,0.821478453849349,1.0578848256798572,0.25,0.5403917261264103,53986.16331626503,-0.11368981341290244,0.18125055322938502,0.21395592237612565,1.75,2.426038586652577,2628.142716242221,-0.33982691422204914,0.4989038046780831,0.6036450430111614,0.25,1.0096009048661174,19912.43808941975,8.985641280551917,5.630439549704195,10.60394260384466,2.5,2.1035814601099183,2536159.8537574257,-1.0917750194524958,3.105718604736794,3.2920298821409193,0.75,1.9758882721371385,771641.3599351947,7.418485420880313,3.6099861676506357,8.250207638019948,1.75,3.131324483899243,1042560.108116417,3.812229870551938,5.630439549704189,6.799628380198549,2.5,2.1035814601099116,2536159.8537574196,1.1436885405474957,3.1057186047367957,3.3096089692874493,0.75,1.9758882721371371,771641.3599351955,-0.5351192291196482,3.609986167650655,3.649431835231707,1.75,3.131324483899255,1042560.1081164278,-0.7540684489843354,1.7232662270209,1.8810278347075273,0.75,3.037518165049518,237571.75209761484,0.3828320966593419,3.543784241446659,3.5644027780482745,1.75,2.1110772087446117,1004674.3200280569,-0.3614046118252257,1.7170139587765376,1.7546367795307436,0.5,2.22994193731063,235851.09077766212,9.508745812359328,5.0604568923500155,10.771465586603979,0.75,2.13161334691248,2048666.125935186,0.8651979310948767,3.1679605249185303,3.283982543713189,1.0,1.5190655196799776,802877.996114183,7.118019696304157,3.8040519053832482,8.070750602999937,0.75,2.60666791736892,1157665.7379286564,3.292997377359366,5.060456892350032,6.037553783332171,0.75,2.131613346912489,2048666.1259351994,0.9273688060948784,3.1679605249185263,3.3009069647537634,1.0,1.519065519679975,802877.9961141807,-0.6360936986957982,3.8040519053832345,3.856867393672009,0.75,2.606667917368933,1157665.737928648,-0.6086597572529036,1.586398750524921,1.6991549946270923,1.0,2.621055433534741,201333.17970643283,-0.11417063043025638,3.5285689362212893,3.5304155096133774,1.75,2.1265897432257614,996072.222953565,-0.36317250577558124,1.4763568166848273,1.5203695995129183,1.75,2.5967153996083643,174370.36348779945,4.0,CIPN_10_3,CIPN_10,neuro,gait_full,4.0,0.5
9.424478744588814,1.8112149982486456,9.59694218889992,1.75,1.9551438343069505,262440.0302408278,0.5962500656390902,1.5294181172552421,1.641534013708881,1.0,1.6177877144265997,187131.8888750984,0.8904957543339392,1.6940858558403213,1.913872925626204,0.25,0.8582645558211969,229596.8972544183,0.32499846041113173,1.8112149982486487,1.8401423230691853,1.75,1.955143834306962,262440.0302408288,-1.2317222456390855,1.5294181172552426,1.9637360993246427,1.0,1.6177877144266062,187131.8888750985,0.5329408743339424,1.6940858558403211,1.7759371786451401,0.25,0.8582645558211979,229596.89725441826,0.06140900205844625,0.1974240760832353,0.2067542777093943,2.0,2.532242350723849,3118.2075103200405,0.007018649820267684,0.28118691496382464,0.28127449687480144,1.0,1.2320930404924937,6325.305363204428,-0.025000699194069706,0.2981388658327071,0.2991852574579925,1.0,1.6075812746747629,7110.986837508555,8.827821806513644,1.5750000267747382,8.967221583740319,1.75,2.079661468137746,198450.01817872687,0.6398398332806443,0.6511326765819246,0.9128903410406662,2.75,2.8226171114724843,33918.03835505226,4.308780006269969,1.3775480875945938,4.523629502519781,1.75,2.110657129247042,151811.10584036278,0.15281626848630356,1.5750000267747308,1.5823962513398724,1.75,2.0796614681377505,198450.018178725,-0.0764760582806486,0.6511326765819263,0.6556083815837689,2.75,2.822617111472477,33918.03835505244,0.25831439126999184,1.377548087594592,1.4015580824113942,1.75,2.110657129247032,151811.1058403624,-0.021849854049406474,0.34668830574706083,0.3473761613348675,1.0,2.4956233190393875,9615.634036460966,-0.05977094800475759,0.17965757707370858,0.18933940748133488,1.75,2.963500842084818,2582.1511181644273,-0.02560800334989613,0.33787267799989923,0.3388417276168799,2.75,2.212128442477344,9132.657588199387,10.165546644827517,6.3050699845752805,11.96211712442894,2.75,2.7624316453409277,3180372.5108206943,-2.098691803814591,3.1220793428526794,3.761899348795228,1.75,2.084007872519657,779792.8919680235,7.566785370316608,4.0841128121374215,8.598617232014837,1.0,3.2782110456482116,1334406.323144084,4.992135234827538,6.3050699845752725,8.0420968480365,2.75,2.7624316453409277,3180372.5108206854,0.13677175618539553,3.122079342852672,3.12507374894696,1.75,2.084007872519658,779792.8919680198,-0.3868192796833537,4.084112812137439,4.102390354098441,1.0,3.278211045648217,1334406.3231440962,-0.33340253193053043,1.192363200648862,1.2380982394621547,2.75,5.714206363979827,113738.82472625547,0.13137303206524842,4.436618728520062,4.438563350433222,1.75,2.1127775225319363,1574687.0323321682,0.04666775917657768,1.6215073522082573,1.6221787734439124,1.75,2.7699595408990008,210342.96903701517,10.552527757316573,6.1422357929562255,12.209950966535834,1.75,2.3274186690711414,3018170.971587944,-0.4653328151605185,2.216092216167025,2.264420309797033,1.0,2.49910704056782,392889.13649856707,6.984940667961585,4.941088465589199,8.555919083285106,1.75,2.6963592777800174,1953148.429131567,4.336779322316618,6.14223579295624,7.5189570704151345,1.75,2.3274186690711507,3018170.9715879587,-0.403161940160518,2.2160922161670196,2.2524662618006173,1.0,2.4991070405678126,392889.1364985653,-0.7691727270383761,4.94108846558919,5.000598155100866,1.75,2.6963592777800245,1953148.42913156,-0.0040719877570157955,1.0300315134744034,1.0300395622667429,1.75,5.3023083010674155,84877.2804424015,-0.055015719039341986,3.9369539311918524,3.9373383123206973,1.75,2.2708928964729136,1239971.9493661872,-0.09563375676979252,0.8774928888318942,0.882688838370831,1.75,4.460553977640599,61600.259052791596,4.0,CIPN_10_3,CIPN_10,neuro,gait_full,4.0,0.5
9.558594120508413,1.8333252159741178,9.73282091215823,1.75,2.2458137246232415,268889.1742123427,1.177819406744377,1.407319834924956,1.8351587595292351,1.0,1.4722892344305942,158443.9940993934,-0.373798606284103,1.4109027677367285,1.4595793976577975,0.25,0.49035945762175637,159251.75041420205,0.19088308449152572,1.8333252159741305,1.843235660318992,1.75,2.2458137246232375,268889.17421234655,-1.8132915867443744,1.4073198349249585,2.2953377739084817,1.0,1.4722892344305942,158443.99409939392,-0.7313534862841011,1.4109027677367274,1.5891899011468287,0.25,0.4903594576217546,159251.75041420176,0.021861963566702426,0.16249600114044777,0.16396004341798712,1.0,2.0625919510269792,2112.405590622926,0.1228883421812878,0.29494090559489566,0.3195178906371323,0.25,0.9069835696636478,6959.212143860912,0.016402063270155715,0.26604269088402194,0.2665478213235468,1.0,1.7190291218469813,5662.297391805218,8.824341405618986,1.654734059291617,8.97814825283596,1.75,2.2292850699891114,219052.7563212425,0.7892290057211523,0.5570501687893823,0.966016207948851,2.75,3.486079889602719,24824.970923505778,4.349294482873757,1.479617205237921,4.594086369757559,1.75,2.322203022534841,175142.5079295845,0.1562966693809628,1.6547340592916122,1.6620991113165542,1.75,2.2292850699891242,219052.75632124115,-0.22586523072115672,0.5570501687893828,0.6010989876858895,2.75,3.4860798896026983,24824.97092350582,0.29882886787377816,1.4796172052379213,1.509491890110974,1.75,2.3222030225348416,175142.50792958456,0.05441010465728773,0.24478578683154778,0.25075992686942017,1.0,2.712575503011286,4793.616900203881,-0.027132374532781632,0.16173777304240253,0.16399778344996876,1.75,3.1729942084632925,2092.72924036494,0.006438623921834717,0.370561617121017,0.37061754945138525,2.75,2.3388084213280536,10985.292183904767,9.980385394865865,6.15118335939194,11.723700326727572,2.75,2.2618566215298848,3026978.0823036777,-2.188369650562588,3.2268761973267233,3.8989346904477893,1.0,1.9454599976010454,833019.4371385386,7.592526486477868,3.9674882109062586,8.566645851880892,3.75,3.1747333913957867,1259278.8151590333,4.8069739848658966,6.151183359391923,7.806667381926657,2.75,2.2618566215298794,3026978.0823036605,0.047093909437402305,3.2268761973267206,3.2272198296955006,1.0,1.9454599976010383,833019.4371385374,-0.3610781635220816,3.9674882109062586,3.9838850565563035,3.75,3.1747333913957894,1259278.815159033,-0.155012735588406,0.9202001068376207,0.9331651433795465,2.75,6.472193035724864,67741.51420291577,-0.13740482873788143,4.269364627921303,4.271575167675982,1.75,2.249941247042509,1458203.0801950789,-0.0911559541798513,1.6032955963976712,1.6058848580799943,1.75,2.6575465972744934,205644.95442253948,11.27064685698387,6.561463406575782,13.041483144591853,2.75,2.4573707559313003,3444233.063401429,-0.07970408758189755,2.3294335328181752,2.3307967147297566,1.0,2.1777404179900093,434101.4254350239,7.151469388915064,5.181425134256335,8.831233257167002,1.0,2.8168014460662953,2147774.0163488877,5.054898421983914,6.561463406575798,8.282801464022224,2.75,2.4573707559313034,3444233.063401445,-0.017533212581901072,2.3294335328181788,2.3294995164973153,1.0,2.1777404179900186,434101.4254350254,-0.6026440060848951,5.1814251342563225,5.216353728417313,1.0,2.8168014460663002,2147774.0163488775,0.0813140990187643,1.0377880368604473,1.040968775780472,2.75,5.76057720732977,86160.54760360972,0.29383278172326305,4.358325576568257,4.368219263611232,1.75,2.2324047261501594,1519608.5772644412,-0.014524080716442995,0.9061821729500529,0.9062985597986666,5.5,5.3397542611502375,65693.35461547156,4.0,CIPN_10_3,CIPN_10,neuro,gait_full,4.0,0.5
9.530374980695028,1.5890567321646767,9.661943312330889,1.75,2.0229855232891625,202008.4045707439,1.030673365239133,1.174635420365763,1.562707892279044,1.0,1.4433202578420825,110381.59582620845,0.7916084921746027,1.6000711973492452,1.7851811788918217,0.25,1.072085832341617,204821.2627550888,0.21910222430490883,1.5890567321646856,1.6040907339465769,1.75,2.022985523289163,202008.40457074612,-1.6661455452391305,1.1746354203657658,2.0385802286635815,1.0,1.443320257842084,110381.59582620901,0.43405361217460464,1.6000711973492454,1.6578993862199447,0.25,1.0720858323416167,204821.2627550889,-0.017344719667919315,0.1561369417825244,0.15709737072770547,1.0,2.196073006680439,1950.3334665636742,0.23135946210285283,0.20123308557373032,0.3066299976095712,1.0,1.506155621492995,3239.5803981466292,0.040458874113731884,0.2094472043621495,0.213319131607249,1.0,1.6765851427378282,3509.454665654448,8.923650897086395,1.51479282957708,9.051306129482583,1.75,2.1407111043357765,183567.9997198368,0.8571946880602573,0.5164990251614509,1.0007766864947698,0.75,2.6470864324432126,21341.70653468863,4.161403303967006,1.3260428498759376,4.3675699305191005,1.75,2.1197034737804494,140671.3549381408,0.05698717791356216,1.5147928295770772,1.5158643920168717,1.75,2.140711104335764,183567.999719836,-0.2938309130602609,0.5164990251614513,0.5942287846129268,0.75,2.647086432443208,21341.706534688677,0.11093768896702418,1.3260428498759376,1.330675321233712,1.75,2.1197034737804503,140671.35493814084,0.04157369031634712,0.24462108607538632,0.24812869136643811,1.0,2.745802123722018,4787.190949009716,-0.051111200334903975,0.15056169961704893,0.1590005666381386,1.75,3.2883498778509628,1813.5071960135833,0.048470957107288964,0.3445055984809299,0.3478987511728094,2.75,2.181212431903047,9494.732711758008,10.047551255805264,6.167905081283957,11.78967087453091,1.0,2.6240772884376575,3043506.3039898244,-1.575446118026938,3.099363365352839,3.4767921625109293,1.0,1.9823583938490124,768486.3042325597,7.176087404627721,4.109412622390294,8.269431814817588,4.5,3.452252590119687,1350993.7197382608,4.874139845805291,6.1679050812839336,7.861316195663102,1.0,2.624077288437636,3043506.3039898016,0.6600174419730517,3.0993633653528376,3.1688604093900876,1.0,1.9823583938490117,768486.304232559,-0.7775172453722314,4.109412622390283,4.182320548201895,4.5,3.4522525901196857,1350993.7197382532,-0.1229072871110726,1.05731733019586,1.0644370051616512,2.75,6.202034451802609,89433.98702876548,-0.14851963614717362,3.850154141022701,3.853017647501182,1.75,2.12035072379322,1185897.0409119416,-0.0507860978952101,1.5556974452464305,1.5565261863796873,1.75,2.787730560125318,193615.74756129127,10.870707598929869,6.293843351907642,12.56123990057445,2.75,2.355958672836947,3168997.7383830394,0.12834325282634343,2.1798347775559543,2.1836097746594887,1.0,2.1224827899530276,380134.4465166071,7.158378916537738,4.738343579350158,8.584537762087185,1.75,2.8079731774206946,1796154.960893321,4.654959163929903,6.293843351907644,7.8282251472608415,2.75,2.3559586728369464,3168997.738383041,0.19051412782634067,2.1798347775559574,2.1881442572060603,1.0,2.122482789953029,380134.4465166081,-0.595734478462212,4.73834357935015,4.775646494957245,1.75,2.807973177420695,1796154.960893314,0.1154047634759281,0.9796546128150392,0.9864286187265244,2.75,5.6524715041423015,76777.85393782934,0.08956808832403283,4.4713750464399595,4.472272045434174,1.75,2.005898256767073,1599455.6963773011,-0.0682957031740559,0.9093672733252138,0.9119282542321918,1.75,4.8527633953024445,66156.00181080395,4.0,CIPN_10_3,CIPN_10,neuro,gait_full,4.0,0.5
9.683826586679366,1.8009737772903274,9.849873293975184,1.75,2.034177282327458,259480.65116781575,0.1677462094741186,1.3703779950536021,1.3806066203376202,1.0,1.2838123671050656,150235.18333820754,0.5682786511640651,1.0389990496294534,1.1842548925378171,0.5,0.975567734807102,86361.99433881261,0.11245903332057779,1.8009737772903354,1.804481526827808,1.75,2.034177282327445,259480.651167818,-0.1886366044741202,1.3703779950536026,1.3833002630935403,1.0,1.2838123671050645,150235.1833382076,0.5369406061640664,1.0389990496294517,1.169540183011571,0.5,0.9755677348071006,86361.99433881235,0.07278631542581492,0.17324934253022042,0.18791802042491793,1.0,2.1608296726562646,2401.2817031881273,-0.03997154862296301,0.35521049735719706,0.3574524054081399,0.5,1.1668220270326914,10093.999677449652,0.029148031151231112,0.2751333423986479,0.27667302690982504,1.0,1.4289136126928415,6055.871685374465,8.887277401972083,1.6052837101557633,9.031092702973163,1.75,2.163866613578953,206154.8654256423,0.617655776711003,0.5825231772428254,0.8490182038858465,1.0,2.6651621270935566,27146.809301872305,4.414303374968667,1.4076423357688244,4.633306727566014,1.75,2.119220376065658,158516.5775237997,-0.19776088697213556,1.6052837101557633,1.617419289642441,1.75,2.1638666135789615,206154.86542564226,-0.13214416171100493,0.5825231772428249,0.5973234730858815,1.0,2.6651621270935593,27146.80930187225,-0.21145007003130803,1.4076423357688157,1.4234353085282563,1.75,2.1192203760656354,158516.57752379775,-0.02104296521590329,0.22162550162522923,0.2226222570986832,2.75,3.295917135781124,3929.4349446195124,-0.030355979235209753,0.18798605516256411,0.19042122363568376,1.75,2.777116139914145,2827.1006376660885,-0.008148403861550118,0.3192634836175718,0.3193674505285698,2.75,2.352780423421921,8154.347029829747,9.512863413495355,6.532522740319552,11.539862376848806,1.0,2.028199287979176,3413908.555886412,-1.4331172370418668,2.979953196312715,3.3066517910600868,1.0,1.9532019645259764,710410.190055299,7.871992356691674,4.325766733156965,8.982233658366923,1.0,3.0153410116046446,1496980.6611286208,3.5572369384954055,6.532522740319591,7.438265119595343,1.0,2.0281992879791813,3413908.5558864516,0.34004516795812,2.9799531963127106,2.9992918778381688,1.0,1.9532019645259733,710410.1900552971,0.33137399169171095,4.32576673315697,4.338440566846251,1.0,3.015341011604643,1496980.6611286236,-0.1567913625370066,0.9999424021079532,1.0121602338067006,1.0,5.693554981124866,79991.05386231477,-0.06390318650287412,3.9249801017243042,3.9255002759109505,1.75,2.251496806206774,1232437.550978454,0.09067723188269806,1.6668051261544434,1.669269807118262,1.75,2.768752603377707,222259.2902177701,10.173837031570022,6.054809365405035,11.839243066866313,1.0,2.1724879858291697,2932857.498171043,0.09749288288752173,1.797867363208377,1.800508794175569,1.0,2.0979230673274367,258586.31227235903,7.814302068870955,4.821301113707109,9.181953019515744,1.0,2.781234602999883,1859596.4899393588,3.8845675515700577,6.054809365405046,7.19378770288001,1.0,2.172487985829163,2932857.4981710548,0.04760412788752426,1.7978673632083766,1.798497486426315,1.0,2.097923067327428,258586.31227235892,0.10178307387099504,4.821301113707105,4.82237537144922,1.0,2.7812346029998887,1859596.489939356,0.044889912338824035,0.792533578515647,0.793803865765722,8.5,6.458421581374081,50248.79746697359,-0.3157642567333675,4.221844612384561,4.233636616072631,1.75,2.3262390394849204,1425922.0192975088,-0.032617601967383614,0.8723365779784447,0.8729461685792808,1.0,4.043111512288045,60877.754108175395,4.0,CIPN_10_4,CIPN_10,neuro,gait_full,4.0,0.5
9.687489670574777,2.0074949248043636,9.893305412783349,1.75,2.3158444317948943,322406.4235636228,0.46960816822312235,1.3285254440837448,1.4090818596659982,1.0,1.230314455554903,141198.78951490196,0.031865172147900724,1.1072365251299432,1.1076949542982701,0.25,0.7011978962706771,98078.16974602467,0.10879594942516894,2.0074949248043725,2.0104408550680213,1.75,2.3158444317948907,322406.4235636257,-0.49049856322312235,1.3285254440837424,1.4161810251877591,1.0,1.230314455554901,141198.78951490144,0.0005271271478995487,1.1072365251299432,1.10723665060585,0.25,0.7011978962706722,98078.1697460246,0.1289299569795674,0.17062391930627704,0.2138584944447801,1.0,1.4707298607234107,2329.0029469322717,-0.06889442674513856,0.2404977960983497,0.2501712053068951,0.5,1.3939166277208899,4627.135350620963,-0.004272080471437634,0.23294276000914768,0.2329819308706875,1.0,1.7978818761405293,4341.031145887235,8.918904029546447,1.7610930488973453,9.091110923046445,1.75,2.442349433788874,248118.5872007025,0.7152709129978675,0.6104862379402607,0.9403754174239434,2.75,3.025758780833145,29815.518729881645,4.298110164024623,1.4998271321887349,4.552277716543802,1.75,2.294153946486011,179959.62836846203,-0.2293875145464946,1.7610930488973389,1.7759694137862687,1.75,2.442349433788881,248118.58720070063,-0.2297592979978689,0.6104862379402598,0.6522904121102234,2.75,3.025758780833147,29815.518729881565,-0.32764328097535456,1.4998271321887275,1.5351975592795077,1.75,2.2941539464860017,179959.62836846028,-0.008787616718041813,0.23906114866018616,0.23922260555037608,2.75,3.1273439056152608,4572.024594906703,-0.022249281145797453,0.18338359237662624,0.18472837482222743,1.75,3.1959906029814453,2690.386230659979,-0.016720768772587567,0.3743452313604312,0.37471847612659975,2.75,2.2241698737727895,11210.770598559926,10.82132903984867,6.771853741382922,12.76554602370592,2.75,2.276333609324978,3668649.101577598,-1.291689893968876,3.320185651145667,3.562596741178393,1.0,2.126541823312651,881890.6226205349,7.70286580547486,4.533493929327252,8.937936496999793,1.0,3.156146214981649,1644206.5409446615,4.865702564848713,6.771853741382923,8.338648844042854,2.75,2.27633360932499,3668649.101577599,0.4814725110311154,3.3201856511456764,3.3549140878645836,1.0,2.126541823312655,881890.6226205396,0.16224744047489004,4.533493929327254,4.536396305349403,1.0,3.156146214981643,1644206.5409446636,-0.21724091118130626,1.0450700465006795,1.067410425086722,1.0,5.739919977171769,87373.71241503596,-0.044843914978756665,4.589169790542194,4.589388885585498,1.75,2.251116708704941,1684838.4111458424,0.10090131123719377,1.864414157330832,1.8671425292850627,1.0,2.7163213524127383,278083.2122354391,11.200309453891093,6.628058872872354,13.01453404026376,1.0,2.2613082382469107,3514498.9581707264,-0.1757959484843192,1.7522005493826207,1.760997155239116,1.0,2.4112109386602167,245616.60539944874,7.228903697352427,5.2067655873185865,8.908841481746135,1.0,2.819434752965166,2168832.6515987124,4.911039973891128,6.62805887287235,8.249210753000463,1.0,2.261308238246902,3514498.9581707236,-0.22568470348431943,1.7522005493826216,1.7666749419866596,1.0,2.4112109386602154,245616.60539944904,-0.48361529764752703,5.206765587318595,5.2291769560231804,1.0,2.8194347529651673,2168832.65159872,-0.004785033170390926,0.8872149249671657,0.8872278284786469,8.25,6.411611004526553,62972.02584747272,-0.29508144870296177,4.394375811516677,4.404271998209409,1.75,2.758384511880479,1544874.6388333945,-0.037329840881075285,0.870241341595238,0.87104162336922,1.0,5.22091451068489,60586.652611163125,4.0,CIPN_10_4,CIPN_10,neuro,gait_full,4.0,0.5
9.655624918016972,1.816224139749939,9.824956116097448,1.75,1.9884715692603643,263893.6296428391,0.9096012149690754,1.184904150951675,1.493777833955146,1.0,1.6430671313525824,112321.02685292743,-1.0353989829440822,0.4770933913407182,1.140030332027454,1.0,2.0561420213938644,18209.81403437636,0.1406607019829715,1.8162241397499428,1.8216628554408092,1.75,1.9884715692603572,263893.62964284024,-0.9304916099690747,1.1849041509516738,1.5065896863995012,1.0,1.643067131352584,112321.02685292723,-1.066737027944084,0.4770933913407189,1.1685657837058065,1.0,2.0561420213938533,18209.814034376406,0.11000078002117658,0.17014330509392236,0.20260532044729432,1.0,2.2404680839936817,2315.9740675870216,-0.06683139418133661,0.1570187465152871,0.1706497055533738,1.0,2.5218933979588907,1972.4051194885576,-0.005912362258998365,0.21969817484101578,0.21977771510313587,1.0,1.844479505395554,3861.4292740387164,8.803405697133359,1.6241956656738934,8.951980977901703,1.75,2.1373575851927247,211040.9256189085,0.712631328087539,0.6035461522837754,0.9338690313466659,2.75,3.048386367552981,29141.50049029713,4.255657472351474,1.334851037695398,4.460095045491454,1.75,2.136579775174659,142546.51796047395,-0.113889182133411,1.6241956656738963,1.6281837446065133,1.75,2.1373575851927344,211040.92561890918,-0.2271197130875415,0.6035461522837755,0.6448653518444897,2.75,3.0483863675529834,29141.50049029713,-0.37009597264850447,1.334851037695394,1.385206959918666,1.75,2.136579775174675,142546.51796047308,0.022812193450229293,0.2288570408980853,0.22999117665388508,2.75,3.0917988662383915,4190.053637145902,0.002675274482466612,0.16328268775865454,0.1633046025537762,1.75,3.1310449705568986,2132.9025846166546,-0.012460037909815185,0.3443626653533706,0.34458801173864356,2.75,2.112922217849931,9486.859740078335,9.973484249375248,6.18463563051891,11.735420996062315,1.0,2.225891538900848,3059992.715497247,-1.6409746983660427,3.089251112181248,3.498038077950353,1.0,2.1427621274641804,763477.9363438138,7.770259940802592,3.8992381221560057,8.693733230374404,1.0,3.1636683223082174,1216325.541964638,4.017857774375275,6.184635630518883,7.37515416634741,1.0,2.225891538900849,3059992.7154972204,0.13218770663394946,3.0892511121812536,3.0920779459609773,1.0,2.1427621274641884,763477.9363438166,0.2296415758026242,3.899238122156009,3.905994519531719,1.0,3.163668322308222,1216325.5419646397,-0.21514520208407373,1.014314888178701,1.0368809721278365,3.75,5.682139270007896,82307.2918556518,-0.02470679581170804,4.34054107954935,4.340611395761513,1.75,2.2028000816008864,1507226.2698328083,0.04454442604156436,1.8139861067556298,1.8145329430445234,1.75,2.8788792343202236,263244.9144243656,10.967116984657368,6.35875146023383,12.677199023766489,1.0,2.176653160247319,3234697.876229246,-0.27212453552018917,2.116956982707754,2.134375465907345,1.0,2.191294626449017,358520.74072663963,7.215316452183711,5.067965210811742,8.817316081617527,1.0,2.815862233141775,2054742.507270942,4.677847504657405,6.358751460233813,7.894046960200779,1.0,2.1766531602473167,3234697.876229228,-0.3220132905201901,2.1169569827077557,2.141307877421359,1.0,2.191294626449011,358520.7407266402,-0.4972025428162463,5.067965210811751,5.092296313705747,1.0,2.8158622331417793,2054742.5072709492,0.05145162234365255,0.9926631222396763,0.9939956457130062,1.75,5.285515380519937,78830.4198281386,0.20243934731525634,4.232052992669976,4.23689204749287,1.75,2.231287641326294,1432827.8863237088,-0.09776522452860151,0.8712622176562455,0.8767302270609852,1.75,4.711922939657475,60727.87146316432,4.0,CIPN_10_4,CIPN_10,neuro,gait_full,4.0,0.5
9.631162203666822,1.3062351260828307,9.719338228395644,1.75,2.1057009750686952,136500.13107595223,0.09694238326196909,1.4808278872964487,1.483997660869913,0.25,1.319242338026897,175431.51762853962,-1.5646990200883175,1.021628160712236,1.8686912859607407,0.25,0.6402662890525097,83497.96264593425,0.16512341633311778,1.306235126082836,1.316630527989596,1.75,2.105700975068707,136500.13107595334,-0.11783277826196958,1.4808278872964509,1.4855085982342224,0.25,1.319242338026907,175431.51762854008,-1.5960370650883198,1.0216281607122397,1.8950088157831906,0.25,0.6402662890525044,83497.9626459349,-0.7074646443195519,0.9025447241455257,1.146775131420765,0.25,0.3497571464304331,65166.97862270086,0.10937325113068878,0.2846211084430057,0.30491258326645343,0.25,1.4876868518561703,6480.857442675447,0.20495125920968466,0.32086770498599615,0.380737577282064,0.25,1.3125735768991713,8236.648034414322,8.898255614930488,1.2128377582770589,8.980530519771339,1.75,2.2976250778587293,117678.10037560294,0.5331226655184487,0.825496877823119,0.9826824877778239,0.75,1.8660412823807961,54516.296844444856,4.219796092275168,1.201443567360908,4.3874987983968365,1.75,2.2547371864960044,115478.31036856532,-0.2087390999305464,1.2128377582770697,1.230669508740004,1.75,2.2976250778587284,117678.10037560506,-0.04761105051845058,0.825496877823119,0.8268687365157712,0.75,1.8660412823807986,54516.29684444488,-0.4059573527248069,1.2014435673609074,1.2681750737907747,1.75,2.254737186495993,115478.31036856526,-0.6494287375120037,0.8421599801288563,1.063480661430696,0.25,0.5257334376706543,56738.72524155581,-0.06046177126684074,0.1813955089936652,0.19120658060797655,1.75,2.370967002060201,2632.366796348423,-0.32661009695181087,0.517012560489356,0.6115358886726365,0.25,1.3080673721792986,21384.415561117232,8.450028717071183,5.028754239307678,9.833176217208893,0.75,2.012786296856562,2023077.8730455188,-0.9134093544461911,3.348762463888983,3.4710987724842433,1.0,1.7866594634902946,897136.8430307888,7.891379097120089,3.0163532922569147,8.448209942832445,0.75,3.094412800599272,727871.7519380525,2.4944022420712133,5.028754239307689,5.613413555458475,0.75,2.01278629685658,2023077.873045528,0.8597530505537979,3.348762463888984,3.4573668228130465,1.0,1.7866594634902917,897136.843030789,0.3507607321201387,3.01635329225692,3.0366791524470633,0.75,3.094412800599276,727871.7519380552,-0.5777010906837998,1.5900146941028366,1.6917107547214414,1.0,2.5048735053963305,202251.8161055071,-0.08465078373575449,3.2714877376991005,3.272582737396055,1.75,2.1791587810333684,856212.0697341643,-0.28533389698797756,1.7600369891705707,1.7830158821555553,1.75,3.038286685811932,247818.4362294969,10.820878575888887,5.741644605441812,12.249812077306744,1.75,2.1082938064749475,2637320.1483651293,0.9692005386885149,3.2836452418909983,3.4236932921608942,0.75,1.7272300967273906,862593.742365715,7.08607284423932,4.6781702177328235,8.49103674117291,1.75,2.829547844430121,1750825.3861130634,4.531609095888923,5.74164460544181,7.31450365870045,1.75,2.1082938064749492,2637320.148365129,0.9193117836885185,3.2836452418910005,3.4099061908243122,0.75,1.727230096727392,862593.7423657159,-0.6264461507606408,4.67817021773282,4.7199270509071605,1.75,2.8295478444301145,1750825.3861130606,-0.4805599902854838,1.6913529536134506,1.7582982448834235,0.25,2.2363848826715884,228853.98631596658,0.45840754141094064,3.9704074445461797,3.9967827999192234,1.75,2.0907726959734694,1261134.7069235914,-0.3514891543041352,1.3353574713631415,1.3808418453678173,1.75,3.1600644092286516,142654.80037657486,4.0,CIPN_10_4,CIPN_10,neuro,gait_full,4.0,0.5
9.717939308727091,1.3417880922030834,9.810134539978602,1.75,2.021693067237049,144031.62711143805,-0.14668004742829902,1.48780950753965,1.4950224637238547,0.25,1.284400937632073,177087.17953302304,-0.7493423804680631,1.7004126086592533,1.8582026377262812,0.25,0.4022821826462451,231312.40739737515,0.0783463112728462,1.3417880922030752,1.3440734462327681,1.75,2.0216930672370355,144031.6271114363,0.12578965242829818,1.4878095075396505,1.4931175999844786,0.25,1.2844009376320735,177087.17953302313,-0.7806804254680637,1.7004126086592568,1.8710598510994714,0.25,0.4022821826462438,231312.40739737623,-0.6345978396525446,0.9658944988569788,1.1557104312992295,0.25,0.3536136895899953,74636.2086325404,0.13126961165844267,0.3366683517126379,0.36135479793391817,0.25,0.8854038438215593,9067.648008057913,0.15977992830494586,0.36151073494994274,0.3952462991264831,0.25,0.804173462732043,10455.229427981292,9.017213387686704,1.239449059556565,9.101998200961809,1.75,2.194482580249851,122898.74355123793,0.5001473350371913,0.9226657194669415,1.0495043528372112,0.75,1.8886939598386245,68105.00430774858,4.245312378249433,1.2093110536560159,4.414194197519234,2.0,2.145040388968365,116994.94597890302,-0.327696872686761,1.23944905955657,1.2820371334732659,1.75,2.194482580249863,122898.7435512389,-0.014635720037192747,0.9226657194669406,0.9227817912055126,0.75,1.8886939598386199,68105.00430774844,-0.38044106675053946,1.2093110536560183,1.2677415469112454,2.0,2.1450403889683622,116994.94597890347,-0.7215586319491,0.8085278504744481,1.0836808313950599,0.25,0.5634625607082209,52297.38722699027,-0.0970683761568146,0.18141276912059787,0.20574951385051723,0.25,2.4241478492388686,2632.853320795166,-0.33451271214940803,0.5096137947642715,0.6095941062736694,0.25,0.8263938193704612,20776.505818303973,9.136395916236104,5.57769231860792,10.70440946242592,0.75,2.117618671553719,2488867.2713667573,-0.5810023984819079,3.499552020760434,3.5474537534758883,0.75,1.7990555595905549,979749.3736815286,7.500882777895319,3.753395072555856,8.38756323483842,4.5,3.0613597628103557,1127039.0196786078,3.1807694412361425,5.577692318607933,6.420899145708459,0.75,2.1176186715537137,2488867.271366768,1.1921600065180833,3.499552020760437,3.697040685081739,0.75,1.7990555595905462,979749.3736815304,-0.03973558710463891,3.753395072555863,3.7536053984894555,4.5,3.0613597628103637,1127039.0196786125,-0.7968499377472917,1.8589988756355045,2.0225841497702715,0.75,2.7886742226486776,276470.707028071,0.026094903100866134,3.387636212071902,3.3877367148745057,1.75,2.3134350421247447,918088.736585905,-0.25501120510518754,1.6035385662429362,1.6236892092262152,2.0,3.3091960845569184,205708.29438242526,9.966266137246544,5.223233330680621,11.25204990857933,0.75,2.0579719762144584,2182574.8604150163,1.0859401014527899,3.1987323887790806,3.3780400824986696,1.0,1.6784467086900428,818551.2798146048,7.481779512876426,4.1246429645714295,8.543401211723934,0.75,2.533692285389873,1361014.6931029013,3.6769966572465758,5.223233330680627,6.387681178967492,0.75,2.0579719762144606,2182574.8604150214,1.0360513464527932,3.1987323887790815,3.362334202233766,1.0,1.6784467086900403,818551.2798146053,-0.23073948212353743,4.124642964571419,4.13109190091423,0.75,2.533692285389858,1361014.6931028944,-0.5520613955301115,1.6503897137242844,1.7402752631700484,1.0,2.1608119861169337,217902.89726882474,-0.04139424022356572,3.8339218678654094,3.8341453248436315,0.75,2.0933059008799755,1175922.9178319129,-0.3154142382209152,1.331100523370323,1.367960067030185,0.75,2.728979778430445,141746.29438626347,4.0,CIPN_10_4,CIPN_10,neuro,gait_full,4.0,0.5
9.696642067984534,1.8152321599546832,9.865086679251284,1.75,1.9664485599950996,263605.711173404,0.5995324297086908,1.2933849528370505,1.4255819059239303,1.0,2.459120624829345,133832.0264173443,-0.1569632724526432,1.0740832538295786,1.0854917342182655,0.25,0.6365717197772687,92292.47770064835,0.09964355201540692,1.8152321599546677,1.8179649699573242,1.75,1.9664485599950912,263605.7111733995,-0.6204228247086916,1.2933849528370482,1.4344926342246604,1.0,2.4591206248293473,133832.0264173439,-0.1883013174526428,1.0740832538295804,1.0904642233065418,0.25,0.6365717197772705,92292.47770064867,0.1943092385822755,0.16399532427557403,0.2542647175340581,1.0,2.360652756618851,2151.62054675355,-0.03164005053582545,0.2525088775352684,0.25448344942654083,0.5,1.3547528640780413,5100.87020306958,-0.041351755732220476,0.24301331911265453,0.24650647246732912,1.0,2.2742909715244424,4724.556067170735,8.870271555864756,1.6823674335804992,9.028403937372076,1.75,2.0628265520933406,226428.8678976303,0.6863971656787617,0.7210973608165271,0.9955513411313343,2.75,3.833600046417484,41599.792949088594,4.296520931606652,1.4057576927036384,4.52064672434482,1.75,2.208603272557384,158093.00170387657,-0.18075504086481625,1.6823674335805,1.6920498120239484,1.75,2.0628265520933318,226428.8678976305,-0.20088555067876285,0.7210973608165244,0.7485562158235456,2.75,3.8336000464174904,41599.79294908825,-0.3292325133933214,1.4057576927036364,1.44379664027547,1.75,2.2086032725573865,158093.00170387616,-0.030604936178978595,0.3101100337967613,0.3116165836086838,1.0,2.245103229022549,7693.4792721050735,-0.0341659045833297,0.17556324748571345,0.1788568223572337,1.75,2.8764596609562623,2465.798002591647,-0.01450801677963326,0.34217075884601206,0.34247819019630116,2.75,2.9925630141643333,9366.842311949782,10.573407044409066,6.407861897258361,12.363560596409709,2.75,2.387159057821315,3284859.644725545,-1.511507666619199,3.29518944932514,3.6253177699606325,1.75,2.040716964199819,868663.0997819898,7.287724689539772,4.567436869064283,8.60072152225703,4.5,2.9818573971862543,1668919.7163747223,4.6177805694091125,6.407861897258375,7.898391702210525,2.75,2.387159057821317,3284859.6447255597,0.2616547383807913,3.295189449325144,3.3055614816640255,1.75,2.0407169641998113,868663.0997819926,-0.2528936754602004,4.567436869064267,4.5744327259208175,4.5,2.9818573971862605,1668919.7163747104,-0.41203992998496836,1.4291944550492526,1.4874050202434934,0.75,4.212003123656096,163407.97228076085,0.10107859585839243,4.4046973344097164,4.405856952999809,1.75,2.1248107123486673,1552108.890391975,0.08067350192165013,1.6787073256025042,1.6806446676629225,1.75,2.9568888834768807,225444.73906558452,10.094219658806091,5.917739501757731,11.700979075739395,1.0,2.137632180019058,2801571.3537218813,-0.388819668616147,2.092417713570196,2.128236975236803,1.0,3.0934901470265905,350264.0884071891,7.562947526757541,4.555786778008097,8.829120480498691,1.0,2.8011484645456575,1660417.7599675814,3.804950178806118,5.917739501757746,7.035430809400425,1.0,2.137632180019064,2801571.3537218953,-0.43870842361614604,2.0924177135701947,2.1379141631539103,1.0,3.0934901470266065,350264.08840718877,-0.1495714682424216,4.555786778008101,4.558241414272135,1.0,2.801148464545652,1660417.759967584,-0.009880375606340802,1.0168556556062325,1.0169036562823948,1.75,5.093469405233519,82719.66231883534,-0.2799939518831162,4.018386729103153,4.028129655028927,1.75,2.1281706173447135,1291799.161643945,-0.02566735741241298,0.7985041877841071,0.7989166108833219,4.5,4.860829900981665,51008.94414097263,4.0,CIPN_10_4,CIPN_10,neuro,gait_full,4.0,0.5
9.655557960028343,1.810992309420985,9.823924504201395,1.75,1.9656461114511088,262375.5132443327,0.8775020962950691,1.159834342506809,1.4543815287126147,1.0,1.6759819400902856,107617.91026225759,-0.5672562524072987,0.9706491677858146,1.1242506227787767,0.5,0.915898991171343,75373.12770955024,0.1407276599715996,1.8109923094209812,1.8164518763410777,1.75,1.9656461114511106,262375.51324433176,-0.8983924912950685,1.1598343425068056,1.4670803558338426,1.0,1.675981940090279,107617.91026225698,-0.5985942974072995,0.9706491677858184,1.1403836809652446,0.5,0.9158989911713539,75373.12770955083,0.12203793497661339,0.1324022389029781,0.18006557261141679,2.75,2.050711775224253,1402.4332450651207,0.03668379252149911,0.239270729792672,0.24206648419241825,0.75,1.228674048243108,4580.040620912514,-0.005754193895928722,0.22360614269080545,0.2236801685363564,1.0,1.8933803516664336,3999.9887960686347,8.757604950055395,1.7248841350853656,8.925854006239623,1.75,2.04432710911213,238018.02238529827,0.763971789882234,0.562885734784768,0.9489432259940805,2.75,3.070694751361975,25347.31468731783,4.349312866796649,1.4956349165989866,4.5992875771181065,1.75,2.164211227301222,178954.02280399174,-0.06808843505544997,1.7248841350853756,1.7262274805069941,1.75,2.0443271091121207,238018.02238530107,-0.27846017488223557,0.5628857347847657,0.6279971492129807,2.75,3.0706947513619847,25347.31468731762,-0.2764405782033291,1.4956349165989853,1.5209678487816383,1.75,2.1642112273012275,178954.02280399148,0.009700041303694845,0.2258967169558496,0.22610488170918513,2.75,2.7438602580641485,4082.3516551661796,0.0027672002435292307,0.16794166379222344,0.16796446003392504,1.75,2.883159749982681,2256.3530247078675,-0.012677443590713312,0.3591143436451327,0.35933804333478275,2.75,2.184488033603083,10317.04908702673,9.996244167940487,5.991335279671718,11.65422652510767,1.0,2.3490799266106435,2871691.223217212,-1.9989027262092776,2.9753723293244843,3.584473825676049,1.75,1.8779529801199664,708227.2564991092,7.693107851180013,3.925917021208684,8.636940017581667,1.0,2.900174697863199,1233026.2371558587,4.040617692940536,5.991335279671727,7.226526812649572,1.0,2.34907992661065,2871691.2232172205,-0.22574032120928694,2.975372329324484,2.9839234559099324,1.75,1.8779529801199597,708227.2564991087,0.15248948618005362,3.9259170212086696,3.9288773842933056,1.0,2.900174697863198,1233026.2371558496,-0.21035930602289704,0.9231626076473428,0.9468264031957899,3.75,5.508148414758133,68178.51770229047,-0.030769426730744946,4.342439175432232,4.342548186255381,1.75,2.174433331388639,1508544.6120654955,0.013159582552823425,1.6748443655501108,1.674896063470184,1.75,2.779957841970995,224409.20602731538,11.071652046009586,6.421854285618004,12.7992848039888,1.0,2.2589841019354906,3299218.2661565067,-0.5228851664502812,2.1705442378806477,2.232637719355879,1.0,2.0603131726375605,376901.1448754024,7.199275346349366,5.002614091228077,8.766739032177671,4.5,2.969847281783351,2002092.1437699855,4.782382566009611,6.421854285618012,8.006959190190935,1.0,2.2589841019354906,3299218.266156515,-0.5727739214502751,2.170544237880642,2.2448457082147946,1.0,2.060313172637561,376901.1448754004,-0.5132436486505926,5.0026140912280885,5.028873312048536,4.5,2.9698472817833457,2002092.1437699958,0.0840636679317496,0.9887768126222657,0.9923438342860739,1.75,5.50030468493454,78214.37090587897,0.17505273850956596,4.2295045395857995,4.233125572391704,1.75,2.1386148188954346,1431102.0129299788,-0.031387103071197874,0.7585350390525555,0.7591841382100023,1.75,5.352584581512448,46030.03286348422,4.0,CIPN_10_4,CIPN_10,neuro,gait_full,4.0,0.5
9.609246563266728,1.5519295003627733,9.733761076159086,1.75,2.1256126097473524,192679.18891250508,0.8276955819274617,1.00874894321864,1.3048580025378098,1.0,1.5022196265168277,81406.00227085203,0.7263754972872216,1.4351967633222313,1.6085431646399382,0.25,0.8129875752883283,164784.75344012235,0.18703905673320972,1.551929500362773,1.5631598711711785,1.75,2.1256126097473564,192679.18891250505,-0.8485859769274612,1.0087489432186378,1.3182080983982203,1.0,1.5022196265168262,81406.00227085163,0.6950374522872196,1.4351967633222322,1.5946368895559015,0.25,0.8129875752883321,164784.7534401226,0.11638056981450166,0.1637119630106777,0.20086324667085714,0.75,1.5925528080492592,2144.1551369191593,0.05968322857167479,0.21920199047329206,0.22718186635423174,0.5,1.4807770973988301,3843.982520556679,-0.001503712747168221,0.20347942683985673,0.20348498298179796,1.0,2.1742120829595506,3312.363723443275,8.835686717313058,1.5147857400872828,8.96459344336787,1.75,2.1244587145015843,183566.06759195423,0.8203944834087986,0.5487607083294538,0.9870083198300983,1.75,3.266588650061964,24091.483627463665,4.347056136665136,1.389833251896119,4.563828822753342,1.75,2.148088905222149,154530.99895043782,-0.146170202313101,1.5147857400872888,1.5218217919375605,1.75,2.1244587145015785,183566.06759195557,-0.33488286840880127,0.548760708329453,0.6428723439065874,1.75,3.266588650061976,24091.483627463604,-0.2786973083348366,1.3898332518961245,1.4175008492940098,1.75,2.1480889052221537,154530.99895043904,-0.018401274005187287,0.21800491867891955,0.21878014410182728,0.75,2.6810910329342703,3802.1201313353445,-0.0032680082494275565,0.16009361007537892,0.16012696170503513,1.75,2.9099776904348027,2050.412457498482,0.021812405979074717,0.33882101677252563,0.33952240347488716,2.75,2.9332963286541247,9184.233325425981,9.77920739687298,5.74316360634739,11.3409358308884,0.75,2.26526997556861,2638718.873210728,-1.7620452273374492,2.5796050766466516,3.123966346592719,1.0,2.0805783831588105,532350.1939227263,7.562406495613191,3.5438920849010445,8.35159644105945,3.5,3.283356265342879,1004735.6111270848,3.823580921873022,5.743163606347375,6.8995434106456885,0.75,2.265269975568612,2638718.873210714,0.011117177662541201,2.5796050766466485,2.5796290320703754,1.0,2.0805783831588114,532350.193922725,0.021788130613242807,3.543892084901048,3.543959061848757,3.5,3.2833562653428734,1004735.6111270868,-0.17382056337900118,1.0191640838262772,1.0338805627415808,3.5,5.6398265850553235,83095.65152612852,-0.09094195749586963,3.829409440551021,3.830489146703651,1.75,2.0670292226409033,1173150.5060262734,0.02746258025812996,1.5467871723441362,1.5470309466338423,1.75,2.865138574360522,191404.06276551023,10.920454652977503,6.112243033306358,12.51462523313983,1.75,2.287528222206973,2988761.270132139,-0.25083725346263264,2.0906029076177943,2.1055972656385773,1.75,2.4112575699694196,349654.44281554077,7.301005434933899,4.620769242727956,8.640381285306512,1.75,2.9652159614332745,1708120.7238035847,4.631185172977529,6.112243033306351,7.668597720874979,1.75,2.287528222206967,2988761.270132132,-0.30072600846262687,2.090602907617784,2.11212136239985,1.75,2.4112575699694294,349654.44281553733,-0.41151356006604795,4.6207692427279525,4.6390572107551,1.75,2.965215961433274,1708120.7238035824,0.11223735241974504,0.9975677464836029,1.003861859073532,1.75,5.473888891904381,79611.35202756787,0.18440679430749374,4.3468286472921,4.350738460848461,1.75,2.0867900825145194,1511600.6715530436,-0.0732707270114883,0.8043955467994421,0.8077256930094311,1.75,4.903796989860638,51764.233164077756,4.0,CIPN_10_4,CIPN_10,neuro,gait_full,4.0,0.5
9.748358720094707,1.5268191182743664,9.867201951697078,1.75,1.9900806920872842,186494.16350195775,0.9259982433806785,1.274212270026949,1.575147502880709,1.0,1.73253175892778,129890.68720376873,0.20135303463463244,1.076059513921488,1.0947360969921127,0.5,0.7587042611616889,92632.37378877148,0.025967214905238647,1.526819118274369,1.5270399196412832,1.75,1.9900806920872913,186494.16350195836,-0.5024662083806801,1.2742122700269494,1.3697040554994675,1.0,1.732531758927786,129890.68720376886,1.1652002496346259,1.0760595139214841,1.5860629556387524,0.5,0.7587042611616895,92632.37378877084,-0.11034371539785955,0.1943793935501955,0.22351528843626248,0.75,1.539685513772251,3022.7078348639748,0.004417628631728824,0.36060268697553766,0.3606297454408128,0.75,1.1986579070199643,10402.74387136817,0.040134906935321873,0.24721053473306165,0.25044731828812467,0.5,1.566068327057198,4889.047335555422,8.956529031783445,1.4189973893787942,9.068239403999186,1.75,2.1321019271809147,161084.43567390536,0.6734424078698993,0.5872099321734743,0.8934988422828447,1.0,2.7333203881349983,27585.240648639116,4.26087243687707,1.3582778565100477,4.472130662092093,1.75,2.0852432691943705,147593.5355647675,-0.22576637178349374,1.4189973893787988,1.436845171092602,1.75,2.1321019271809045,161084.43567390635,-0.027179227869902255,0.5872099321734728,0.5878385959349545,1.0,2.7333203881349877,27585.240648638992,-0.26100782312290954,1.358277856510044,1.3831282728716376,1.75,2.0852432691943625,147593.5355647667,-0.0059578838398832755,0.22504458004043967,0.22512343144467972,2.75,2.9661743418998983,4051.60585138703,-0.034701953193028476,0.17611733809728394,0.17950359977973745,1.75,3.117548588471266,2481.3892020810827,0.011367422948060337,0.3349958027606657,0.33518861283125795,2.75,2.310803031618171,8977.830943684463,9.98826943809862,6.386591197735949,11.855550324428354,1.0,2.087541932732108,3263083.7790429657,-1.5569271188852296,3.051832553664774,3.426033273207999,1.0,2.043523538410064,745096.0623658894,7.55049114157837,4.23671019485664,8.657922946888338,1.75,3.017197896622522,1435977.7006452894,4.036812213098646,6.386591197735947,7.555421892311552,1.0,2.0875419327321225,3263083.779042965,0.04139165611475955,3.051832553664772,3.0521132359078633,1.0,2.043523538410058,745096.0623658885,-0.03392396842159306,4.236710194856638,4.236846009809141,1.75,3.0171978966225317,1435977.7006452875,-0.16525691037613846,0.988191108910356,1.0019139255228195,1.0,5.764900727027169,78122.37373142988,-0.0205195629602256,3.9453231877687167,3.9453765483676704,1.75,2.166688233917476,1245246.4804273085,0.16763407545066086,1.6161183603552345,1.6247891364510931,1.75,2.9250322721825435,208947.76092503764,10.224403825050064,5.895995817457305,11.802592946347527,2.75,2.2153730222350037,2781021.7404095065,0.059280747140498385,1.7613391805623295,1.7623364933988952,1.0,2.3486269541956504,248186.85207116738,7.592808526992258,4.3583886831269085,8.754786875805433,1.0,2.8407913865049004,1519647.2247726351,3.9110262700500806,5.895995817457305,7.075230961918902,2.75,2.2153730222350103,2781021.7404095065,-0.13413811785950233,1.7613391805623315,1.7664395669387833,1.0,2.3486269541956624,248186.85207116802,-0.09519527800770299,4.358388683126903,4.359428179723074,1.0,2.84079138650489,1519647.2247726321,0.0063272570564036415,0.7952537331554214,0.7952789034543114,8.25,5.697521078422858,50594.29060621925,-0.2976128022254399,4.183820217120691,4.194392088162038,1.75,2.225443825335761,1400351.586681759,-0.009694036435080156,0.7817740629198727,0.7818341638715015,1.0,4.848075444658191,48893.73424283127,4.0,CIPN_10_5,CIPN_10,neuro,gait_full,4.0,0.5
9.670861418117044,1.7353423226416596,9.82532307586759,1.75,2.1756499625017627,240914.63596702105,0.8915574890066693,1.2773352577510848,1.5577098949733572,1.0,1.5033057833793821,130527.71379100891,0.15805739299356522,0.607019030210335,0.6272593104270497,0.25,1.3690955514677106,29478.01112347683,0.10346451688290538,1.7353423226416669,1.7384239652642817,1.75,2.1756499625017853,240914.63596702315,-0.4680254540066707,1.2773352577510857,1.3603797948706027,1.0,1.5033057833793833,130527.71379100908,1.1219046079935588,0.607019030210334,1.275594783806627,0.25,1.3690955514677041,29478.011123476732,-0.04454330471721717,0.1732825774761026,0.1789160631466397,1.75,1.6875941692440972,2402.153071423401,-0.06806872076523622,0.1767870810032952,0.1894387044832216,1.75,2.0266258668708144,2500.298579164188,-0.0032995196207852118,0.23433692190446379,0.23436014976396205,1.0,1.6569295764999794,4393.112395472018,8.88295162622924,1.5941201644983816,9.024857267169883,1.75,2.3406678421277047,203299.19110578817,0.7340717984534555,0.6157596725429161,0.9581343223237805,2.75,2.971890423229616,30332.81910898587,4.1907331510598995,1.4536081062200186,4.435675920292305,1.75,2.092851630313976,169038.1318273737,-0.1521889662292898,1.594120164498387,1.6013683462284072,1.75,2.3406678421276914,203299.19110578956,-0.08780861845345843,0.6157596725429139,0.6219890093923376,2.75,2.9718904232296106,30332.819108985652,-0.3311471089400777,1.45360810622002,1.4908504063882213,1.75,2.092851630313974,169038.13182737408,0.012037086974959664,0.22305471930472115,0.2233792722410714,2.75,3.7606481018226288,3980.289998142892,-0.015786275991486146,0.17248559336822883,0.17320648495154375,1.75,3.057039063986516,2380.1253080638458,-0.02075668288577737,0.3730239561361838,0.3736010060691891,2.75,2.2181728515623784,11131.766178293097,10.738073430880558,6.690276030751789,12.651719818848145,2.75,2.358469956519336,3580790.5856554983,-1.431473187782579,3.0928240854051277,3.4080311487136505,1.0,2.1840295071361973,765249.7086920427,7.572059371125356,4.553912804554827,8.83596089575637,1.0,3.227676909676175,1659059.1680239947,4.7866162058805894,6.6902760307517815,8.22626817396871,2.75,2.3584699565193445,3580790.5856554913,0.166845587217405,3.0928240854051405,3.097321144672613,1.0,2.184029507136194,765249.7086920491,-0.012355738874601592,4.55391280455482,4.5539295664043244,1.0,3.227676909676181,1659059.168023989,-0.2058224237824005,1.098304996449977,1.1174241519488675,8.25,6.226828691495288,96501.91607908343,0.0276595229794587,4.488704196562073,4.488789415136938,1.75,2.217319296625927,1611880.122343157,0.10885512705503793,1.8601038053565382,1.863286238179213,1.75,2.776757831200287,276799.11606272805,11.065763139372834,6.281386920218886,12.724265617244848,1.0,2.1854445119693184,3156471.21165369,-0.28099194500633834,1.9731855529746238,1.9930924965054222,1.0,2.1585773580807652,311476.98596692935,7.241836887201251,4.850574835272974,8.716207761028425,1.0,2.975024220742202,1882246.2461737036,4.752385584372847,6.2813869202188695,7.876610335928238,1.0,2.1854445119693198,3156471.211653672,-0.4744108100063389,1.9731855529746258,2.029415394422406,1.0,2.158577358080776,311476.98596693,-0.44616691779871387,4.850574835272963,4.871051339405214,1.0,2.9750242207421955,1882246.2461736943,0.08598598769249399,0.8844923090727076,0.8886620476245307,1.75,5.4967356411409884,62586.521831646576,-0.10269300887653682,4.223967265723647,4.225215416517484,1.75,2.4358511887247487,1427367.2054471478,-0.08945989360522896,0.8408114320492819,0.8455571753752805,1.0,4.6977244951907435,56557.61324689343,4.0,CIPN_10_5,CIPN_10,neuro,gait_full,4.0,0.5
9.69229423193955,1.7619032284831238,9.851135491151664,1.75,1.9734890924496737,248344.4383943832,0.6946798130191254,1.2596491423662979,1.4385047808333613,1.0,1.7914081927340526,126939.06905125013,-0.7573157808778349,0.9834290038929718,1.241233176185896,0.25,1.6818785915442875,77372.71285651287,0.08203170306039737,1.7619032284831246,1.7638118343083673,1.75,1.973489092449698,248344.4383943835,-0.2711477780191283,1.2596491423662994,1.288501874033897,1.0,1.7914081927340568,126939.06905125045,0.20653143412215924,0.9834290038929733,1.0048820025149627,0.25,1.681878591544297,77372.7128565131,-0.3561922234719692,0.8397597624344898,0.9121783590208309,0.25,1.3122073009954076,56416.88992391123,-0.07745061342452957,0.16434207575618046,0.1816780542159291,1.0,2.318679584095753,2160.6812897439722,0.06372336338137087,0.2516072241988904,0.2595512710616247,1.0,1.790994219583406,5064.544283722926,8.833248212309796,1.5653010035906425,8.970866246473419,1.75,2.1191077293895755,196013.58051344947,0.7407968338722069,0.6445690555453,0.9819619220935434,1.0,2.860339608237722,33237.8803873513,4.308430097890902,1.4083518026400907,4.532772298319408,1.75,2.197716112399693,158676.85875394137,-0.10248555230985605,1.5653010035906423,1.5686524536283135,1.75,2.1191077293895924,196013.58051344936,-0.09453365387221148,0.6445690555453008,0.6514644112159865,1.0,2.860339608237725,33237.880387351375,-0.21345016210907286,1.4083518026400952,1.424435246581604,1.75,2.1977161123996924,158676.8587539423,-0.17513456707740765,0.4991878901141468,0.5290185877849705,0.25,1.7344625673164553,19935.486247922825,-0.005479909372287011,0.16573379368014232,0.1658243642362016,1.75,2.849600274885005,2197.4153079292037,-0.09107845313882144,0.42513278592580844,0.4347794501758332,2.75,1.8879951346588695,14459.186575037711,9.480616293985632,6.105728473078193,11.276613210567419,2.75,2.057544307954208,2982393.878254698,-1.286194366353186,3.087605751744727,3.344787769985683,1.0,2.3399571344367183,762670.8394605907,7.86555069186504,3.9372328563690013,8.795947376580319,1.0,3.0702179232429554,1240145.6693871499,3.5291590689856633,6.105728473078175,7.052296358007178,2.75,2.057544307954214,2982393.8782546814,0.3121244086468039,3.0876057517447335,3.103341896195177,1.0,2.3399571344367205,762670.8394605938,0.2811355818650827,3.9372328563689942,3.947257247844656,1.0,3.0702179232429465,1240145.6693871454,-0.38751698995709577,1.3134024313647685,1.3693777288317102,1.0,4.176404323316662,138004.27790388375,-0.09017074402987457,3.889122817089992,3.8901679975919934,1.75,2.2371800091897125,1210022.440878145,-0.11235215981154255,1.9628757146143965,1.9660885226350557,1.75,3.0799110048681775,308230.78697754856,10.874237358027335,6.156486755783088,12.496054068899106,1.0,2.1970214288291587,3032186.7112857583,-0.010176444081514439,2.001799066576469,2.0018249331448956,1.0,2.3162733375362365,320577.90871909773,7.44355107345398,4.676761355028091,8.790821881656008,4.5,2.982440245789256,1749770.8714986513,4.560859803027352,6.1564867557830745,7.661838638147053,1.0,2.1970214288291627,3032186.7112857453,-0.20359530908151208,2.0017990665764707,2.0121258789713994,1.0,2.316273337536238,320577.90871909854,-0.24445273154598332,4.676761355028085,4.683145728017058,4.5,2.9824402457892485,1749770.8714986464,0.07550603899577432,0.8657987665037036,0.8690849590253913,1.75,5.38697749279067,59968.61118119571,0.2567789031863553,4.304792940321678,4.312444511430257,1.75,2.0663301543988575,1482502.7982694993,-0.1904769870168518,1.0214829718509362,1.0390904408974413,1.0,3.2894434721730574,83474.28373807804,4.0,CIPN_10_5,CIPN_10,neuro,gait_full,4.0,0.5
9.713852663383873,1.3448014879920567,9.806499100496344,1.75,2.266280561871714,144680.63177055743,0.02645521182149924,1.3241651816928381,1.3244294268250563,0.75,1.4791686426180224,140274.99296482114,-1.265623541634004,0.9558101617126292,1.5859936993479269,0.25,0.7915037579443209,73086.21862635898,0.06047327161607699,1.3448014879920533,1.346160487715188,1.75,2.26628056187178,144680.6317705567,0.39707682317849874,1.3241651816928408,1.3824194124480322,0.75,1.4791686426180173,140274.99296482175,-0.30177632663401077,0.9558101617126331,1.0023183209688662,0.25,0.7915037579443194,73086.21862635958,-0.8621982776784314,1.0196544325048749,1.335320572656054,0.25,0.36556016039483163,83175.61371379772,0.0858239309355665,0.24212664630706118,0.2568872514803675,0.75,1.282068141556732,4690.025221228979,0.15378682503632513,0.22722940920256285,0.27437855594287797,0.25,1.3538681680988003,4130.675532255954,8.837489006494147,1.1569546576994494,8.912898295160636,1.75,2.483838200532412,107085.0108553974,0.4320175865413548,0.8875890334923411,0.987144106732591,0.75,1.4043120527672333,63025.143450185074,4.3996903063418245,1.2127338387607691,4.563770168993356,1.75,2.0814121767498928,117657.87592677311,-0.10672634649420423,1.1569546576994527,1.16186685683363,1.75,2.483838200532419,107085.01085539802,0.2142455934586411,0.8875890334923442,0.9130802082469639,0.75,1.4043120527672324,63025.14345018554,-0.12218995365814893,1.212733838760777,1.2188739674184654,1.75,2.081412176749899,117657.87592677462,-0.7105461169980183,0.7377070984900996,1.024249748617808,0.25,0.4981257135751802,43536.96144755291,-0.06780493478703542,0.17062147720692583,0.18360064723673397,1.75,2.395955963748941,2328.9364090618105,-0.3357130590188317,0.48740208292963916,0.5918310978986593,0.25,0.885407873866534,19004.868605478845,8.056059926013765,4.57147207745976,9.262745731505273,1.75,2.1606538597412563,1671876.7893427052,-0.7586905355527491,2.9909257496196813,3.085651984342267,1.0,2.037019331792813,715655.1539910357,7.862199555826464,3.038266099674211,8.428834008809723,0.75,3.0638899200788234,738496.0471248206,2.1046027010137975,4.571472077459761,5.0326642530680346,1.75,2.1606538597412643,1671876.789342705,0.8396282394472422,2.9909257496196813,3.106543484359317,1.0,2.0370193317928176,715655.1539910354,0.27778444582651224,3.038266099674224,3.050938395112685,0.75,3.063889920078799,738496.0471248272,-0.6967430201756568,1.5565351398479124,1.705359926157776,1.0,2.1542627700501247,193824.15129057554,0.05114568268100395,2.65329262548779,2.6537855296396495,1.75,2.2629974559736388,563199.2728590696,-0.4202575849686108,1.5840716194193873,1.638871359556207,2.0,3.514261928588339,200742.7849925053,10.089815547792153,5.399989028379754,11.443961695806658,0.75,2.565096917129586,2332831.1169360215,0.896816757159232,2.7516050858193117,2.8940647615815895,0.75,1.7677005569073512,605708.5550152286,7.532043886219028,3.766857826269785,8.421454921048937,1.75,2.590828070514528,1135139.2245389502,3.7764379927921623,5.399989028379745,6.589489010539871,0.75,2.565096917129566,2332831.116936013,0.7033978921592327,2.751605085819306,2.8400878759293207,0.75,1.767700556907358,605708.5550152262,-0.15595991878092652,3.766857826269784,3.770085062647271,1.75,2.5908280705145197,1135139.2245389498,-0.5251745964725936,1.4832758249597042,1.5735042197878095,0.25,1.8357978931027499,176009.21907752816,0.3353073341730368,3.8031134101575197,3.8178662389966194,1.75,2.3927304606276656,1157107.5574165962,-0.45220876831437457,1.5959326107141782,1.6587626919126728,0.75,2.262712987485252,203760.78745210098,4.0,CIPN_10_5,CIPN_10,neuro,gait_full,4.0,0.5
9.710961971826636,1.3759072262674117,9.80795101504682,1.75,2.009207831373025,151450.0696784098,-0.24289376086076458,1.1997972247683868,1.2241367405755819,0.75,1.3888062119670253,115161.99972144574,-0.29129210165869457,1.3465864610034506,1.377732261887823,0.25,0.4737728898238891,145063.71866076926,0.06336396317331801,1.3759072262674177,1.3773654878513286,1.75,2.009207831373031,151450.0696784111,0.6664257958607622,1.1997972247683892,1.372456455393241,0.75,1.3888062119670201,115161.99972144626,0.6725551133413,1.3465864610034521,1.5051994809457419,0.25,0.4737728898238889,145063.71866076966,-0.45598020602740746,0.8847612796929577,0.9953494212248868,0.25,1.1140795248610877,62625.47667344614,0.014997617559614032,0.34148264920492466,0.3418118316274001,0.75,1.0429614397989504,9328.855712885694,0.049833715230523865,0.2162494334366143,0.2219171391202888,0.75,1.718531680788258,3741.1897210689854,8.89450522658752,1.2677928905050218,8.984404378644575,1.75,2.0932222978641293,128584.0783003032,0.3957685737043064,0.8401220512915604,0.9286753065513695,0.75,1.7197423505088854,56464.46241488822,4.369261607659589,1.2096978949071109,4.5336316560910355,1.75,2.2178467448483894,117070.14924529631,-0.1637425665875721,1.2677928905050238,1.2783232929614357,1.75,2.0932222978641173,128584.07830030358,0.2504946062956899,0.8401220512915626,0.8766713231591278,0.75,1.7197423505088816,56464.46241488853,-0.15261865234038433,1.2096978949071158,1.2192872713125902,1.75,2.2178467448484023,117070.14924529726,-0.5266695144669231,0.7313653265851464,0.901263567664766,0.25,0.8191507588011255,42792.097272988554,-0.09080509075319675,0.17484057105094666,0.19701469435582064,1.75,2.4715428055210897,2445.53816818626,-0.2678428383707558,0.46193795641853974,0.5339723416494899,0.25,1.398468041967316,17071.085034083826,9.12531585412781,5.3278679788097625,10.566814403462512,0.75,2.086462647959062,2270894.4481201344,-1.0969894342120325,3.107457633605387,3.2954026709076425,0.75,1.95042249825181,772510.5792880887,7.582034561551755,3.7052158628285534,8.438949738132207,1.75,2.9582748609796417,1098291.7422680461,3.1738586291278277,5.327867978809748,6.201576879900422,0.75,2.086462647959065,2270894.4481201214,0.5013293407879593,3.1074576336053874,3.1476378528330233,0.75,1.9504224982518041,772510.5792880887,-0.002380548448194908,3.705215862828562,3.7052166275627285,1.75,2.958274860979656,1098291.7422680513,-0.539557896689137,1.3970551375675662,1.49762671626929,0.75,3.641196098716481,156143.3571869299,0.1634016053329742,3.3522364398296562,3.3562165057020983,1.75,2.107565591090671,898999.4191310944,-0.2331633211348697,1.4082422378497752,1.4274142127591363,1.0,2.7331650059274453,158652.0487072959,9.704140129674851,5.083296063589962,10.954918280228066,0.75,2.146908864152602,2067193.6079051462,0.5295628334381991,2.8908696363282504,2.9389732984162555,1.0,1.6387529128768819,668571.6654289186,7.408722052180883,3.922901882580128,8.383216663478406,0.75,2.7061530982721336,1231138.3618677615,3.3907625746748637,5.0832960635899385,6.110414855631708,0.75,2.146908864152606,2067193.6079051266,0.33614396843819916,2.890869636328243,2.910347062080736,1.0,1.638752912876887,668571.6654289152,-0.2792817528190603,3.922901882580112,3.9328307207160944,0.75,2.7061530982721265,1231138.3618677517,-0.5716015610645081,1.5852739097853596,1.6851770570647888,0.25,2.336623741274186,201047.4881388035,-0.15404540847116605,3.5691680096262095,3.572490765391867,1.75,2.1567438771559644,1019119.8273322468,-0.3596111507954676,1.5053651118518472,1.547722294133274,0.75,2.2986847622604687,181290.15906929423,4.0,CIPN_10_5,CIPN_10,neuro,gait_full,4.0,0.5
9.555030290039621,1.739514168124704,9.712080795827497,1.75,1.9760475435825078,242073.01306267403,0.6219241715042969,1.3058211369350545,1.4463604380539674,1.0,1.5466050566138227,136415.1328460541,-0.27554184685806116,1.5001749201232228,1.5252698450886222,0.25,0.43061633912937364,180041.9847883756,0.21929564496033202,1.7395141681247162,1.7532826700236306,1.75,1.97604754358253,242073.01306267735,-0.1983921365043002,1.3058211369350534,1.320805921206101,1.0,1.5466050566138208,136415.13284605384,0.688305368141933,1.500174920123226,1.6505420536235147,0.25,0.4306163391293731,180041.98478837634,0.03184683215830579,0.18734133560381305,0.190028936597403,1.0,1.315233992863956,2807.742846351968,-0.016526742001533697,0.3086387809962205,0.309080944634279,0.25,0.8230436745950384,7620.631795873586,-0.03563816429245785,0.2154971513599447,0.21842413098919983,1.0,1.6609884541774922,3715.13817031133,8.858172114555062,1.6202046078665333,9.005124995380843,1.75,2.1306476440283104,210005.51308360664,0.702298055797097,0.5400175963890286,0.8859128419806128,2.75,3.0955227892251775,23329.524143135168,4.280602560661155,1.4412553062408544,4.516721724891434,1.75,2.082553679596266,166177.34939471967,-0.12740945455511507,1.6202046078665286,1.6252064916378979,1.75,2.1306476440282993,210005.51308360553,-0.05603487579710114,0.5400175963890289,0.5429170394410003,2.75,3.0955227892251695,23329.52414313519,-0.24127769933882287,1.4412553062408524,1.4613116662661831,1.75,2.082553679596264,166177.34939471917,0.028394330840889728,0.20722486251439878,0.20916113804436373,2.75,3.189905036037111,3435.3869992021996,-0.019024939037438123,0.1746403640881391,0.17567357534420486,1.75,2.7333019293367435,2439.9412766533,-0.01555451664100239,0.33438199868267154,0.3347435795216293,2.75,2.2015733455959747,8944.90820680821,10.505044630595938,6.19158648602601,12.193920858557037,2.75,2.6409463384641225,3066902.8151775994,-1.9332886633790978,3.0743998833671657,3.631740588037392,1.75,2.1540346281315377,756160.3649534438,7.659549618351943,4.086722357238539,8.681589715089554,4.5,3.448507380230827,1336127.6826662237,4.553587405595951,6.1915864860259955,7.685759654994541,2.75,2.640946338464124,3066902.8151775855,-0.33496988837910663,3.0743998833671733,3.0925942942728195,1.75,2.1540346281315323,756160.3649534475,0.07513450835199775,4.086722357238555,4.087412973935805,4.5,3.4485073802308297,1336127.6826662335,-0.2676702726860752,1.0279120593123026,1.0621914029775879,3.5,6.140319726483042,84529.76450404573,0.12071190686225186,4.339494509416193,4.341173108931686,1.75,2.051769994542272,1506497.0415250014,0.0690220880947161,1.6380350326930668,1.6394885839720665,1.75,2.354477809913063,214653.0170988244,10.464254663253119,5.8457395216343695,11.986379612385576,2.75,2.5754260833967386,2733853.3497475814,-0.3627510112606355,2.0173366903491154,2.0496915910446956,1.0,2.4251985981601067,325572.75996201,7.276698132887352,4.712905839035881,8.669591522372018,1.75,2.8368710710887304,1776920.2779999138,4.150877108253147,5.845739521634361,7.169550287334481,2.75,2.575426083396731,2733853.349747572,-0.5561698762606339,2.0173366903491137,2.0925994011010527,1.0,2.4251985981601023,325572.75996200956,-0.41130567211260016,4.7129058390358605,4.730819569961456,1.75,2.8368710710887237,1776920.2779998987,0.0036757516974329184,1.1036864488288813,1.1036925697308322,1.75,5.630137892506633,97450.25912070525,-0.1507578534507374,4.0351087128183165,4.037924003078731,1.75,2.201160942202566,1302575.8616146243,-0.08676673897107229,0.8206909955955198,0.8252649133722091,4.5,4.901421542590162,53883.041485977126,4.0,CIPN_10_5,CIPN_10,neuro,gait_full,4.0,0.5
9.485026006531864,1.6416727352601914,9.626048395592166,1.75,1.9971129087491823,215607.42263609456,1.0569797959977865,1.2057053001220195,1.6034124734109596,1.0,1.8302994840089428,116300.02439626554,-0.02915365351749216,1.5691299300701604,1.569400736891443,0.25,0.789538219098953,196975.32627765625,0.28929992846807584,1.6416727352601999,1.666968451503609,1.75,1.9971129087491943,215607.42263609674,-0.6334477609977898,1.205705300122019,1.3619769956410572,1.0,1.8302994840089404,116300.02439626542,0.9346935614825006,1.569129930070162,1.8264229497350366,0.25,0.7895382190989519,196975.32627765657,-0.030217015534485782,0.23011713139451148,0.23209257245558335,0.75,1.679197077002944,4236.321767815386,0.08446228112679643,0.21933175742394384,0.23503254401852042,0.5,1.351581891826729,3848.518513174999,-0.029693681014721248,0.21363802523951556,0.21569172566522785,0.75,1.5440503474775134,3651.307853815356,8.852437677122158,1.5592305073519281,8.988706948298452,1.75,2.1714333413376554,194496.02307405838,0.7618229747399127,0.4892390171134072,0.9053889002564933,2.5,3.041096141017563,19148.413105737727,4.229894237322015,1.3672211486377392,4.445368255635555,1.75,2.080015241903464,149543.55760289406,-0.12167501712220584,1.5592305073519201,1.5639707749343064,1.75,2.1714333413376594,194496.02307405634,-0.11555979473991611,0.4892390171134062,0.5027015834731609,2.5,3.0410961410175625,19148.413105737643,-0.29198602267796314,1.367221148637739,1.3980520400620267,1.75,2.0800152419034554,149543.5576028939,0.020438436359993217,0.19677770503060713,0.1978362830169282,1.0,3.071830366685983,3097.7181606161603,-0.003868237358448817,0.15390332829747652,0.15395193315220868,1.75,2.729517819565595,1894.899282047555,-0.007956165886888978,0.34160372930236904,0.3416963687967812,2.5,2.132387077270073,9335.457485485826,9.864240423559036,5.6412863276832015,11.363421604634828,1.0,2.1822613883878237,2545931.4125891435,-1.8218823075744857,2.701753165856738,3.258638567234765,1.75,1.987216064895433,583959.7468700272,7.555162918736033,3.72075584979259,8.42166912330387,3.5,3.1120507099113843,1107522.406216584,3.912783198559066,5.641286327683187,6.865419418348116,1.0,2.1822613883878277,2545931.4125891314,-0.22356353257449982,2.701753165856741,2.710987056832642,1.75,1.987216064895426,583959.7468700282,-0.029252191263910845,3.7207558497926083,3.720870836841781,3.5,3.112050709911388,1107522.4062165949,-0.14809997325323238,0.9868002051824937,0.9978518161660175,3.5,6.020646143080059,77901.97583793991,-0.2781224886893463,3.9864897574455065,3.996179763841047,1.75,2.094722782834209,1271370.8879724324,-0.09989896875832852,1.5627863782568083,1.5659760751761211,1.75,2.483303488534572,195384.11633604483,10.659460715622577,5.968911604920062,12.216873924832424,1.75,2.1694359244812818,2850233.3352529304,-0.44707413247722877,2.0022969964868973,2.051601457903244,1.75,2.310500778282313,320736.68150150013,7.295134811458025,4.596044129443461,8.622216278726626,1.75,2.9535015181352136,1689894.8992076018,4.346083160622619,5.968911604920068,7.383518442206057,1.75,2.1694359244812844,2850233.335252936,-0.6404929974772259,2.002296996486895,2.102242740969226,1.75,2.3105007782823157,320736.6815014995,-0.39286899354194355,4.596044129443459,4.612804752629178,1.75,2.9535015181352104,1689894.8992075995,0.08533593400735569,1.0700988986304398,1.0734960989603028,1.75,5.353783732038025,91608.94613104443,0.27798922012623334,4.183540149652631,4.192765935544453,1.75,2.006271685957694,1400163.850045557,-0.10686039064542463,0.7752358250626454,0.7825661170466386,5.25,4.717206595643884,48079.43419912861,4.0,CIPN_10_5,CIPN_10,neuro,gait_full,4.0,0.5
9.789932152643104,0.8580854892047083,9.827465708927146,1.75,2.3080535198870202,58904.863864515486,-0.21193289724264439,0.4005890794931922,0.45319660583775817,0.75,1.2520032965767625,12837.728927397611,-0.16951412605856184,0.3862918662963254,0.4218488412928216,1.75,1.8162141872185884,11937.718381408218,0.006034642356837305,0.8580854892046998,0.858106708802608,1.75,2.3080535198870082,58904.86386451434,0.19350971724264454,0.4005890794931924,0.4448793333888769,0.75,1.2520032965767625,12837.728927397626,0.12698821894143691,0.38629186629632567,0.4066293320908081,1.75,1.8162141872185915,11937.718381408233,0.016400114168216736,0.16045713218702676,0.16129307181158006,2.75,2.018406494643765,2059.7236628086234,0.021609578373103965,0.19568192583902538,0.1968715062611478,1.75,2.435889063728971,3063.3148002645653,-0.005811561981205019,0.1326328756374824,0.13276013691063016,2.75,2.961484617486276,1407.3302238948843,9.717932568494616,0.7776763591886472,9.748999637165307,1.75,3.0927866988141317,48382.49043170406,0.1655834036226377,0.3714164417884387,0.4066546898611179,4.25,4.051165994542917,11036.013860545665,1.3445127123829257,1.045630473968481,1.7032491073976355,1.75,2.021892563725365,87467.63245525814,-0.015950478494673914,0.7776763591886543,0.7778399175956001,1.75,3.0927866988141814,48382.49043170494,-0.04454271862263875,0.37141644178843936,0.3740778355009566,4.25,4.051165994542914,11036.013860545703,-0.08841436761706375,1.045630473968481,1.0493618005686483,1.75,2.0218925637253693,87467.63245525814,-0.0004453011068411761,0.16374249408273633,0.1637430995844121,2.5,3.820002875504492,2144.9351417333046,-0.020724171801074977,0.17918871956549728,0.18038317137793897,0.75,2.8640386711350976,2568.6885275679388,-0.004465382890049865,0.34794492909391456,0.34797358136290174,2.5,2.278034623003122,9685.254542347117,9.052226943471146,5.076935852118329,10.378732595198192,2.75,2.4704396982618855,2062058.7426817636,-2.599495578216332,2.9938964060918853,3.9649455168483927,1.75,2.783859125002352,717087.9301010635,7.064887033531111,2.485112987158811,7.489219943058251,5.25,3.893791827146389,494074.6856163834,3.2091162634711803,5.0769358521183285,6.006138929378814,2.75,2.470439698261887,2062058.7426817634,-0.197620083216348,2.9938964060918827,3.000411536389688,1.75,2.783859125002347,717087.9301010622,-0.3892856114688508,2.485112987158815,2.5154184236905968,5.25,3.8937918271463876,494074.685616385,-0.204782466482967,0.8882912080091734,0.9115904391804711,0.75,3.55557561610171,63124.90908096544,0.09908761398898495,3.3625190860885676,3.363978739462532,1.75,1.9467962734122366,904523.507234982,0.1324600236136092,1.947068131310082,1.9515685911130698,1.75,2.0654681994449295,303286.86403001193,9.046712224411579,4.80895087487606,10.245438525914306,2.5,2.2775199474103265,1850080.6936540054,-1.7931088572871356,1.3787177373981807,2.26188018548683,1.75,2.2700214981960425,152069.11155626908,6.638998104934799,3.2425584259206466,7.388537134158345,0.75,2.7572736006836047,841134.9276018763,2.8643423144116196,4.808950874876092,5.597362361961252,2.5,2.2775199474103345,1850080.6936540296,0.4007897327128538,1.3787177373981787,1.435790726138177,1.75,2.2700214981960487,152069.11155626865,-0.8252641250651546,3.242558425920643,3.345929769380779,0.75,2.7572736006836225,841134.9276018745,0.1551777665554775,0.84644305541286,0.8605498156933185,2.5,3.8401959373319436,57317.26817379209,-0.05667464434559591,3.398568471383798,3.3990409926912775,1.75,1.768047604702724,924021.8902695441,-0.03771644824767624,1.0309850069399402,1.0316746652910345,1.75,2.6193803620298173,85034.52042488173,4.0,CIPN_11_1,CIPN_11,neuro,gait_full,4.0,0.5
9.82487132906157,0.9648088748321282,9.8721301043681,1.75,2.230662356248383,74468.4937626759,-0.20095262682337256,0.4204580085649943,0.4660116899753208,1.0,1.7315305814403328,14142.975948598645,-0.026709286707391797,0.42067219158282276,0.42151925076740304,1.75,1.7403400506081341,14157.258801305157,-0.028904534061638277,0.9648088748321227,0.9652417505703673,1.75,2.2306623562483887,74468.49376267509,0.18252944682337252,0.4204580085649938,0.45836877721337743,1.0,1.7315305814403315,14142.975948598612,0.2697930582926058,0.42067219158282315,0.4997533262260221,1.75,1.7403400506081406,14157.258801305185,-0.0024981445030044236,0.1788984367845883,0.178915878026315,0.75,1.8951727577788642,2560.372095865489,0.027331580083103203,0.22451479199659585,0.22617229515374732,1.75,2.477520226324714,4032.552295637573,-0.01705515857045415,0.16162448692751952,0.16252185455638657,2.5,2.6548214498772356,2089.8003449649527,9.722699608278944,0.8363527330317236,9.758605103542061,1.75,3.0087010738949136,55958.8716196317,0.22723371527695468,0.37855935775226224,0.4415227612483567,4.25,4.510651549550029,11464.732881594182,1.3748120757176314,1.1724962275195194,1.8068911552958933,1.75,2.074882113150929,109979.81019283665,-0.02071751827899104,0.836352733031732,0.8366092932864706,1.75,3.008701073895021,55958.8716196328,-0.10619303027695594,0.3785593577522628,0.3931719051778855,4.25,4.510651549550036,11464.732881594216,-0.058115004282361674,1.1724962275195194,1.173935584804483,1.75,2.074882113150935,109979.81019283667,0.007312266353363192,0.17709912516132076,0.1772500193854085,1.0,3.901331857344361,2509.128052023716,0.0020315931866562403,0.17225219564205757,0.1722641758299901,1.75,3.663232163917009,2373.7016276971635,-0.03243361479355111,0.39451497810436903,0.39584593886671016,0.75,2.172538210302223,12451.368458067067,9.504070320616426,5.111167862882809,10.791264503374386,1.0,2.046723502949301,2089924.3189621202,-2.412889977413128,3.20157665721849,4.009006252819649,1.75,2.4449220550758675,820010.7142344479,7.134644561672915,2.680202128625677,7.621458946402488,3.5,3.449302615699995,574678.7786871043,3.6609596406164586,5.111167862882813,6.287023334837294,1.0,2.0467235029493027,2089924.3189621244,-0.011014482413145074,3.201576657218494,3.201595603893342,1.75,2.444922055075863,820010.7142344498,-0.31952808332704596,2.6802021286256825,2.69918166234218,3.5,3.4493026157000033,574678.7786871066,-0.1329732164033245,0.9426366355901097,0.9519693813549291,1.75,4.033280107284533,71085.30960493164,-0.2654805367009757,3.675359338001245,3.684935030472042,1.75,2.1032273003812274,1080664.3549203014,-0.13864799443235284,2.0223976304458224,2.0271446524589685,1.75,2.099017929237061,327207.8830883213,9.787854812977873,5.58253098237579,11.26795252071643,1.75,2.30967599058379,2493172.4762791255,-1.7398890593347789,1.420487455694022,2.2461074218694304,1.75,2.554697639374461,161423.00696477637,6.461559234891508,4.068510224616013,7.635739858966961,1.75,2.7450017037911616,1324222.0450291238,3.605484902977901,5.582530982375795,6.645613106011155,1.75,2.309675990583798,2493172.476279131,0.4540095306652095,1.4204874556940181,1.4912777292372168,1.75,2.5546976393744676,161423.00696477556,-1.0027029951084416,4.068510224616016,4.190249246071707,1.75,2.745001703791172,1324222.045029126,0.22021024010508874,0.9233529126029395,0.9492487298171498,3.5,3.7945523301924577,68206.49042769146,0.23177375506944112,3.82138631606726,3.8284086054345208,1.75,1.8887711205086342,1168243.0613680717,-0.01718339152955672,1.1382168028030313,1.138346502224877,1.75,2.9393545800904253,103643.0720432761,4.0,CIPN_11_1,CIPN_11,neuro,gait_full,4.0,0.5
9.79999225350478,0.9464634327235824,9.84558993652674,1.75,2.234269746317603,71663.50178939347,-0.185365647140055,0.41144060764374835,0.4512690957266055,1.0,1.4921425832916113,13542.697745530111,0.15523371633135127,0.3684151703901998,0.39978399725311964,1.75,1.7857580946509337,10858.397398528257,-0.004025458504844108,0.9464634327235819,0.9464719931403571,1.75,2.2342697463176098,71663.50178939341,0.1669424671400552,0.4114406076437483,0.4440193249770389,1.0,1.4921425832916102,13542.697745530115,0.4517360613313491,0.36841517039019955,0.5829195543819062,1.75,1.7857580946509324,10858.397398528243,0.02685974607999964,0.1587606472275925,0.16101673536501143,0.75,1.8001871296518097,2016.3977731342632,-0.003632381717085149,0.2181215439790438,0.2181517869391414,1.75,2.614883468917423,3806.1669933864855,-0.01391765342354374,0.1448099339106472,0.14547720796064204,2.75,2.852907352879367,1677.6026182030078,9.70841903805256,0.8531101189845209,9.745829728326632,1.75,3.060865833525488,58223.75939093691,0.244482920377907,0.4249906812743129,0.49029478635461193,4.5,4.12757561288935,14449.376990546234,1.3924175004336183,1.1380734538674602,1.798343037885602,1.75,2.123422998426144,103616.90749723848,-0.0064369480526029485,0.8531101189845273,0.8531344029014574,1.75,3.060865833525603,58223.75939093776,-0.12344223537790765,0.42499068127431283,0.4425551543537814,4.5,4.127575612889349,14449.376990546234,-0.040509579566377144,1.1380734538674606,1.1387941923080112,1.75,2.123422998426146,103616.90749723851,-0.017364630042743353,0.20720902731409846,0.20793535384098624,4.5,4.043045152787079,3434.869910587971,-0.010046195460008902,0.17029422389378004,0.17059029496077902,1.75,3.1552284965001074,2320.012059749446,0.027643666631342656,0.3916146811957967,0.39258913743621365,1.0,2.1079106037085023,12268.964699204977,9.531873644405536,5.410875891265028,10.960574486932058,2.75,2.5108313974150573,2342247.0676804287,-2.0463405554488854,3.21270157666704,3.8090630199031548,1.75,2.6974464737268575,825727.2481610121,7.057213655197295,3.0911917452852062,7.704526655234736,3.5,3.9232720415619795,764448.0568419697,3.688762964405571,5.410875891265036,6.548629636667764,2.75,2.5108313974150596,2342247.067680435,0.3555349395510965,3.2127015766670373,3.2323144206528656,1.75,2.697446473726854,825727.2481610103,-0.3969589898026561,3.0911917452852093,3.1165754997600437,3.5,3.9232720415619844,764448.0568419715,-0.11248786058098816,1.0097732834351745,1.0160194893394223,1.75,3.647888894914157,81571.51344553573,-0.16707620110818738,3.4491239217853926,3.4531681518294173,1.75,2.056348653144339,951718.1168454093,-0.07490207075444949,1.967593041509606,1.9690182064166717,1.75,2.0573860500878163,309714.2238530968,10.056752589227525,5.495143169051108,11.460142716794742,1.75,2.3868848711367496,2415744.608354493,-1.537905851445887,1.586286102391474,2.2094021830694004,1.75,2.5529679720297627,201305.4903714782,6.760328909834356,4.132947089344016,7.923591269901505,1.75,3.1891886641039116,1366530.9828760591,3.87438267922755,5.495143169051087,6.72364778921883,1.75,2.3868848711367563,2415744.608354475,0.6559927385540996,1.5862861023914723,1.7165750993405549,1.75,2.552967972029762,201305.49037147773,-0.703933320165598,4.13294708934401,4.192466310247046,1.75,3.1891886641039084,1366530.9828760552,0.2787591835079201,0.8462760525173946,0.891004960398328,3.5,4.250623984915493,57295.07027451283,0.07499523608974934,4.1106611937200235,4.111345246387353,1.75,1.8547354889768932,1351802.9049388417,-0.050703541961419685,1.2405818867951144,1.2416176009591517,1.75,2.876430908410369,123123.57539766663,4.0,CIPN_11_1,CIPN_11,neuro,gait_full,4.0,0.5
9.759863131590958,0.9213662928212993,9.803256815616722,1.75,2.28781834602654,67913.29013547393,-0.13459567692828053,0.409324636591944,0.43088589483633505,1.0,1.4613180304696116,13403.73383113425,0.2223868953383366,0.34415955565108414,0.4097581371543168,1.75,2.092096185095282,9475.770147651623,0.036103663408987866,0.9213662928213028,0.9220733810596746,1.75,2.2878183460265085,67913.29013547442,0.11617249692828004,0.4093246365919447,0.4254911364102416,1.0,1.4613180304696125,13403.73383113429,0.518889240338335,0.3441595556510833,0.6226490532272938,1.75,2.0920961850952735,9475.770147651581,-0.10147921883946319,0.3969685401447152,0.4097341256484429,0.75,2.2996393606311027,12607.340567354506,0.0049427475779563945,0.22272729914399575,0.22278213693561333,1.75,2.8242130945016237,3968.626615287431,0.0097802726261017,0.14179333649852333,0.14213023607953498,2.75,2.6866362678442846,1608.4316200753522,9.701429801801215,0.8029802876022376,9.734604128651279,1.75,3.0110492627079086,51582.20854535765,0.3536352253637001,0.5101766855000734,0.620756089817793,4.5,3.798315087578048,20822.42841781362,1.4029750710248254,1.128841040489326,1.8007279485280774,1.75,2.2836687522846124,101942.81720513605,0.0005522881987363482,0.8029802876022498,0.8029804775335738,1.75,3.0110492627078873,51582.20854535924,-0.23259454036370092,0.5101766855000743,0.5606964157499521,4.5,3.79831508757806,20822.42841781369,-0.029952008975169173,1.1288410404893243,1.1292383351333186,1.75,2.2836687522846044,101942.8172051357,-0.0963275623324428,0.41927848241890675,0.43020163305642173,0.25,2.868845099265703,14064.128444722573,-0.026647558816672214,0.18089349269700597,0.18284569475656176,1.0,3.011790757152516,2617.8009994529784,0.021318208528781465,0.3934962652754683,0.3940733139919758,2.75,2.314776966951023,12387.161040922152,10.065505848845273,5.969922058756902,11.702750846735592,1.0,2.267564534450198,2851199.077939619,-1.9896691848734753,3.523485887553264,4.046447363431544,1.75,2.470839897445564,993199.6243572083,7.062891663292209,3.003833322692352,7.67511910512922,4.5,3.7083086483872094,721841.3081732525,4.222395168845298,5.969922058756876,7.312221984425805,1.0,2.2675645344501985,2851199.077939596,0.41220631012650644,3.5234858875532535,3.5475155872659743,1.75,2.470839897445565,993199.6243572026,-0.3912809817077352,3.0038333226923575,3.0292103652871614,4.5,3.7083086483872125,721841.3081732553,-0.21504949276462312,1.1857808412300008,1.2051234325854137,1.75,3.7363103219244578,112486.26123450302,0.19992158744054087,3.6735161895274904,3.6789522742005394,1.75,2.076640790215285,1079580.813048301,0.15812907783497387,2.1293967792322372,2.1352600423980133,1.75,2.048578439105564,362746.96247014456,9.516477044938968,5.131738761613876,10.811941456755148,2.75,2.19923296828148,2106786.0067504803,-1.2577962392552586,1.9893875138039774,2.3536597161790067,1.75,2.6328603485582005,316619.67839763506,7.108816766310399,3.8111981563313924,8.066009372905516,1.0,2.35339292206537,1162019.0708380665,3.334107134939004,5.131738761613869,6.119723286612019,2.75,2.199232968281484,2106786.0067504733,0.9361023507447289,1.9893875138039818,2.198624636255356,1.75,2.632860348558211,316619.67839763657,-0.35544546368956603,3.8111981563313746,3.8277373034837647,1.0,2.353392922065363,1162019.0708380558,0.10929860324448455,0.9553176082436952,0.9615497476946523,2.75,4.130533569470398,73012.63110063753,-0.07791003410204488,3.965977017645936,3.9667421995775745,1.75,2.0079923813598364,1258324.900214827,-0.028187845978919386,1.4389260291604469,1.439202095626734,1.75,2.7574944707872255,165641.42794026266,4.0,CIPN_11_1,CIPN_11,neuro,gait_full,4.0,0.5
9.819242367281786,0.8111198739049682,9.852686746124897,1.75,2.3615709866057983,52633.33885700132,-0.15821532425334625,0.40889271871377175,0.4384351083635196,0.5,1.611419018511189,13375.496318684514,0.1645308369392202,0.6175500001088662,0.6390918548521651,0.5,0.8391128232549173,30509.460729597304,-0.023275572281835778,0.8111198739049631,0.8114537584537089,1.75,2.3615709866057832,52633.33885700065,0.13979214425334519,0.40889271871377136,0.43212856768800584,0.5,1.6114190185111887,13375.496318684489,0.46103318193921794,0.6175500001088667,0.7706617918928259,0.5,0.8391128232549114,30509.46072959735,-0.7886330574655881,0.988897420789692,1.2648558052885028,0.25,0.37966404276235327,78233.44875192402,0.11145920805663469,0.2424238490633368,0.26681918532087545,0.25,2.2135133826083795,4701.574320536773,-0.03293188704558622,0.15802226641579734,0.16141730349491185,2.75,2.1285973263167066,1997.68308066945,9.808617995751392,0.72183900999976,9.83514303622146,1.75,3.142379278853741,41684.26635354368,0.1559515673036843,0.6569809591231113,0.6752369006465795,0.25,2.6796789416637132,34529.95134588227,1.267826898150531,1.073070804312327,1.660983442043147,1.75,2.515234526691682,92119.67616151484,-0.10663590575144312,0.7218390099997692,0.729673058809819,1.75,3.142379278853683,41684.26635354474,-0.03491088230368545,0.6569809591231125,0.6579078585588916,0.25,2.679678941663715,34529.95134588239,-0.165100181849462,1.073070804312324,1.085697481398121,1.75,2.5152345266916867,92119.67616151433,-0.7679423412200482,0.9621112049440286,1.2310131640715218,0.25,0.49841835361812076,74052.65880610383,-0.06685964663104743,0.2324804584700914,0.2419036500718673,1.0,2.3471167961177293,4323.7805475914865,-0.11839778048527683,0.42379452471824963,0.44002253761029886,2.75,2.1538180675933956,14368.205005175076,9.26222872517646,5.343699612311142,10.693175697803632,2.75,2.208737401560271,2284412.6493778387,-2.0963328192886315,3.6929388292236194,4.246458346153196,1.0,2.1292909733911816,1091023.8221107004,7.094589128543646,2.5903042972328896,7.552673119837297,4.5,3.389966264630766,536774.1291970062,3.4191180451764946,5.343699612311117,6.343933618305406,2.75,2.2087374015602665,2284412.649377818,0.3055426757113521,3.692938829223612,3.7055571137236987,1.0,2.1292909733911802,1091023.8221106958,-0.35958351645631104,2.5903042972328874,2.6151437164275024,4.5,3.3899662646307718,536774.1291970053,-0.8405334061924917,1.9423323998186048,2.116400613851417,1.0,2.3047030129338926,301812.41311586305,0.2640536625547993,3.6196964976832073,3.629314959058897,1.75,2.0365159713837375,1048178.1347364181,-0.24854921055716164,1.8809469211027252,1.8972975597081259,1.75,2.003541064231677,283037.0439423336,9.343108795669728,4.706667882334619,10.46166356380864,1.0,2.0686967380956056,1772223.1836957887,-0.4455428792940902,3.1524969591466934,3.183825613113698,1.0,1.545271807283249,795059.6591569909,7.2928420115234305,3.382715428132849,8.039173357551702,1.0,3.1087553636548773,915455.2025119034,3.160738885669776,4.706667882334615,5.669479064075043,1.0,2.06869673809559,1772223.1836957857,1.7483557107058993,3.152496959146702,3.604855720911328,1.0,1.5452718072832488,795059.6591569952,-0.1714202184765362,3.3827154281328395,3.3870560312800384,1.0,3.10875536365489,915455.2025118984,-0.481993794914035,1.663752023717706,1.732163045085651,1.25,2.4310442984737186,221446.66022418623,-0.16100983801956126,3.530052968991941,3.533722984591166,1.75,1.7367820200278532,996904.2006073945,-0.3295127823311285,1.5592525253299927,1.593689778930505,2.0,2.4301138739968873,194501.9110760502,4.0,CIPN_11_1,CIPN_11,neuro,gait_full,4.0,0.5
9.72863633798125,0.7705849962731439,9.759106835831364,1.75,2.3467610582606304,47504.11897246956,-0.17995853382983737,0.44722376092484944,0.4820727810548441,1.0,1.5269795007557898,16000.734546486321,0.08837289523611493,0.63570586908834,0.641819071550367,0.5,0.912664568803331,32329.829572823586,0.06733045701870934,0.7705849962731375,0.7735209285621298,1.75,2.3467610582606464,47504.11897246877,0.1615353538298378,0.44722376092485083,0.47550264234039646,1.0,1.526979500755795,16000.734546486416,0.38487524023611236,0.6357058690883406,0.7431358573909401,0.5,0.9126645688033246,32329.829572823648,-0.6552123109621948,1.0140122383221997,1.2072795831552927,0.25,0.623589889401975,82258.24469926984,0.08731785505277506,0.22810028868077065,0.24424198964811178,0.5,1.7058546746524577,4162.389392225404,-0.04722763703403006,0.1477710299555368,0.15513454481171574,2.75,2.140891803603069,1746.9023501087224,9.727641511185851,0.7450120691299793,9.75612896354366,1.75,3.10601862339561,44403.5376360408,0.05865720988195103,0.5876397517953432,0.590560027568094,0.25,2.960656260698654,27625.699085529628,1.2205834216396654,1.0815595824620077,1.6308264835956598,1.75,2.1575272291698653,93581.73118854087,-0.025659421185904172,0.7450120691299762,0.7454538141594851,1.75,3.106018623395558,44403.53763604044,0.06238347511804844,0.5876397517953441,0.5909417702768165,0.25,2.960656260698646,27625.69908552971,-0.21234365836032537,1.0815595824620057,1.1022073124694984,1.75,2.15752722916986,93581.73118854054,-0.6628227905344918,0.9704307705431177,1.1751893175437054,0.25,0.7765689875046583,75339.38875051278,-0.05177848043651732,0.2203200796290909,0.22632266462748213,0.75,2.537942856650915,3883.2843393735607,-0.12303188192716023,0.3995311359496347,0.41804541925937205,1.0,1.8181449893733364,12770.011820551232,8.905079878484369,4.9226794521615505,10.17512754863155,2.75,2.732022963910249,1938671.736844947,-2.4206700835184547,3.3957195675923284,4.170198440718459,1.75,2.035486312409851,922478.271482582,7.1697384901261145,2.4628642725482917,7.580953135443507,4.5,3.1523073528658667,485257.7001977443,3.0619691984843973,4.922679452161541,5.797277668112907,2.75,2.7320229639102624,1938671.7368449396,-0.018794588518467954,3.395719567592321,3.3957715792271657,1.75,2.0354863124098403,922478.271482578,-0.28443415487383933,2.46286427254828,2.4792344006675857,4.5,3.1523073528658867,485257.70019773976,-0.9063071688626354,1.8514860339860135,2.0614056413954684,0.25,2.1803628162201765,274240.2579870708,0.2559978778925898,3.675070041944374,3.683975397133174,1.75,1.9574086780797617,1080491.2180500145,-0.20737717525085067,1.8605805672217728,1.8721018508452782,1.0,1.8908644594381587,276941.20883632987,10.13261791068811,5.291567594394104,11.431125637050767,1.0,2.072797397429847,2240060.6342486674,-0.7099303922141554,3.014335706146061,3.0968081811982504,1.0,2.16512336016357,726907.4752472381,6.899876862728554,3.72818776682406,7.842683516852724,1.75,2.472314911073849,1111951.5400704725,3.9502480006881537,5.2915675943941265,6.603419331905463,1.0,2.0727973974298473,2240060.634248686,1.4839681977858328,3.014335706146066,3.3598186500742617,1.0,2.165123360163573,726907.4752472404,-0.5643853672714051,3.7281877668240546,3.7706650431305366,1.75,2.4723149110738523,1111951.5400704695,-0.32712342519356674,1.6783067872146675,1.7098898816360049,0.25,2.776491622494109,225339.6369347746,0.16221287092259376,3.5957635553085856,3.5994205868692797,1.75,2.11122111497647,1034372.4530693227,-0.31578010210655993,1.3355550302629366,1.3723790699901623,1.75,2.3889285691601283,142696.75677673245,4.0,CIPN_11_1,CIPN_11,neuro,gait_full,4.0,0.5
9.752136269681426,0.9378617818782271,9.797129505336946,1.75,2.298964795296859,70367.08940530234,-0.15377090755802095,0.4450129217555162,0.47083117201455404,1.0,1.6387848585803884,15842.924042251601,-0.03839745393916474,0.41510082228400685,0.4168729508253911,0.25,1.6697724703965617,13784.795053715752,0.04383052531852407,0.9378617818782349,0.9388854226461905,1.75,2.298964795296822,70367.08940530353,0.13534772755802138,0.445012921755518,0.4651403098899332,1.0,1.6387848585803944,15842.924042251729,0.2581048910608329,0.41510082228400663,0.4888014192393296,0.25,1.6697724703965597,13784.795053715736,0.02094771105100707,0.1572488269831473,0.15863795316963805,1.0,2.1546929680862754,1978.1770120147023,-0.005969834852809659,0.20023057121551763,0.20031954616927,1.75,2.7739671513913815,3207.391173101308,-0.01744834208322627,0.14847146775421768,0.1494932151588994,2.75,2.8162983719071133,1763.5021817263516,9.673985258143462,0.8441596067430084,9.710746429416922,1.75,2.8826131188179596,57008.53171910044,0.28739843590833514,0.44377885592899957,0.5287130922648021,4.75,4.197687011925735,15755.218934918426,1.3782568879935524,1.229230201434074,1.8467806955400323,1.75,2.34740679628559,120881.23852809264,0.027996831856479023,0.8441596067430034,0.8446237412306751,1.75,2.8826131188178987,57008.531719099796,-0.16635775090833516,0.443778855928999,0.4739352004830734,4.75,4.197687011925743,15755.218934918385,-0.054670192006439695,1.2292302014340715,1.2304453332073184,1.75,2.347406796285582,120881.23852809213,0.004535841456736702,0.22817115027478335,0.2282162300876921,2.75,3.3054751398614153,4164.968523441329,-0.011766098327142266,0.15354600365510038,0.1539961567971619,1.0,4.437020326689404,1886.118399523064,-0.014840007596975053,0.41647630701890365,0.41674061493161707,1.0,2.2747207333747883,13876.222291156275,9.848859073728892,5.668942952516072,11.36384350706457,1.0,2.156146509016404,2570955.9090138185,-2.5196526037928515,3.500068771185114,4.312670941171534,1.0,2.1614543220590874,980038.5939467747,7.193115360565597,2.9635967887639785,7.779705297553173,1.0,3.3107440151653664,702633.3510209924,4.005748393728907,5.668942952516057,6.941392828009605,1.0,2.1561465090164087,2570955.9090138045,-0.11777710879286457,3.5000687711851093,3.502049806953186,1.0,2.161454322059077,980038.5939467723,-0.26105728443435383,2.9635967887639723,2.975072575943042,1.0,3.3107440151653846,702633.3510209895,-0.23114030623362208,1.1202599630739054,1.1438567331760214,1.0,4.279011581618307,100399.66397721953,-0.11011587221583255,4.018996408691015,4.020504649715646,1.0,2.190521126572715,1292189.5711529737,-0.03756979880683721,2.1290234931046967,2.1293549549039756,1.0,2.1151712894026016,362621.41938271397,10.726844407655015,5.804346115965092,12.196541508967153,1.0,2.248927733442073,2695238.096775534,-1.6151526217920593,1.649551825731179,2.308622796702577,1.0,2.6079648101502055,217681.70027377974,6.777321987566285,4.274501051965658,8.01270569573131,1.0,2.6303816872633003,1461709.1009313182,4.544474497655052,5.804346115965117,7.371748930461243,1.0,2.248927733442071,2695238.096775558,0.5787459682079277,1.649551825731174,1.7481327528222739,1.0,2.607964810150195,217681.70027377844,-0.6869402424336812,4.274501051965654,4.329347080095372,1.0,2.630381687263296,1461709.1009313154,0.235354373828614,0.945338664939994,0.9741955002517663,1.0,4.096692452627065,71493.3523664664,0.23333545841901818,4.053630695423959,4.060340780161063,1.0,2.0402504226668268,1314559.531394942,-0.0114810365285412,1.3573732943053907,1.357421848318804,1.75,2.9804060204710976,147397.45280586905,4.0,CIPN_11_1,CIPN_11,neuro,gait_full,4.0,0.5
9.8651727342605,0.9639041645448537,9.912151346464789,2.0,2.2938994913132857,74328.90073604225,-0.18411310452541949,0.3679659166309855,0.4114566211158467,1.0,1.7782325491721933,10831.926130859105,-0.18309621088558906,0.3416531227813053,0.3876223403609211,2.0,2.018257544457963,9338.15379271295,-0.06920593926055398,0.963904164544873,0.966385378850428,2.0,2.293899491313265,74328.90073604524,0.16568992452541864,0.3679659166309853,0.4035493363782428,1.0,1.7782325491721984,10831.926130859096,0.11340613411440902,0.3416531227813055,0.3599830656586406,2.0,2.0182575444579673,9338.153792712967,0.02937483961504739,0.14468627726424113,0.14763807107583943,1.0,2.2146096619999267,1674.7371973122767,0.010992092545376643,0.19449776085389944,0.19480812374155956,2.0,2.8976478714563303,3026.350499264328,-0.030415452156773458,0.14711603896721712,0.15022725668567843,2.75,3.074109652881256,1731.4563326323614,9.771212018560263,0.8114784270616417,9.804849899373417,2.0,2.90042807804678,52679.78020563973,0.30256776777462313,0.4810180394917738,0.5682654383407705,4.75,4.369575770418394,18510.34240785965,1.3158895714702958,1.1994498996858045,1.7805183026749727,2.0,2.356753423335613,115094.62690986504,-0.06922992856031646,0.8114784270616384,0.8144261910049906,2.0,2.9004280780468124,52679.78020563929,-0.18152708277462318,0.4810180394917732,0.5141307577816892,4.75,4.369575770418397,18510.3424078596,-0.11703750852969731,1.199449899685803,1.20514639785344,2.0,2.3567534233356104,115094.6269098648,-0.007009816166811487,0.22798372471753148,0.22809146467759744,2.75,3.715952902186487,4158.126559819227,-0.021332051685291287,0.1663294131377486,0.16769177112742234,1.0,3.957848907216702,2213.237979483508,0.002339751255942332,0.4513191515579629,0.4513252164447929,1.0,2.2244944449460613,16295.123328624475,10.281848824083031,6.065515800969692,11.937625273609093,1.0,2.4080526046152166,2943271.1750172796,-2.1020928544831547,3.8279630282689454,4.36716101313692,1.0,2.8028054932277793,1172282.4244322095,7.11160399363541,3.2770687951534825,7.830331490458102,1.0,3.496809020379734,859137.3378626263,4.438738144083048,6.065515800969671,7.516174442064964,1.0,2.4080526046152397,2943271.1750172595,0.29978264051683134,3.827963028268944,3.8396836558952603,1.0,2.8028054932277695,1172282.424432209,-0.3425686513645506,3.277068795153483,3.2949253662361495,1.0,3.4968090203797435,859137.3378626268,-0.09109577894213113,1.1103958921062105,1.1141263295279493,1.0,4.239275640626461,98638.33241836463,-0.33476210642067783,3.9223257072604416,3.9365854013003876,2.0,2.333036135721858,1230773.9907797505,-0.17613945304584688,2.094479311149949,2.101872663068449,2.0,2.1007312241669136,350947.4921989761,10.554798316774061,6.020355932085739,12.15106798009033,1.0,2.338346276999041,2899574.849162061,-1.5880768749428569,1.7272219058076776,2.3463340922874085,2.0,2.429190405853632,238663.6719715356,6.914995099756645,4.445492744897321,8.220678985010492,1.0,2.72416973533355,1580992.5158762657,4.372428406774095,6.020355932085735,7.440619310337342,1.0,2.338346276999026,2899574.8491620575,0.6058217150571281,1.7272219058076703,1.830386697486802,2.0,2.429190405853624,238663.67197153362,-0.5492671302433244,4.445492744897325,4.479296833801092,1.0,2.7241697353335472,1580992.5158762685,0.24396143267178236,0.9658847811991395,0.9962181443757077,1.0,4.198003459083464,74634.67371819034,0.059439207195193,4.220683465663902,4.221101981317277,1.0,1.939252534949068,1425134.0606326554,-0.054890810976756785,1.4155351072907216,1.416598969751934,2.0,3.020042874729076,160299.30318733066,4.0,CIPN_11_1,CIPN_11,neuro,gait_full,4.0,0.5
9.749670624381508,0.8479189923405419,9.786472495312063,1.75,2.680885198624581,57517.9710811475,-0.08303967763150848,0.3897551294211336,0.3985030099901749,1.0,1.871608962200414,12152.781724074754,-0.09790943025516896,0.305868945346457,0.32115738861225923,1.75,2.2795287782409264,7484.51098541445,0.04629617061842785,0.8479189923405454,0.8491819316175635,1.75,2.6808851986245457,57517.971081147945,0.06461649763150837,0.3897551294211331,0.3950751228263391,1.0,1.8716089622004148,12152.781724074723,0.1985929147448293,0.3058689453464572,0.3646847371555342,1.75,2.279528778240923,7484.510985414463,0.03048441472348924,0.1545463176897941,0.15752416910591355,1.0,2.115160495128445,1910.7655536634998,0.019773726924083933,0.1789239091765841,0.18001323715632347,1.75,2.941866037318782,2561.1015396309904,-0.01699465602090387,0.14801415951027172,0.14898660929359053,2.75,2.934201418385948,1752.657020994227,9.727370777058363,0.7620686854773172,9.757176380272837,1.75,3.2221966275742924,46460.23749993343,0.28635710364775024,0.5042317305906393,0.5798707001944134,4.75,4.082500185432513,20339.99111669152,1.2132748390397345,1.0864278282321258,1.628607153675823,1.75,2.131080805902963,94426.06124933592,-0.025388687058410422,0.7620686854773214,0.7624914863889842,1.75,3.2221966275743377,46460.23749993395,-0.1653164186477509,0.5042317305906402,0.5306403267835478,4.75,4.082500185432515,20339.991116691595,-0.2196522409602593,1.086427828232125,1.1084099119531705,1.75,2.131080805902965,94426.06124933576,0.010682080017571552,0.22032009927393265,0.22057890419887696,2.75,3.69151564337274,3883.2759237239375,-0.02755714531642659,0.16445754061009168,0.1667503490896214,1.0,3.2995699008858224,2163.7055575084564,0.03569306419888173,0.41260981529174173,0.41415076301630876,1.0,2.202013122315224,13619.766559230322,10.052771951180683,6.050218627562949,11.733003423836319,1.0,2.184676069421497,2928411.635351124,-1.8832330322675512,3.725841340636182,4.174740752360229,1.0,2.326967506334306,1110551.6991563542,6.940419454998655,3.1230666070269217,7.610713977233048,1.0,3.418881906172844,780284.3521700542,4.2096612711807095,6.050218627562925,7.370644032877195,1.0,2.1846760694214917,2928411.6353511,0.5186424627324289,3.7258413406361774,3.7617660346893915,1.0,2.326967506334305,1110551.6991563519,-0.5137531900013127,3.1230666070269324,3.1650414487275267,1.0,3.418881906172856,780284.3521700596,-0.13522961307849207,1.0313000196199016,1.0401282510928005,2.75,4.143976230816288,85087.41802465379,0.03221586375293956,3.594474636916542,3.594619003081364,1.75,2.3209023559870023,1033626.4856117072,0.032461357422333956,2.044339888577685,2.0445975936001495,1.75,2.3244160460492176,334348.9313299827,9.979020172535195,5.653069632871421,11.469003438745558,2.75,2.4066923949768766,2556580.249990205,-1.4939435693822705,1.5782447498822552,2.1731828912978175,2.75,2.295798875414306,199269.04048959623,6.79956719989163,4.159382098217374,7.970857767192516,1.0,2.8792140956183574,1384047.4971869988,3.796650262535229,5.653069632871404,6.809680571811108,2.75,2.4066923949768624,2556580.249990189,0.699955020617717,1.5782447498822494,1.726497472172732,2.75,2.295798875414306,199269.04048959477,-0.6646950301083342,4.1593820982173835,4.212158463545972,1.0,2.879214095618365,1384047.497187006,0.2567988004884684,0.8904691677649412,0.926758308661057,2.75,4.7349441223741975,63434.95608272726,0.07539678043059118,4.114063943756733,4.11475476885543,1.75,1.9136101260671865,1354043.2249533138,-0.04547715466155692,1.2977752340994313,1.2985718038822285,1.75,3.013238380563697,134737.64527984933,4.0,CIPN_11_1,CIPN_11,neuro,gait_full,4.0,0.5
9.738863134326602,0.8578608931493281,9.776573042796782,1.75,2.304341048105373,58874.02705076139,-0.17041291660682312,0.37105593637483025,0.40831736439373495,1.0,1.3183850266603174,11014.6480549845,0.4804416456707027,0.2876106146149752,0.5599500339619392,1.75,1.795589451956759,6617.59492247494,0.04944695567334659,0.8578608931493384,0.8592847685257446,1.75,2.304341048105383,58874.0270507628,-0.07799590339317534,0.37105593637483086,0.37916469886464915,1.0,1.318385026660316,11014.648054984538,1.1138095806706985,0.28761061461497545,1.1503441431298032,1.75,1.7955894519567612,6617.594922474947,0.0039700246011988806,0.1515033756398658,0.1515553823709617,0.75,1.7166550999833525,1836.2697509369573,0.02104077032280495,0.18207127319719854,0.1832830121408581,1.75,2.7193991291473103,2651.998969242679,-0.01665492335523585,0.10795351584442583,0.10923071021988953,2.75,2.8603018725851226,932.3177408053558,9.75312833672657,0.7934226286928662,9.78534781294874,1.75,3.1985822186698383,50361.566092184024,0.1449644519965171,0.383199646826873,0.4097031384684412,1.0,3.958738053163477,11747.430249625875,1.3118750735973208,1.0972540772671964,1.7102580854378275,1.75,2.13727935935692,96317.52695215277,-0.042390821726626574,0.7934226286928575,0.7945542457809552,1.75,3.1985822186698925,50361.56609218292,0.029663358003482316,0.3831996468268723,0.38434604737954886,1.0,3.9587380531634913,11747.430249625833,0.0658922585973291,1.0972540772671995,1.0992307764171045,1.75,2.1372793593569126,96317.52695215332,-0.009239893285615024,0.18610106642743646,0.18633030497844058,0.75,3.7376330677358194,2770.6992203761038,-0.018316137088861754,0.15454308213169293,0.15562469313261687,1.75,4.237455553060793,1910.720127958129,0.0030957262126349704,0.37232068015300185,0.3723335499124106,1.0,2.727420258913686,11090.010171541771,9.508290487962077,5.692154191406508,11.081886452324657,0.75,2.152203850204003,2592051.0985683245,-2.1919891374569977,3.292587043249116,3.955495647336934,1.75,2.426767230498542,867290.8177798362,7.1097908018218945,3.0961388782408066,7.754688981450221,4.5,3.386600261367657,766886.1399611521,3.7412024029621067,5.692154191406511,6.811550099549745,0.75,2.152203850203999,2592051.0985683273,0.09076843254299131,3.2925870432491138,3.293837935557585,1.75,2.4267672304985437,867290.8177798351,-0.4527823431780626,3.096138878240813,3.1290713963807373,4.5,3.386600261367655,766886.1399611551,-0.17083105246622327,1.0636096340638903,1.0772412460355574,1.75,4.225623907222596,90501.29458400913,-0.00842696812744827,3.5447024043954394,3.5447124212718064,1.75,2.019707993842084,1005193.9544514951,0.13120518725076316,2.065568469428141,2.069731360118318,1.75,2.0179591275241244,341326.1419802474,9.63595073169372,5.093895622468093,10.899510040191181,0.75,2.1397878393094465,2075826.0646154822,-1.616670343362365,1.5196404446552998,2.218767694045401,1.75,2.4159846068774633,184744.95792103556,6.718609809867103,3.493135753870518,7.572431258995424,0.75,2.8905217646994634,976160.4312381378,3.4637685066937536,5.0938956224680965,6.159989032503477,0.75,2.139787839309453,2075826.0646154855,0.48412153663762625,1.5196404446552996,1.5948920788782333,1.75,2.41598460687746,184744.95792103553,-0.7792614801328608,3.49313575387052,3.579000677477922,0.75,2.890521764699468,976160.431238139,0.20601153643010536,0.8044784379678198,0.8304374210603929,1.0,4.168440491497732,51775.004510780345,-0.2417069542064376,3.669863758498056,3.67781487539126,1.75,1.8445681901943811,1077437.94953649,-0.1504685041630756,1.1370255874071866,1.1469385149883715,1.75,2.711288896267221,103426.40475477715,4.0,CIPN_11_2,CIPN_11,neuro,gait_full,4.0,0.5
9.69218435548441,0.9569024931707242,9.739306954918971,1.75,2.382279126187134,73253.15809315027,-0.08510029897903998,0.2998283678280754,0.3116714793508859,1.0,2.018792308821223,7191.914137439245,0.39615938190994954,0.29646628328409125,0.4948075514779016,1.75,2.477641656437927,7031.487159927961,0.09612573451554733,0.9569024931707296,0.961718533809405,1.75,2.3822791261871674,73253.15809315111,-0.16330852102095827,0.299828367828076,0.34141869192020047,1.0,2.018792308821215,7191.914137439268,1.029527316909947,0.29646628328409236,1.0713630352910624,1.75,2.4776416564379127,7031.487159928013,-0.017223356842402646,0.15383026299748975,0.15479145271880357,1.0,1.6850892440364256,1893.1000190892216,0.0143678575791012,0.19743874212046625,0.19796083506978168,1.75,2.8045229485231618,3118.5786681467725,-0.004811708983303781,0.1198611729146753,0.11995771469906259,2.75,2.904671083732896,1149.3364962971207,9.71061805973952,0.8389153099447496,9.746788291503977,1.75,3.1658083453279646,56302.62278098455,0.2003978473362304,0.40754154022026584,0.4541468971842719,4.5,4.166061452964271,13287.230893252063,1.3104792345292942,1.1616518511769631,1.7512255273023374,1.75,2.1581490068647526,107954.85347339457,0.00011945526042462352,0.838915309944745,0.8389153184495123,1.75,3.1658083453280157,56302.622780983926,-0.025770037336230834,0.40754154022026523,0.40835548463246674,4.5,4.166061452964283,13287.23089325202,0.0644964195293008,1.1616518511769645,1.1634409359632176,1.75,2.158149006864751,107954.85347339483,0.01204732204728612,0.2131614017449397,0.21350157180306334,2.75,3.8445007897904064,3635.0287853482564,-0.002546140539174688,0.16027385984583123,0.16029408280259871,1.75,3.9884783155985706,2055.019821769151,-0.025305132537040996,0.41482115117120255,0.41559227277671906,2.75,2.198252330928012,13766.127108486195,9.98833169363002,6.006489213055282,11.655242712553154,2.75,2.711365795871989,2886287.728380821,-2.3657798551291522,3.4287911275160523,4.16575598410033,1.75,2.396410198784079,940536.8589783481,7.383037244830366,3.07526792322867,7.997906711020799,4.5,3.5721312729605175,756585.2066343648,4.221243608630052,6.006489213055289,7.341444699100418,2.75,2.711365795871998,2886287.7283808277,-0.08302228512916698,3.4287911275160483,3.4297961012224683,1.75,2.396410198784085,940536.8589783461,-0.1795359001695929,3.0752679232286795,3.080504169626937,4.5,3.5721312729604975,756585.2066343698,-0.29269022453700777,1.1639605906043602,1.2001965772404015,1.0,4.281299759098128,108384.73078517047,0.016983783084566467,4.1221448437802595,4.1221798313504046,1.75,2.1070889323951807,1359366.3133805098,0.07972922846004728,2.2399957366901413,2.2414142076512418,1.75,2.0318694655652196,401407.1462303461,10.490357224838336,6.07148921350963,12.120667307309514,1.0,2.0559488103828882,2949038.7107695355,-1.5410457349517401,1.7238361466491856,2.3122355022158234,2.75,2.4158504831981533,237729.41780821542,6.4232267582331675,4.7305041663130964,7.977186951249678,1.0,2.601907088286429,1790214.7081474052,4.318174999838372,6.071489213509645,7.450477608784091,1.0,2.055948810382892,2949038.7107695495,0.5597461450482508,1.723836146649189,1.8124367043818943,2.75,2.4158504831981524,237729.41780821644,-1.0746445317667916,4.730504166313093,4.851033965781089,1.0,2.6019070882864352,1790214.7081474033,0.2265175343915685,0.8223823957094963,0.853008205212427,2.75,3.709702729331687,54105.12269470739,0.17996770013096988,3.881992077771399,3.8861614563692966,1.75,1.9995532384895514,1205596.1120143884,-0.06448954006007777,1.1800346777524544,1.1817955582398756,1.75,3.1726755437136998,111398.99110812279,4.0,CIPN_11_2,CIPN_11,neuro,gait_full,4.0,0.5
9.701524503729,0.9744567832132138,9.75034069757588,1.75,2.3672980808554573,75965.46955053744,-0.18940481221050953,0.27608574385188667,0.33480967854401694,1.0,1.68956984161939,6097.892562827116,0.45160119345926375,0.31121047669025653,0.5484483555774491,1.75,1.9811708321996262,7748.176338330679,0.08678558627095904,0.9744567832132027,0.9783137330808643,1.75,2.3672980808554507,75965.46955053571,-0.059004007789488624,0.27608574385188617,0.2823204046707771,1.0,1.6895698416193863,6097.892562827098,1.0849691284592609,0.311210476690257,1.128720501502221,1.75,1.981170832199627,7748.176338330702,0.01065941378212572,0.1445034166630724,0.1448960335187961,1.0,1.913162856437473,1670.512592483528,9.677437616266771e-05,0.20658329025795055,0.2065833129250292,1.75,2.6368088619336456,3414.138443234966,0.0040566590089161185,0.12497072107236308,0.12503654508847,2.75,2.9750026930811933,1249.4181660167105,9.699266495160892,0.8513713816711721,9.736560161251987,1.75,3.1480325378444887,57986.84675399854,0.19549461775602983,0.43802359081499825,0.47966948170802076,1.0,4.115890884964602,15349.181818333926,1.3695122287215298,1.1773663605886135,1.8060330261829347,1.75,2.3350623076096166,110895.96664900337,0.011471019839054164,0.8513713816711661,0.8514486560121041,1.75,3.148032537844491,57986.846753997736,-0.02086680775603048,0.43802359081499737,0.43852034134848455,1.0,4.115890884964598,15349.181818333866,0.12352941372153517,1.1773663605886153,1.1838289838908607,1.75,2.3350623076096224,110895.96664900363,0.01221421361912143,0.21675511354290836,0.21709897802922198,2.75,3.736886861192879,3758.627552141367,-0.005353820514116948,0.16778719798489614,0.16787259216953823,1.0,3.8604922575966323,2252.2206216515565,-0.009239017990947389,0.42557196234211575,0.4256722384477947,1.0,2.315540092324033,14488.995668974054,9.530897553098539,5.782077033135844,11.147664463230706,2.75,2.2864068923071623,2674596.6015904727,-2.3726172128760314,3.418549955923205,4.161225329152241,1.0,2.2013506466382133,934918.7996170422,7.463505119692413,3.0328468657077363,8.056182022677248,1.0,3.4681194314759836,735855.8872464029,3.7638094680985854,5.782077033135855,6.899179409847645,2.75,2.2864068923071725,2674596.601590484,-0.08985964287605032,3.418549955923198,3.41973077252586,1.0,2.2013506466382142,934918.7996170385,-0.09906802530754061,3.0328468657077456,3.0344644641965464,1.0,3.468119431475979,735855.8872464076,-0.2137963703283433,1.114460486283933,1.1347823859462192,1.0,4.510468829321598,99363.306012877,-0.11466472859309597,4.021059490462768,4.022694050735654,1.75,2.260063704621506,1293516.448483143,-0.08090903939773889,2.0973810647571303,2.0989410671712583,1.75,2.1833821344166537,351922.5077895536,10.506541085434598,6.046688985279557,12.12228746007231,1.0,2.1791202526880524,2925000.1422808403,-1.2567811083079214,1.7413722831208474,2.147527923595221,2.75,2.4480481335677453,242590.4921475828,6.464939994978481,4.883318558591854,8.10199045194204,1.0,2.390521731755092,1907744.6223070058,4.334358860434646,6.046688985279598,7.4396985433369505,1.0,2.1791202526880546,2925000.1422808804,0.8440107716920664,1.74137228312085,1.9351309028470813,2.75,2.44804813356775,242590.49214758357,-1.0329312950214724,4.883318558591849,4.9913672680862025,1.0,2.3905217317550997,1907744.6223070023,0.2639011510756826,0.8687320266591467,0.9079312483235603,1.0,4.142528315160492,60375.87255440018,0.2793607458967439,4.002804505545538,4.012541131996486,1.75,2.026495955905559,1281802.011164603,0.06285493726539824,1.3596054761622913,1.3610576012605522,1.75,3.06014514694343,147882.54894775362,4.0,CIPN_11_2,CIPN_11,neuro,gait_full,4.0,0.5
9.811245708578424,0.8439817259317841,9.847479246375963,1.75,2.3072223184592136,56984.42661709173,-0.060643204689069634,0.4784062768063837,0.482234552850277,0.25,1.3733832218157287,18309.827647238344,0.21987685200355137,0.5306117472548986,0.574364567475996,0.25,1.6322067020040878,22524.259201420446,-0.022935618578477483,0.8439817259317729,0.8442933117740253,1.75,2.307222318459194,56984.42661709024,-0.18776561531092958,0.4784062768063853,0.5139343265251307,0.25,1.373383221815731,18309.82764723847,0.8532447870035463,0.530611747254897,1.0047763397262208,0.25,1.6322067020040718,22524.259201420322,-0.6030621632288657,0.9581332296059352,1.1321233406274154,0.25,0.8144419828156042,73442.28634601869,0.03642607550740237,0.19543581152163808,0.19880144718284176,2.0,3.0733687530802793,3055.666256723419,-0.003529790510657718,0.12997814013435874,0.13002606021039062,2.75,3.0671060304261806,1351.5464167346597,9.778692215740087,0.7815513910895711,9.809874822192677,1.75,3.0789556489140826,48865.99214982164,0.2307145322651913,0.5262884228324489,0.574637885459889,4.75,3.384438962793141,22158.360789116523,1.2503321230375501,1.1245185435181262,1.6816278936244236,1.75,2.235887438854854,101163.65338552826,-0.06795470074013572,0.7815513910895613,0.7845001072445495,1.75,3.0789556489140932,48865.99214982041,-0.056086722265191735,0.5262884228324484,0.52926857494274,4.75,3.3844389627931375,22158.360789116483,0.00434930803755682,1.1245185435181262,1.124526954410846,1.75,2.235887438854859,101163.65338552825,-0.5815456389414777,0.9012573763997149,1.0725950720969908,0.25,0.9090080604974751,64981.9478983634,-0.061320804108566385,0.18614456835052037,0.1959847987547063,2.0,3.340640756773684,2771.987598601931,-0.06375587106521287,0.43568960757015496,0.4403297006107124,1.0,2.2397460621818484,15186.047002093826,9.075367536534909,5.453014969518392,10.587618626536536,1.0,2.6122191371427013,2378860.222374155,-1.5918164241084745,3.786683216666083,4.107657399472609,1.0,2.4871976229382446,1147133.6126556052,7.441578869994577,2.9828939353105395,8.017153628792586,3.75,3.290971883427803,711812.8035271525,3.308279451534954,5.453014969518393,6.378094165755167,1.0,2.612219137142705,2378860.222374155,0.6909411458915108,3.786683216666079,3.849203742394839,1.0,2.487197622938251,1147133.612655603,-0.12099427500538874,2.982893935310551,2.9853468548724025,3.75,3.290971883427816,711812.8035271581,-0.6155233894454073,1.8419697305672302,1.9420920501562942,1.0,2.8107740361009466,271433.3069090779,-0.21131196251677242,3.475526129996468,3.481944087114398,1.75,2.1418926406605316,966343.708980596,-0.276602345336124,1.787011179260209,1.808291406893924,2.0,2.2883629150003504,255474.79860080272,10.402033675954705,5.726003945430906,11.873896823654233,1.0,2.1905301507014783,2622969.6964087407,-0.2020412144574916,3.4865117279567523,3.4923609036752543,0.25,1.3414403369251653,972462.0711607093,6.888058664673997,4.180922216220242,8.057633818068087,1.0,2.4454576931247214,1398408.935447316,4.229851450954758,5.726003945430946,7.118901915340233,1.0,2.190530150701471,2622969.6964087784,1.8987506655424964,3.48651172795675,3.9700148764303185,0.25,1.3414403369251662,972462.0711607084,-0.6098126253259578,4.180922216220235,4.225160590568229,1.0,2.4454576931247325,1398408.9354473115,-0.1954196724364011,1.4042033345277924,1.4177361718860535,1.0,2.2452658997944197,157742.98937160938,0.12430586398230162,4.085267727692381,4.08715846949262,1.0,1.8855569072767937,1335153.340411496,-0.2873095596523133,2.0469637244674717,2.0670286094665813,2.75,2.4527318290420492,335204.9768262806,4.0,CIPN_11_2,CIPN_11,neuro,gait_full,4.0,0.5
9.79207098448692,0.6636887615487368,9.814537021043668,1.75,2.3396825646174157,35238.62311509924,-0.024573828114843276,0.4629179103385041,0.4635696978237309,0.5,1.5672026259949703,17143.585694307145,0.11692643516609222,0.5058326035659304,0.5191708910088643,0.5,1.1055356851001525,20469.329908152497,-0.0037608944869709717,0.663688761548737,0.6636994173068396,1.75,2.3396825646174126,35238.62311509926,-0.22383499188515585,0.46291791033850604,0.5141936360014551,0.5,1.5672026259949732,17143.585694307287,0.7502943701660876,0.5058326035659289,0.9048802488358402,0.5,1.1055356851001505,20469.32990815238,-0.7866347361762459,0.9614633367363467,1.2422584095297007,0.25,0.4121348883322811,73952.94827606328,0.06920751558969307,0.17806311300803362,0.19103966192445318,0.5,2.3483962575475195,2536.5203959921882,-0.04073731054516144,0.13126303836766737,0.13743912729628574,2.5,2.6428529878278373,1378.4085878070623,9.775471717254929,0.6807650640175811,9.799147328581089,1.75,3.0785132970666855,37075.287493408476,0.07443485806257033,0.6217964361212126,0.6262358629684475,0.25,2.329516444164697,30930.616455209056,1.2726890296407751,1.0194638153523197,1.6306574861020589,1.75,2.0099938942904423,83144.53016864018,-0.06473420225497584,0.6807650640175801,0.6838359374356162,1.75,3.0785132970666895,37075.28749340837,0.10019295193742889,0.6217964361212123,0.6298169857910921,0.25,2.329516444164692,30930.61645520903,0.02670621464078293,1.0194638153523192,1.0198135578198337,1.75,2.0099938942904414,83144.53016864014,-0.8111826665045578,0.9005628526850333,1.2120357957064014,0.25,0.504610351918645,64881.08646788312,-0.09232518548282144,0.16936645469391778,0.19289617894096367,1.75,3.1529489722538084,2294.8019802719623,-0.06224341412277952,0.3740310534045338,0.3791747242532986,0.75,2.0923009195259503,11191.953452709517,8.861312877823593,4.826054014670808,10.090275678652317,1.75,2.0979846942710205,1863263.8319540047,-1.520635030356442,3.584266507825871,3.893494226869921,0.75,2.0750905794565604,1027757.3140421857,7.24925666311585,2.807825297984523,7.774034028207712,5.0,3.123478962652527,630711.3971225341,3.094224792823623,4.826054014670804,5.732802492764301,1.75,2.0979846942710156,1863263.831954002,0.7621225396435473,3.5842665078258746,3.664395879890029,0.75,2.075090579456559,1027757.3140421873,-0.31331648188411393,2.80782529798452,2.8252522226912937,5.0,3.1234789626525385,630711.3971225327,-0.8400866015973167,1.8625467396880728,2.0432390598522727,1.0,1.9589603452942337,277527.36242907995,0.23428319345049334,3.108745523482946,3.1175611212145653,1.75,2.1072424981951143,773147.0195364463,-0.17524336190897555,1.5167687128212535,1.5268587243378486,1.75,2.4775180917646007,184048.5707506449,9.69717863162438,4.766584212636507,10.805350455667233,1.0,1.9572372222025505,1817626.004492705,-0.11097218472762173,3.4706342758702045,3.472407968921325,1.0,1.3288096547268737,963625.3745610629,6.943670698948057,3.331440065074025,7.701496976731876,1.75,2.362990570662859,887880.1930812174,3.5249964066244193,4.766584212636522,5.92839984505691,1.0,1.9572372222025338,1817626.0044927162,1.9898196952723686,3.4706342758702027,4.000585544209611,1.0,1.3288096547268735,963625.3745610618,-0.5542005910518971,3.3314400650740184,3.377222409362856,1.75,2.3629905706628613,887880.1930812137,-0.39920023950909994,1.3011597433846638,1.361020759955177,0.25,2.017724080680302,135441.4624028789,-0.06388944618347482,3.74411588496567,3.744660948789074,1.75,1.9354954943194298,1121476.9661426714,-0.26981442240334225,1.931813802313911,1.9505651461428763,1.75,2.3342370200584606,298552.44623793324,4.0,CIPN_11_2,CIPN_11,neuro,gait_full,4.0,0.5
9.773376362594359,0.7938020708703198,9.805560017287956,1.75,2.2847107086242184,50409.743402530694,-0.07606346780384679,0.28693027449284686,0.29684109141910814,1.0,1.5275026094944117,6586.322379280883,0.42341004255080233,0.3592255641450738,0.5552648647881646,0.25,1.6669761364989297,10323.591438535546,0.014933727405587491,0.7938020708703232,0.7939425318826534,1.75,2.2847107086241953,50409.743402531116,-0.17234535219615205,0.28693027449284636,0.33471167120994727,1.0,1.527502609494404,6586.32237928086,1.0567779775507993,0.3592255641450742,1.1161642799210627,0.25,1.6669761364989197,10323.591438535574,-0.1710004491430813,0.510522728849246,0.5384000466928066,0.25,2.1539798878536964,20851.62107812286,0.038852171996480264,0.17655706340700852,0.18078132621415996,1.75,2.7254989053156247,2493.8310733270987,-0.039092241110280375,0.13105390585756102,0.13676011683070016,2.75,2.5139576195674236,1374.021523929349,9.759319699361859,0.7030512573944825,9.784610470778915,1.75,3.037664730832858,39542.492121418836,0.022433810086271447,0.5365241838583599,0.5369929940882525,1.0,2.3058187474152874,23028.657592897922,1.3078308587490748,1.0624402019460653,1.684992800520981,1.75,2.2267617588054667,90302.65440742964,-0.04858218436191024,0.7030512573944849,0.7047278192049331,1.75,3.0376647308328413,39542.49212141912,0.1521939999137278,0.5365241838583598,0.5576927590301122,1.0,2.3058187474152843,23028.657592897915,0.061848043749081455,1.0624402019460644,1.0642388656813762,1.75,2.226761758805459,90302.65440742945,-0.21756760560049743,0.5600061742334653,0.600784968342531,0.5,1.8231743428892562,25089.350441190723,-0.03686015201329333,0.1437886352559897,0.1484380087283009,1.75,3.2144819966529754,1654.0139007224927,0.0031108368971985057,0.3638651926275473,0.36387849031247105,1.0,2.59002231776752,10592.034242541311,9.74775596623959,5.497647085975525,11.191196087071958,1.75,2.185365873958624,2417929.897733073,-2.1403448818984083,3.4975011554787474,4.100437848089383,1.75,2.402763268817516,978603.0253551905,6.810269300556598,3.1195356325827075,7.4907456577470874,1.0,3.3670340302584427,778522.907771107,3.980667881239623,5.497647085975535,6.78747672280856,1.75,2.1853658739586237,2417929.897733082,0.14241268810158159,3.497501155478743,3.5003993638308564,1.75,2.4027632688175125,978603.025355188,-0.7523038444433482,3.1195356325827044,3.2089661321549374,1.0,3.3670340302584565,778522.9077711055,-0.40521539360779324,1.2147487147336526,1.2805522071215136,0.75,4.8418213664468635,118057.74740212664,0.2791951262414532,3.6925892831891907,3.703129154220879,1.75,2.0051151367149087,1090818.0394716146,-0.03142375644197939,1.717137229686645,1.7174247343173001,1.75,2.236791425376186,235885.21402129214,9.466862331323874,4.700764861431339,10.569705420810294,0.75,2.068663807037642,1767781.1023686957,-1.4894344595387872,1.629269039561192,2.2074719958663684,1.75,2.0306967308089954,212361.40928367793,6.692339302361538,3.5190983724473326,7.561181038230362,0.75,2.489754801044824,990724.6793773132,3.294680106323908,4.700764861431348,5.740392607259036,0.75,2.068663807037629,1767781.1023687015,0.6113574204612037,1.629269039561194,1.740194098032065,1.75,2.030696730808991,212361.4092836784,-0.8055319876384162,3.519098372447328,3.6101156682397493,0.75,2.489754801044823,990724.6793773109,0.09622459847913753,0.9141627180406563,0.9192130593110346,1.0,3.9022808724557194,66856.59596742934,-0.299120809827162,3.6241594158642845,3.6364824666797735,1.75,1.8572384812260105,1050767.1267219228,-0.10481170003603758,1.1749557781209876,1.1796213684925936,1.75,2.643504516386553,110442.0253869547,4.0,CIPN_11_2,CIPN_11,neuro,gait_full,4.0,0.5
9.731490355483462,0.8997480713431031,9.772996016102395,1.75,2.4122093769270565,64763.96218619749,-0.01680078919924078,0.34103736993676764,0.34145095432741873,1.0,1.7684311096193792,9304.599608341168,0.5113144591329138,0.30706050296657367,0.596429902503613,1.75,2.117340656579165,7543.023546254506,0.0568197345164829,0.8997480713431084,0.901540389619992,1.75,2.412209376927051,64763.96218619827,-0.23160803080075812,0.34103736993676736,0.41224842949948576,1.0,1.7684311096193797,9304.59960834116,1.144682394132912,0.3070605029665736,1.1851514400784147,1.75,2.1173406565791373,7543.023546254505,0.0015055652351944988,0.17049129262804505,0.17049794013025238,1.0,1.7034292502258173,2325.3850317107467,0.00979120210845598,0.177796351940714,0.17806574741413594,2.0,2.7797367180122987,2528.93086516358,-0.0013611009041983265,0.14020767137967172,0.14021427783710697,2.75,2.8822289233786944,1572.6556672820636,9.704986909401358,0.7434144762141595,9.733418515357105,1.75,3.1006417287981893,44213.44093436933,0.17859249077352993,0.4901664460428822,0.521688051029543,1.0,3.6581282159549366,19221.25305278399,1.314425490548095,1.1625845083956488,1.7547983101667701,1.75,2.1866931974033084,108128.3703899437,0.005750605598592111,0.7434144762141572,0.7434367174881265,1.75,3.1006417287981707,44213.44093436905,-0.0039646807735311505,0.4901664460428821,0.49018247981741014,1.0,3.658128215954922,19221.253052783988,0.06844267554810225,1.1625845083956496,1.1645974149884317,1.75,2.1866931974033066,108128.3703899439,0.016305772928973603,0.22127005144588016,0.2218700383054767,2.75,2.9624929853616346,3916.8350699728157,0.004278441752831792,0.1438328779489901,0.14389649697932697,1.75,4.142100575368335,1655.032068691984,-0.019952347081490882,0.39741834854252683,0.3979188860965632,1.0,2.1634618900110167,12635.319730825604,10.256534082373937,6.208923971213947,11.989463218310208,2.75,2.669858373643962,3084093.300160432,-2.436947506951291,3.6983415417089427,4.429045417555141,1.0,2.84101741508261,1094236.434405267,6.848088550409384,3.118762559736114,7.5248253599841,1.0,3.8869141039815416,778150.1314750452,4.489445997373983,6.208923971213969,7.661975087642397,2.75,2.6698583736439625,3084093.300160454,-0.15418993695130462,3.6983415417089445,3.7015543621277724,1.0,2.8410174150826175,1094236.434405268,-0.714484594590571,3.1187625597361235,3.1995574912664204,1.0,3.8869141039815625,778150.1314750498,-0.3195932542867107,1.0978511615849242,1.1434233779221663,2.75,4.536742363122953,96422.43589488105,0.04778165204951683,4.062256419953527,4.062537422317021,1.75,2.0744700489267722,1320154.8102405795,0.04190214313761904,2.015031316354323,2.015466942296043,1.75,2.086036809746503,324828.6402311472,10.315536197241691,5.718612142845082,11.794609441473623,1.0,2.1699847257651084,2616201.998418493,-1.4931667157064716,1.8260574099359308,2.3588201511085094,1.0,2.559117909044911,266760.18554753036,6.465126124762269,4.303133554631775,7.766261275419562,1.0,2.5932667177751347,1481357.8937301699,4.143353972241727,5.718612142845093,7.061862854770449,1.0,2.169984725765094,2616201.9984185034,0.6076251642935152,1.8260574099359324,1.9244983774128381,1.0,2.559117909044909,266760.18554753077,-1.0327451652376938,4.303133554631778,4.425327215621434,1.0,2.5932667177751494,1481357.8937301717,0.22544290268970155,1.0498358819482818,1.0737690074682193,2.75,4.688825735102411,88172.4684595892,0.05850591116653213,3.779588203538973,3.7800409958057846,1.0,2.1405608290992206,1142834.1343283786,-0.056618623043401414,1.3919261859844654,1.3930772324981093,1.75,2.7130070014619108,154997.30401871976,4.0,CIPN_11_2,CIPN_11,neuro,gait_full,4.0,0.5
9.701945746898444,0.868545147585494,9.740745451409513,1.75,2.4117375197465374,60349.75703072852,-0.1205827810453297,0.3891134560921765,0.40736898359671925,1.0,1.6251337158014816,12112.742554495264,0.5002028248518452,0.31438714912108606,0.5907978888945438,1.75,1.8071850717141191,7907.145139376101,0.08636434310150064,0.8685451475854977,0.8728284328283926,1.75,2.411737519746566,60349.75703072905,-0.12782603895466893,0.38911345609217646,0.40957145646008913,1.0,1.6251337158014854,12112.742554495258,1.1335707598518419,0.31438714912108523,1.1763596164113956,1.75,1.8071850717141094,7907.145139376059,0.0034079798151288297,0.15799991686462997,0.1580366668075808,1.0,2.6020913803924293,1997.155392248394,-0.004798721906546345,0.17799694020913404,0.17806161421190814,1.75,2.709282490011952,2534.6328583816507,0.004965915321647151,0.15000407299820154,0.150086249306962,2.75,3.0037872983974627,1800.102298803462,9.67990561129144,0.7357913318484588,9.707829908251114,1.75,3.1637745981218646,43311.11470096428,0.21754185899478887,0.5434148743542555,0.5853410852523168,4.75,3.6492221384354937,23624.011884908043,1.4181776022795887,1.179370753917488,1.844489925915397,2.0,2.3904152709259767,111274.27901437582,0.030831903708508065,0.7357913318484525,0.7364370239943198,1.75,3.163774598121843,43311.11470096354,-0.0429140489947904,0.5434148743542556,0.5451067246609408,4.75,3.6492221384354853,23624.01188490805,0.1721947872795987,1.1793707539174922,1.1918751696222973,2.0,2.390415270925977,111274.27901437659,0.004978991640882691,0.23853018028834094,0.23858213945337234,1.0,3.1556005993677543,4551.731764215731,-0.009553645296255207,0.16847955180894317,0.168750204492288,2.0,4.154110663955287,2270.8392769831353,-0.01335578537055234,0.4168592948343742,0.4170731934477161,1.0,2.265186550142417,13901.817167600988,9.662818384932983,5.745734557775789,11.24204273024337,2.75,2.274176120574175,2641078.0728944642,-2.3534222953477446,3.501966897480367,4.21928532470703,1.0,2.294936533652121,981101.9190132205,7.100607606765039,2.9645965056111185,7.694638446758314,1.0,3.3517256157227076,703106.595441143,3.8957302999330206,5.745734557775805,6.941914734295961,2.75,2.2741761205741726,2641078.0728944778,-0.07066472534775721,3.501966897480373,3.5026797818894013,1.0,2.2949365336521224,981101.9190132236,-0.46196553823492875,2.9645965056111216,3.0003740766108415,1.0,3.351725615722717,703106.5954411444,-0.2601978326445066,1.1065389083235633,1.1367195202629372,1.0,4.5558896647474665,97954.7879823144,-0.028803701271827284,4.0301456405080955,4.030248570114921,1.0,2.142226619710831,1299367.6977607277,-0.024835297590840407,2.054430037240045,2.05458014443841,1.0,2.165160742120887,337656.47623043595,10.597307669749302,5.918922601484118,12.13822781997796,1.0,2.2879519430863366,2802697.478662395,-1.2176636636049945,1.879291186601028,2.239294567871819,1.0,2.6693713180446115,282539.38866948057,6.5879928993023995,4.398986990584126,7.921662513928955,1.0,2.541419670337419,1548087.2602475416,4.425125444749343,5.918922601484116,7.390221915756493,1.0,2.2879519430863233,2802697.478662393,0.8831282163949907,1.8792911866010287,2.076451494889611,1.0,2.669371318044613,282539.3886694808,-0.90987839069756,4.398986990584126,4.492100313793845,1.0,2.5414196703374357,1548087.2602475418,0.2237814855188516,1.0358310323895592,1.0597283052378301,2.75,4.819705261317192,85836.3859847868,0.27279549850255,3.921679003517914,3.9311555032377585,1.0,1.945425276841201,1230369.639266328,0.08516828729067952,1.5233131176826173,1.525692135282857,2.0,2.7398528484971023,185638.86187523056,4.0,CIPN_11_2,CIPN_11,neuro,gait_full,4.0,0.5
9.818817787001416,0.8300866470822166,9.853843238858612,1.75,2.358182902392641,55123.51412794066,-0.31919876361149235,0.25845686173667826,0.41071620380729784,1.0,1.6782212909070813,5343.995988348007,0.23945233524298712,0.399126664756405,0.46544550204389296,0.25,1.2598502336751043,12744.193087183565,-0.03931707700146178,0.8300866470822019,0.8310172526537043,1.75,2.358182902392611,55123.514127938695,-0.0076655313885065504,0.25845686173667687,0.25857051214367016,1.0,1.678221290907084,5343.995988347947,0.5067748352429848,0.399126664756405,0.6450758313215014,0.25,1.2598502336751114,12744.193087183563,0.04067758637602791,0.14356570949368425,0.14921722077496333,1.0,1.8137896450673554,1648.889085097747,0.04133085199342192,0.19991643652168442,0.2041441180098776,1.75,2.562819145841861,3197.3270216010023,-0.01029191513706148,0.11857555483797592,0.11902136666297491,2.75,2.5715311891353774,1124.8148090319319,9.769759002862658,0.7349268375353226,9.797362320060724,1.75,3.368773678798958,43209.39695881154,0.14302521856945774,0.44353630200505006,0.46602646313611434,2.5,3.7964580706829,15737.956149414089,1.218352139732748,1.1240679671585339,1.6576823372357214,1.75,2.3138351539968656,101082.6532177078,-0.07617427286270416,0.7349268375353317,0.7388639769103955,1.75,3.368773678798955,43209.39695881262,0.057162546430541035,0.4435363020050504,0.44720465998325537,2.5,3.796458070682901,15737.956149414113,-0.3185805602672447,1.1240679671585327,1.1683417172095276,1.75,2.313835153996864,101082.65321770751,-0.005431986278622877,0.18054129131626576,0.18062298952535327,2.75,4.034704718543126,2607.613105225329,-0.021802388333268877,0.14714055953307623,0.14874706180876784,1.75,3.4968628010013254,1732.0303885157548,0.032606189487640276,0.40461214874750967,0.4059238284542813,2.75,2.3056628342812697,13096.889726129964,9.452844436980625,5.576707697954132,10.9752419881375,1.0,2.1720731542932463,2487973.573545569,-2.2307664288203126,3.242204786242504,3.9355064141588607,1.75,2.5283939539091262,840952.1236327084,6.972109339595087,3.2023155881919076,7.672361681362912,1.0,3.3445112524146805,820386.364714312,3.644946751980649,5.576707697954117,6.662229774872298,1.0,2.1720731542932383,2487973.5735455556,-0.08675168882032272,3.2422047862425107,3.243365186260564,1.75,2.528393953909127,840952.1236327115,-0.6012204704048683,3.202315588191917,3.258265056807195,1.0,3.3445112524146765,820386.3647143167,-0.16487215525366886,0.9819619902357933,0.9957068734551501,1.75,4.381625498095542,77139.97549649068,0.052695826917335806,3.6104460190737857,3.6108305563706877,1.75,2.081719131330877,1042826.2003390339,0.08702645178534965,1.8953287586447876,1.8973256722704037,1.75,2.0815140989011076,287382.2409850603,9.702686068585285,5.016888256545071,10.922970508253641,2.75,2.302958885716215,2013541.0964883207,-1.436942199410582,1.5317383744464144,2.1002441125256524,1.75,2.9869870202344804,187701.61790575064,6.682940671501358,3.6546902301332462,7.616984751004718,0.75,2.633105122286666,1068542.0119268782,3.487315318585325,5.016888256545092,6.109872004379463,2.75,2.30295888571622,2013541.0964883368,0.6374411605894066,1.531738374446414,1.6590821802928608,1.75,2.986987020234479,187701.61790575052,-0.7833031784985904,3.6546902301332436,3.737689734003797,0.75,2.6331051222866644,1068542.0119268768,0.18840906245173283,0.9642074098723831,0.9824428248334611,2.75,5.002925944669479,74376.64535369894,-0.337099839034108,3.732616072487873,3.747807231711847,1.75,1.8346323601643166,1114595.1925066996,-0.14208229232398314,1.2119654143860095,1.2202653578053788,1.75,2.6897198526668893,117509.2159934596,4.0,CIPN_11_3,CIPN_11,neuro,gait_full,4.0,0.5
9.77167892381284,0.8569054395393425,9.809179166596977,1.75,2.5576297786794986,58743.478604103315,-0.3822429107627057,0.3046495591308712,0.48879545487553383,1.0,1.8545905145789034,7424.910656707856,0.49625136894970867,0.26939796403554234,0.5646597951075986,2.0,2.6182903665740396,5806.121449685076,0.00782178618711451,0.8569054395393298,0.8569411372149484,1.75,2.5576297786794835,58743.478604101576,0.05537861576270695,0.3046495591308698,0.3096419625348393,1.0,1.8545905145789023,7424.910656707787,0.763573868949706,0.269397964035542,0.809703844852745,2.0,2.61829036657404,5806.121449685062,0.01628817461535561,0.17171302787059836,0.17248382119140682,1.0,1.7716268019227126,2358.829481415571,0.024493535815571656,0.19723129434733647,0.19874636290175066,1.75,2.810814825267806,3112.021479413566,0.005906912728599049,0.12646321861756815,0.12660109510228623,2.75,3.030723999410333,1279.4428665028772,9.746653423977545,0.7079845668020149,9.77233314587479,1.75,3.714838882831766,40099.909331749644,0.203298831571752,0.4392779332142761,0.4840408221704504,1.0,4.175644909010076,15437.390130904196,1.2296882210613544,1.1690397580091105,1.6966988762956845,1.75,2.261462557020458,109332.39600752908,-0.053068693977597246,0.7079845668020142,0.7099707269390221,1.75,3.714838882831764,40099.90933174956,-0.0031110665717532316,0.439277933214276,0.4392889497178592,1.0,4.175644909010091,15437.390130904188,-0.3072444789386368,1.1690397580091103,1.2087403052948442,1.75,2.261462557020455,109332.39600752904,-0.0009514063497362002,0.20080640369719047,0.20080865753209284,2.75,3.7670556018311907,3225.8976489564875,0.0018652972946602774,0.16483139765377125,0.16484195153689832,2.0,4.094222976699554,2173.5637772581763,-0.014874586597315408,0.44374645334865037,0.4439956848731157,1.0,2.6280863470308904,15753.056319340734,10.357166452338225,6.117201559986303,12.028759364412407,2.75,2.3227533249753956,2993614.5742311724,-1.9904317779128946,3.654617371597207,4.1614957401522785,1.0,2.3429218126783593,1068498.3656066766,6.824543836972825,3.456917804756224,7.650142436033747,1.0,3.3742405416417016,956022.4677925373,4.549268767338257,6.117201559986306,7.623385156410388,2.75,2.322753324975397,2993614.5742311776,0.15358296208709066,3.654617371597211,3.657843061016089,1.0,2.342921812678362,1068498.3656066793,-0.7487859730271265,3.4569178047562255,3.537083705857522,1.0,3.374240541641706,956022.4677925381,-0.22918031085834528,1.1753074232505343,1.1974435911695125,1.0,4.511846248344439,110508.03094577596,-0.02081179017293995,4.201552763859341,4.201604307654907,1.0,2.0916415413769776,1412243.8827582237,0.038566343530914496,2.1218031905850996,2.1221536566494077,1.0,2.0290982964603375,360164.13656781736,10.371370464477218,5.968364059270812,11.966064300989942,1.0,2.2795720478861554,2849709.6472250777,-1.3520446064391656,1.6375392904916175,2.123572354713874,1.75,2.517318057726089,214522.7948489044,6.736147562294618,4.427301151130949,8.06081134029405,1.0,2.8452335794844945,1568081.9978349977,4.155999714477279,5.968364059270849,7.272805728928226,1.0,2.2795720478861634,2849709.647225114,0.7223387535608231,1.637539290491621,1.7897788139319353,1.75,2.517318057726096,214522.79484890532,-0.730096287705324,4.427301151130952,4.487096619432943,1.0,2.845233579484481,1568081.997835,0.23482112910740152,0.9736804826147094,1.0015960487642153,2.75,4.854779964802464,75844.30003348396,-0.11367641666943325,3.8800608520111775,3.8817257171284667,1.0,2.266042788956731,1204409.376444699,-0.11634245733439574,1.3782837029802693,1.3831852852310167,1.75,2.765442719089552,151974.33389339107,4.0,CIPN_11_3,CIPN_11,neuro,gait_full,4.0,0.5
9.675045659135012,0.8365657934854479,9.711145701366918,2.0,2.2702704617204796,55987.38748010924,-0.48149319604638136,0.3236550576859151,0.5801622998822243,1.0,1.9898817349319349,8380.208306393713,0.6079524952544407,0.3499272971730087,0.7014665706880892,2.0,1.961639450314124,9796.01795729822,0.10445505086494229,0.8365657934854566,0.843061791615033,2.0,2.2702704617204397,55987.3874801104,0.15462890104638247,0.3236550576859146,0.35869582295377334,1.0,1.9898817349319367,8380.208306393686,0.8752749952544379,0.34992729717300797,0.9426321820436977,2.0,1.9616394503141321,9796.01795729818,0.008303242965236983,0.18542618324099538,0.18561199658174835,1.0,2.0233073445051395,2750.6295593748,0.02359308257936216,0.20722618011422475,0.20856491380462278,2.0,2.6341510530572863,3435.4162861257787,0.0001569146144237582,0.1380280684461761,0.13802815763886184,2.75,3.074514658777673,1524.1451273489145,9.698632232363265,0.7412373172020138,9.726916260513837,2.0,3.2324238844443274,43954.639413022785,0.22628895882374775,0.4871574875819153,0.5371490580766756,1.0,3.962833670731353,18985.854159245897,1.2210084690099017,1.1713351204370834,1.692006987504266,2.0,2.484224407335807,109763.13971767477,-0.005047502363311609,0.7412373172020258,0.7412545026459969,2.0,3.2324238844443616,43954.63941302421,-0.026101193823749293,0.4871574875819146,0.4878562185994438,1.0,3.96283367073135,18985.854159245846,-0.3159242309900891,1.1713351204370848,1.2131916930543332,2.0,2.4842244073358084,109763.13971767502,-0.0007409677775635248,0.19839650459790695,0.19839788826979662,1.0,3.4740988961169266,3148.8970372936783,-0.0015659632966631754,0.17643019195597062,0.17643714142625166,1.0,4.482284363336321,2490.210641249871,-0.0293529325292102,0.44428132622197125,0.4452499202443702,1.0,2.354689812521929,15790.894718476746,9.977106185366203,5.998247416982654,11.641375344408909,1.0,2.6514440009498803,2878359.091502832,-2.193110597898986,3.460887062680621,4.097251927236956,1.0,2.3556803352595703,958221.3320468038,7.072811318102927,3.2600457754099414,7.787975243877773,1.0,3.3147642995480124,850233.6073733057,4.16920850036623,5.998247416982656,7.30487998497341,1.0,2.651444000949887,2878359.0915028327,-0.04909585789899923,3.460887062680622,3.4612352800543538,1.0,2.355680335259573,958221.3320468045,-0.5005184918970221,3.2600457754099343,3.29824456620473,1.0,3.3147642995480164,850233.6073733022,-0.2482408657188644,1.1927609057399047,1.218319377533793,1.0,4.522413037458349,113814.39598528158,0.0291350191963583,4.319071900106898,4.319170166552434,1.0,2.138175355423972,1492350.8382300716,0.05212554782376575,2.113145004305473,2.1137878043827163,1.0,2.057210904342176,357231.4822421829,10.397423394397343,5.899962524647415,11.954746799267856,1.0,2.304056733282028,2784772.2074331846,-1.2007291513953617,1.8712762624368506,2.223381511430338,1.0,2.9230389587673145,280139.3413160191,6.562510137459343,4.340186438552539,7.86789410361197,1.0,2.704671275548203,1506977.9874213554,4.182052644397386,5.899962524647433,7.23181319675469,1.0,2.304056733282044,2784772.2074332023,0.8736542086046271,1.8712762624368515,2.0651746963809647,1.0,2.923038958767326,280139.3413160195,-0.9037337125406057,4.340186438552547,4.433277900671,1.0,2.704671275548203,1506977.9874213613,0.21589427605251263,1.0283851726554947,1.0508027416075338,2.75,5.011815057484386,84607.11612079883,0.3115411124610589,4.132415239446142,4.144142079605884,1.0,1.881131320365056,1366151.835658777,0.06269428827837822,1.4000635016037024,1.4014665113036247,2.0,2.908758104670594,156815.11969343774,4.0,CIPN_11_3,CIPN_11,neuro,gait_full,4.0,0.5
9.698958795095866,0.8263604192505533,9.734098481701908,1.75,2.5044816471556195,54630.00534432778,-0.4523011348986976,0.3796094437732759,0.590491021466462,2.75,1.710939529743108,11528.268892558572,0.7002452081509765,0.5185333309873027,0.8713324089480387,0.25,1.3643900450701687,21510.36140266209,0.0805419149040777,0.8263604192505686,0.8302761845075355,1.75,2.50448164715559,54630.00534432982,0.12543683989869853,0.37960944377327527,0.3997971118025081,2.75,1.7109395297431067,11528.268892558533,0.9675677081509734,0.5185333309873023,1.097754109626247,0.25,1.3643900450701727,21510.361402662053,-0.4166491200032012,0.8960147765418394,0.9881492645247297,0.25,1.0708998547037154,64228.40897651737,0.060870592332118466,0.21775586748930023,0.22610361968991263,1.75,2.411197640604053,3793.4133344640386,-0.007397570483432686,0.14903492913964123,0.14921841090400084,2.75,3.1254458496060824,1776.9134615791893,9.724547174374589,0.7474771055791496,9.753232272944276,1.75,3.268614600389296,44698.199218832495,0.24091569040826322,0.6222178662798569,0.6672296778492006,4.75,3.710237792918847,30972.644523486895,1.2898002799269372,1.135139246575353,1.7181751573152446,1.75,2.2567636575353656,103083.33278548175,-0.030962444374644172,0.7474771055791612,0.7481181031940435,1.75,3.268614600389276,44698.199218833885,-0.040727925408263685,0.6222178662798555,0.623549386196408,4.75,3.7102377929188455,30972.644523486753,-0.24713242007305408,1.1351392465753545,1.1617295477721257,1.75,2.256763657535364,103083.33278548201,-0.4022911237577247,0.8340507609738234,0.9260015227499718,0.25,0.9680805302476104,55651.76185632006,-0.009890161622393378,0.18338723796001824,0.18365373490218329,1.0,4.231591750951593,2690.4788553076123,-0.05263860054895606,0.4627628819195153,0.4657470420198156,1.0,2.737069133163657,17132.30701993415,9.301794776482152,5.722051110309976,10.920863288805984,1.0,2.2574795670586845,2619355.9908574778,-2.0060370345201965,3.5349888441360067,4.064520969564877,1.0,2.23963396335063,999692.2863168751,7.217287297990773,2.9246749196251396,7.78735894429063,1.0,3.1960862577821523,684299.2377045318,3.493897091482178,5.7220511103099705,6.704415395458965,1.0,2.2574795670586862,2619355.990857472,0.1379777054797915,3.5349888441360156,3.537680592616517,1.0,2.2396339633506317,999692.2863168804,-0.35604251200918385,2.924674919625138,2.9462670713705026,1.0,3.1960862577821585,684299.237704531,-0.603591490200502,1.8442445600937916,1.9405052652538735,1.0,3.0491528208520946,272104.9667267389,-0.01848357303181472,3.8765348209676165,3.876578886163218,1.0,2.2436969228859054,1202204.4075836048,-0.22760190274663014,1.8891320808971634,1.9027933795367098,1.75,2.0520904318467394,285505.7298404716,10.574120267757701,5.873108808326302,12.09567800958029,1.0,2.192221770345941,2759472.8101336597,-0.5082590418701701,2.8470805093684572,2.892091748279874,1.75,1.8405261846304006,648469.4036406198,6.617849216231159,4.1895274155060775,7.8325007637438775,1.0,2.368048108685325,1404171.6464012878,4.3587495177577384,5.873108808326307,7.313829669399841,1.0,2.1922217703459492,2759472.8101336653,1.5661243181298194,2.847080509368461,3.249401915224303,1.75,1.8405261846303986,648469.4036406216,-0.8483946337687982,4.189527415506073,4.274565875019905,1.0,2.368048108685336,1404171.6464012845,0.021563644342803726,1.1759355114332577,1.1761332058092486,1.0,4.000250920784613,110626.47417880048,0.28441311616438936,4.224137378543411,4.233701384539766,1.0,2.0186370953619823,1427474.071906673,-0.09956955784166237,1.9002976472383761,1.902904423492807,2.0,2.645688487381681,288891.4833006745,4.0,CIPN_11_3,CIPN_11,neuro,gait_full,4.0,0.5
9.7370056445648,0.681516555924872,9.760827000735462,1.75,2.5207493499799125,37157.27439342972,-0.6224578481358801,0.5319994246611328,0.8188266975042563,0.5,1.15694200224319,22641.87784607867,0.5035543649894941,0.5671912411000587,0.7584674696258223,0.25,0.9345537813652468,25736.52852845383,0.042495065435137945,0.6815165559248797,0.6828401325244778,1.75,2.5207493499798996,37157.274393430554,0.2955935531358812,0.5319994246611318,0.6086040884641428,0.5,1.1569420022431909,22641.877846078583,0.7708768649894915,0.5671912411000579,0.9570564481558289,0.25,0.9345537813652578,25736.528528453768,-0.7572898127876704,0.966584814231162,1.2279145180566418,0.25,0.3706845773384642,74742.89639225446,0.12425807459817734,0.2167915846298623,0.24987729042306536,2.0,1.901924396682568,3759.8933446050646,-0.0645997849792822,0.15148699245580483,0.1646858861671958,3.0,2.5081811519520296,1835.8668409156805,9.785045764690834,0.6352476940726008,9.805644305700598,1.75,3.1620760753063406,32283.188098266364,0.03303201988925931,0.750716008053849,0.7514423724320256,1.75,2.6486064216145757,45085.98168113253,1.156747145016409,1.0642641716611956,1.571853105282203,1.75,2.003125370079843,90612.65822044364,-0.09146103469088822,0.6352476940726056,0.6417980630161567,1.75,3.1620760753062984,32283.188098266855,0.16715574511074038,0.7507160080538477,0.7691004927002919,1.75,2.648606421614569,45085.98168113239,-0.3801855549835818,1.064264171661195,1.130132418480181,1.75,2.0031253700798435,90612.6582204435,-0.801850639061807,0.8828694862783834,1.1926537540985167,0.25,0.5292777321616333,62356.684685289445,-0.06297419328317315,0.21394342314478432,0.22301914116634625,1.0,2.9015275998265557,3661.746945009938,-0.08536140410843812,0.40858674517298516,0.41740831046161264,0.25,2.061873159553284,13355.454894737702,8.467721025922804,4.898190509894036,9.782360126476183,2.75,2.765203302134665,1919425.6926318267,-1.5113633463868765,3.3925613142898663,3.7139859229698113,1.75,2.176602029984792,920760.6182918918,7.223965095781291,2.663268325833893,7.699264242799859,4.75,3.1489387882624267,567442.1407323687,2.659823340922827,4.898190509894026,5.573771656260577,2.75,2.765203302134659,1919425.6926318193,0.6326513936131107,3.392561314289859,3.4510462264444897,1.75,2.176602029984788,920760.618291888,-0.349364714218668,2.6632683258338923,2.68608523299823,4.75,3.1489387882624293,567442.1407323682,-0.7975058398623608,1.9983623379571853,2.151619761570403,1.0,2.083805762980779,319476.3032971405,0.028261263281687397,3.091592131506804,3.0917213015724854,1.75,2.0764711274420877,764638.0033287614,-0.37194930356430633,1.3923274552595852,1.4411530200126583,1.75,2.4144698454691134,155087.47275594505,10.186998014044907,5.325698486681033,11.49512909493371,1.0,2.344631296530787,2269071.985775913,-0.14194517301542575,3.1973662693910385,3.2005155042245845,1.0,1.6757176357830463,817853.2732432684,6.806689846370127,3.6628423613067977,7.729646876052085,1.75,2.996687247826859,1073347.2926863683,3.971627264044944,5.3256984866810315,6.643559851129646,1.0,2.344631296530786,2269071.9857759112,1.932438186984565,3.197366269391042,3.735969540448073,1.0,1.6757176357830454,817853.2732432701,-0.6595540036298353,3.6628423613068026,3.7217503472812012,1.75,2.996687247826875,1073347.2926863711,-0.34611670570300623,1.4777056319240407,1.517699149563816,0.25,2.3547475194225798,174689.21239160182,0.2496865755435801,3.9795811461972495,3.98740636067799,1.75,1.7823844536189173,1266965.3371415122,-0.24395928269042294,1.862260463447494,1.8781720276190095,1.75,2.469999253819854,277441.15210825915,4.0,CIPN_11_3,CIPN_11,neuro,gait_full,4.0,0.5
9.743862650643111,0.7552861063252332,9.773091448308756,1.75,2.4653207759508433,45636.60701690445,-0.5905326449043032,0.5264695089097264,0.7911377557096617,0.25,1.0278994631238578,22173.623194730986,0.3477965728980726,0.352680374960105,0.49532403838461614,1.75,1.592645010960368,9950.68874761408,0.035638059356827546,0.755286106325237,0.7561264270495099,1.75,2.465320775950839,45636.6070169049,0.2636683499043045,0.5264695089097258,0.588804842501237,0.25,1.0278994631238634,22173.62319473093,0.615119072898071,0.3526803749601047,0.7090521283551601,1.75,1.5926450109603723,9950.688747614058,-0.30052354948433185,0.6868865300159795,0.7497516314834232,0.25,1.4596042010399777,37746.145747015675,0.07992800355679451,0.20783877434474027,0.2226778881561859,1.75,2.3835896426711143,3455.8003770274095,-0.06569858303717355,0.1400484709867996,0.1546928506390416,2.75,2.312035269354085,1569.0869380277122,9.76073968166119,0.7179449384427266,9.787108054363708,1.75,3.317611832628486,41235.5953459313,0.03498867103622864,0.6469273158153354,0.6478727954227713,1.75,2.796314814649578,33481.19639838756,1.1971763317476072,1.134415931395649,1.6492818663590876,1.75,2.0503830311598272,102951.96776069095,-0.06715495166124047,0.7179449384427132,0.7210788598815908,1.75,3.3176118326284367,41235.595345929774,0.1651990939637698,0.6469273158153351,0.66768682224115,1.75,2.7963148146495755,33481.19639838755,-0.33975636825238253,1.1344159313956488,1.1842017966429141,1.75,2.050383031159822,102951.96776069091,-0.3893198817666152,0.6738744495364217,0.7782523652882699,0.25,1.4334817435465215,36329.3549301131,-0.06831317002709086,0.19753771303597092,0.2090163564667412,0.25,3.1352439890991883,3121.692687946343,-0.02636847989615767,0.3870727128596789,0.3879698206981898,1.0,2.1615915601007263,11986.051643072353,9.230194164465741,5.136420751567125,10.563110453406553,0.75,2.0636160148680327,2110626.61846527,-1.7352370845572358,3.2561424502024043,3.6896492239280434,1.75,2.0266484444331723,848198.2633994003,7.055663718497248,2.9237556987112283,7.6374562449983845,1.0,3.147119781241891,683869.2652346581,3.422296479465774,5.136420751567139,6.172109147649073,0.75,2.0636160148680287,2110626.618465281,0.4087776554427547,3.2561424502023963,3.281701209372867,1.75,2.0266484444331705,848198.2633993959,-0.5176660915027083,2.923755698711232,2.9692297937408103,1.0,3.147119781241898,683869.2652346597,-0.442170286702684,1.4163429082240544,1.483759345756348,3.5,3.8533322925331768,160485.81879766687,0.11391435096049748,3.6121419470765064,3.6139377312267578,1.75,2.1248640505482226,1043807.1348975401,-0.08619902776749193,1.6553160553863466,1.6575589026058397,1.75,2.1030985041446155,219205.71282762178,9.504719825522915,4.673878573404836,10.591734507653653,0.75,2.036362125206421,1747611.3938247918,-0.9219806813844734,2.5156742921777253,2.6793031782853687,1.75,1.6605512606879569,506289.37160910433,6.880774670626454,3.5800106162415113,7.756386792852488,0.75,2.2214634289299027,1025318.9084745727,3.289349075522956,4.673878573404832,5.715326610052703,0.75,2.0363621252064212,1747611.39382479,1.152402678615517,2.5156742921777275,2.7670650657337514,1.75,1.6605512606879587,506289.3716091054,-0.5854691793735127,3.58001061624152,3.6275680796365886,0.75,2.221463428929909,1025318.9084745779,-0.20674564786719504,1.399732380260254,1.4149185486313558,1.0,2.5932654608585355,156740.70012244195,-0.06277139140912415,3.879988166221283,3.8804958984125513,1.75,1.9609985437339235,1204350.4658417506,-0.0957347135080941,1.2140054911161389,1.2177743911868957,1.75,2.7221189339561245,117904.88947069048,4.0,CIPN_11_3,CIPN_11,neuro,gait_full,4.0,0.5
9.770938642979564,0.9186155381913645,9.81402549782086,1.75,2.423691194833104,67508.49203821947,-0.21728509317345412,0.3566473091685755,0.41762437052042606,1.0,1.5718963558413739,10175.78737978082,0.3754650441499913,0.30549858603206076,0.48404894943191784,1.75,2.057008269520797,7466.3576036150735,0.008562067020378665,0.9186155381913559,0.9186554392144292,1.75,2.4236911948331286,67508.4920382182,-0.1095792018265447,0.35664730916857573,0.3731017349331523,1.0,1.5718963558413765,10175.787379780833,0.6427875441499902,0.30549858603206054,0.7116917963430265,1.75,2.057008269520794,7466.357603615064,0.025651302327796797,0.13850518667626896,0.14086048433588516,2.75,2.019317504064529,1534.6950787717135,0.010364827963868234,0.2073555377064848,0.20761442309306455,1.75,2.755843060827369,3439.72431586369,-0.01153291109303754,0.1338554166252067,0.13435133269970778,2.75,2.871436570120721,1433.3821361225648,9.754617910658869,0.8036955481241522,9.787670668602486,1.75,3.2353628650184953,51674.12720384371,0.20102238776592216,0.49060854786694724,0.5301950090516011,4.75,4.257780400252079,19255.987041157587,1.3308546646585449,1.2290273931106162,1.8115414628044497,2.0,2.4117149757133287,120841.1232358943,-0.061033180658929036,0.8036955481241375,0.8060096669494127,1.75,3.2353628650184056,51674.1272038418,-0.0008346227659239514,0.4906085478669462,0.49060925779613557,4.75,4.257780400252077,19255.987041157507,-0.20607803534144442,1.229027393110616,1.246184773485243,2.0,2.4117149757133243,120841.12323589425,0.008065941158908851,0.2237730044180265,0.22391832643410206,2.75,3.7076546433541737,4005.970949950631,-0.009342075270118657,0.15829124200008424,0.15856667892177662,1.75,4.722426677141304,2004.4991694030953,0.02095136161856944,0.4509929729887213,0.4514793696713922,1.0,2.237150495471833,16271.57569799969,10.68139535928177,6.215773741399368,12.358319061488745,2.75,2.2757606481550794,3090867.4564372855,-2.055855584049512,3.836540166491974,4.352652367416197,1.0,2.109227236709061,1177523.2421238811,6.701434949760568,3.7024008876759122,7.656174156779338,1.0,3.2435867326939887,1096621.8223308364,4.873497674281803,6.215773741399375,7.898532951472705,2.75,2.2757606481550767,3090867.4564372916,0.08815915595047402,3.8365401664919725,3.8375529293918738,1.0,2.109227236709063,1177523.2421238802,-0.8718948602393871,3.7024008876759162,3.803678874507583,1.0,3.243586732693995,1096621.8223308392,-0.2862990846873646,1.1519703724379173,1.187014281661167,1.0,4.429438534082749,106162.87046763916,0.0032304781626308855,4.27297021398148,4.272971435144645,1.0,2.2360640042721687,1460663.1157372834,0.04001871454396376,2.0960554732752903,2.096437464977444,1.0,2.0347840135935256,351475.94822226657,9.881770060766495,5.525845179675188,11.321852519954522,1.0,2.3697683481455787,2442811.5522403107,-1.661557900378546,1.7606835139097752,2.420905015167682,1.0,2.7795965052879033,248001.9204952552,6.727787668290594,4.343372934178984,8.007996962721796,1.0,3.0853665568602664,1509230.678744685,3.666399310766543,5.525845179675195,6.6315495063920755,1.0,2.3697683481455876,2442811.5522403163,0.4128254596214461,1.7606835139097747,1.8084333817603928,1.0,2.7795965052879015,248001.92049525506,-0.7384561817093713,4.343372934178981,4.4057015307057865,1.0,3.0853665568602744,1509230.678744682,0.1586197832690786,1.0240629315845573,1.036274637096695,2.75,4.581363364431644,83896.48064269405,-0.36607786412677285,4.038115099466361,4.054674655153215,1.0,2.0317663005835658,1304513.3041290652,-0.09748101687845451,1.1908863634205071,1.1948693983999161,2.0,3.439255300163329,113457.45139372894,4.0,CIPN_11_3,CIPN_11,neuro,gait_full,4.0,0.5
9.746497925000352,0.9558221721137904,9.793253689491582,2.0,2.4802392499976316,73087.85779354465,-0.06847383412762717,0.3786618185824563,0.38480311694723945,1.0,1.943137518873945,11470.832004761754,0.4847439851982782,0.39177331628466056,0.6232680503110914,2.0,1.7862233091398352,12278.973463569344,0.033002784999590216,0.95582217211377,0.9563917651893571,2.0,2.480239249997624,73087.85779354152,-0.2583904608723712,0.3786618185824566,0.4584216433830428,1.0,1.9431375188739404,11470.832004761776,0.7520664851982767,0.39177331628466083,0.8479919395319571,2.0,1.7862233091398205,12278.973463569364,0.012456041144967036,0.15173570020181712,0.1522461023367785,1.0,2.3776856373548667,1841.900025149953,0.021368586104270008,0.21147473956492605,0.21255159831473602,2.0,2.7513884075318806,3577.753133452147,-0.015415620900181622,0.14677992854417368,0.14758722434943627,2.75,2.8595254761714446,1723.5487023389198,9.750214982374048,0.7873176307119296,9.7819507898037,2.0,3.082391378365947,49589.53359669804,0.2123093149283736,0.5521494675781444,0.5915608842310178,4.75,4.033559943444542,24389.546433472216,1.2742125880907644,1.2147827227794552,1.760487086920103,2.0,2.5763187227939994,118057.07999424328,-0.05663025237411768,0.7873176307119369,0.7893516561798134,2.0,3.08239137836588,49589.53359669897,-0.01212154992837414,0.5521494675781435,0.552282506077726,4.75,4.033559943444552,24389.546433472133,-0.2627201119092249,1.2147827227794552,1.2428672176725324,2.0,2.5763187227939968,118057.07999424322,0.0022640332261847133,0.23765623008672515,0.2376670140038026,2.75,3.6649428349167845,4518.447421346639,-0.011468198150407182,0.17703190531453067,0.1774029736732447,2.0,4.524506382634608,2507.225062789634,0.006781283357870493,0.47718964086389615,0.47723782242378265,1.0,2.461404196919277,18216.953756226038,10.689100453124002,6.4421173934478295,12.480294267682105,1.0,2.3561324970777573,3320072.3139402466,-2.1068583883425127,4.078275863736274,4.590336184775911,1.0,2.2702574517799987,1330586.7373401923,6.795885013859017,3.7148700361264795,7.7449540028914265,1.0,3.2392927532198788,1104020.761820928,4.881202768124021,6.442117393447822,8.082513035838828,1.0,2.3561324970777626,3320072.3139402387,0.03715635165747527,4.078275863736268,4.078445122249691,1.0,2.2702574517799956,1330586.7373401886,-0.7774447961409295,3.7148700361264786,3.795349759423624,1.0,3.239292753219878,1104020.761820928,-0.2922714113610887,1.2400810121569896,1.2740578851101338,1.0,4.6421772686094105,123024.11020742047,-0.047114720044366204,4.32322405608836,4.323480777797672,1.0,2.171338408291023,1495221.3638073523,0.03381821570727135,2.206838171098263,2.2070972758648293,2.0,2.1061807117133355,389610.77707511117,10.403824808787686,6.21840770350594,12.12056785051625,1.0,2.322198145901462,3093492.816396351,-1.719730936897061,1.7133664796117374,2.427570635177885,2.75,2.8551666013184165,234850.59983911304,6.506106847889779,4.562891587004388,7.9466600500407525,1.0,2.5721658806968044,1665600.6930031904,4.1884540587877135,6.218407703505938,7.497449017472359,1.0,2.322198145901473,3093492.8163963486,0.354652423102929,1.7133664796117347,1.7496865532631518,2.75,2.855166601318417,234850.59983911237,-0.960137002110189,4.562891587004387,4.662814889911088,1.0,2.5721658806968013,1665600.6930031893,0.19618676233573132,1.0126782347290522,1.0315068845188218,2.75,4.790244737818746,82041.37711142647,-0.202200123779125,4.190994522223322,4.19586939445953,2.0,2.3521711455601095,1405174.7544932032,-0.1647070187527617,1.2443474012679008,1.2552007238161556,2.0,3.250087912139547,123872.61689190516,4.0,CIPN_11_3,CIPN_11,neuro,gait_full,4.0,0.5
9.710178695526274,0.924297869684656,9.754070783573182,1.75,2.2829477333774775,68346.14763481315,-0.0316395333487654,0.38531437332652785,0.38661120827330203,2.75,1.9104300676542412,11877.386433255115,0.4695729569842127,0.44219115509868073,0.6450052554657232,0.25,1.3567960668510388,15642.658835902896,0.06932201447367359,0.9242978696846477,0.9268937876554498,1.75,2.2829477333774397,68346.14763481192,-0.29522476165123235,0.3853143733265283,0.4854120169341115,2.75,1.9104300676542383,11877.38643325514,0.736895456984211,0.44219115509868073,0.8593881149815109,0.25,1.3567960668510346,15642.658835902901,0.014757225394772032,0.16705156623821946,0.16770212128650705,1.0,2.202445151134943,2232.508544776159,0.00010051516774548963,0.1801846523875776,0.1801846804235341,2.0,2.6921196516063004,2597.325091665269,-0.000176020377376942,0.1531279919778249,0.15312809314536005,2.75,2.7837147909423656,1875.855025179791,9.691309200410807,0.7958440686562596,9.723931396281161,1.75,3.007286333028162,50669.5734154365,0.2406254294395205,0.6149479967783062,0.6603496316608388,4.75,3.729480646687864,30252.896865056955,1.3525827040885627,1.123897750584716,1.7585863996883728,1.75,2.192662002624445,101052.00882561172,0.0022755295891384274,0.7958440686562674,0.795847321821386,1.75,3.007286333028145,50669.57341543749,-0.04043766443952067,0.6149479967783058,0.6162761097486861,4.75,3.7294806466878665,30252.896865056904,-0.18434999591142598,1.123897750584719,1.1389166232705248,1.75,2.192662002624451,101052.00882561225,0.01676628248575681,0.23872850092964698,0.23931653805056738,2.75,3.3245703352244598,4559.321282954127,-0.01357346821478132,0.17194357377790093,0.1724784960593469,1.75,4.020097716872115,2365.170648517442,-0.028417564616271138,0.436015986225734,0.43694106950837136,1.0,2.062960675141257,15208.795272671996,9.80541399343778,5.761862431735246,11.373003221003124,1.0,2.446667207275375,2655947.1832999387,-2.3665476406047237,3.5685063195924607,4.281913717979744,1.0,2.3620599464284213,1018739.4497752918,6.9593180300473545,3.0002992024753206,7.578515867088769,1.0,3.2466806730155913,720143.6953038874,3.997516308437803,5.761862431735243,7.0127879847082335,1.0,2.446667207275378,2655947.183299936,-0.2225329006047346,3.5685063195924496,3.575438189204619,1.0,2.3620599464284173,1018739.4497752852,-0.6140117799525965,3.000299202475322,3.062483595106202,1.0,3.2466806730155864,720143.6953038878,-0.2672112694769188,1.1271415662222941,1.158382481239039,2.75,4.345567080673894,101635.84915919557,0.02849841127117939,4.131603828930427,4.1317021139813,1.75,2.100779761900641,1365612.980071395,-0.012730472744551469,2.164070682834178,2.164108126974871,1.75,2.1734796266807446,374657.02581225673,10.170540773561745,6.035458280741549,11.826523423443327,1.0,2.268691184656897,2914142.390652364,-1.5194684482835084,1.8693900660905756,2.4090254428974425,1.0,2.787983332048269,279573.68642425456,6.503523217423399,4.292526781568016,7.792406586545896,1.0,2.6880178826797136,1474063.4975549488,3.955170023561779,6.035458280741558,7.215963315722546,1.0,2.2686911846569044,2914142.3906523734,0.5549149117164782,1.8693900660905804,1.950012763661677,1.0,2.787983332048257,279573.686424256,-0.9627206325765666,4.292526781568017,4.3991609639643,1.0,2.688017882679715,1474063.4975549495,0.19478661406390402,1.0039719364308075,1.0226932453864677,2.75,4.789266701789466,80636.77625473774,0.26689547673770964,3.984182390789625,3.9931118840549886,1.0,1.9435903741488287,1269899.0885106602,0.07420068879194201,1.3350121166060593,1.3370725835578972,1.75,2.87466812207809,142581.02635216995,4.0,CIPN_11_3,CIPN_11,neuro,gait_full,4.0,0.5
9.707205228393642,0.871782493142803,9.746273034422089,1.75,2.3530340936231453,60800.44016406772,-0.2747412184600318,0.3318566853498432,0.4308266434800519,1.0,1.6150030056853886,8810.312871104401,0.5549312772101125,0.3572433630925732,0.659978441238605,1.75,1.5878865542257758,10209.832798922851,0.05706545660631316,0.8717824931427928,0.8736482024750868,1.75,2.3530340936231156,60800.4401640663,0.3571844584600308,0.33185668534984225,0.48755471177783694,1.0,1.6150030056853926,8810.312871104354,0.649960747210113,0.357243363092574,0.7416682502221739,1.75,1.587886554225781,10209.832798922898,-0.03278585131071043,0.15351644299928563,0.15697837531749692,1.0,1.9323576379070893,1885.387686728049,0.020036165933189482,0.1687695319543837,0.16995470826489054,1.75,2.42074186519288,2278.659907380911,0.02488559186601109,0.11173587126683383,0.1144735672995305,2.75,2.932462191153372,998.7930492249501,9.756742514411329,0.8038216389677095,9.789798451438836,1.75,3.2648343160173803,51690.441445289376,0.2686673878503642,0.5658614199448107,0.6264034737102719,4.75,4.141845724616768,25615.997031582567,1.344620598062467,1.1631434720272573,1.7778940601884832,1.75,2.038081272186021,108232.23638623445,-0.04804547941139084,0.8038216389677139,0.8052562296341533,1.75,3.264834316017467,51690.441445289915,-0.15106510785036567,0.5658614199448114,0.585678933710101,4.75,4.1418457246167675,25615.997031582632,0.022561233062473304,1.1631434720272578,1.163362259039257,1.75,2.038081272186026,108232.23638623451,-0.025092863809261373,0.22648156760364763,0.22786740064861352,2.75,3.9139379002489236,4103.516479212474,-0.023300664712370907,0.20547223483863636,0.2067891686370978,1.75,4.109155005958621,3377.507435520712,-0.01778433906830745,0.4085242101127555,0.4089111308882987,1.0,2.213334047539408,13351.36242031861,9.863243905131405,5.6432875526388235,11.363550269782772,2.75,2.225314937498161,2547736.0824902747,-1.9788558541002306,3.2521880023309957,3.8069144058952027,1.0,2.408614311528647,846139.7145617804,6.923849297545698,3.0781636027253243,7.577254137236457,0.75,3.3026600649698366,758007.666427644,4.037080000131436,5.643287552638821,6.938638867186379,2.75,2.225314937498154,2547736.0824902724,0.1606266658997578,3.252188002331,3.256152288868531,1.0,2.4086143115286385,846139.7145617828,-0.6402738274542672,3.0781636027253088,3.1440486222807986,0.75,3.302660064969827,758007.6664276364,-0.20354953181020083,1.1738500186420524,1.1913673984821387,2.75,4.718591406758339,110234.02753213278,-0.25055340731307935,4.0557392767393985,4.063471187396659,1.75,2.230751024966076,1315930.3400065133,-0.09848692045345625,1.8782963295333088,1.8808765975041282,1.75,2.139083780775685,282240.07479319593,9.812938516271378,5.912808338104316,11.456660279823184,1.0,2.139857404455355,2796904.220042727,-1.448265918551292,1.3599037240850258,1.9866585790259832,1.75,2.599674662162438,147947.07632720406,7.0642646778503435,4.347953500351705,8.295091023005392,1.0,2.622454007131646,1512377.4769952302,3.619081096271428,5.91280833810433,6.932463517721914,1.0,2.1398574044553538,2796904.2200427405,0.488208461448695,1.359903724085027,1.444882569834112,1.75,2.5996746621624354,147947.0763272043,-0.45895565214960643,4.347953500351706,4.3721093229539365,1.0,2.622454007131654,1512377.4769952307,0.19460918237294902,0.9345781928408081,0.9546251266321552,3.75,3.9742795882279496,69875.01644021086,0.06371776804309198,3.859752150151673,3.860278048867058,1.75,1.907358889527757,1191816.4754654672,-0.052035164574907575,1.1241780061591233,1.1253816454360004,1.75,3.1696139411484796,101102.09516447256,4.0,CIPN_11_4,CIPN_11,neuro,gait_full,4.0,0.5
9.730592686244727,0.9627171650612759,9.77810095905657,2.0,2.3281297631168654,74145.9561794743,-0.2691031526039874,0.39045279772679864,0.4742044854217316,1.0,1.715255153383815,12196.317101107361,0.666056022558499,0.33682717711973376,0.7463800455752393,2.0,1.997570396702708,9076.2238397861,0.033677998755223156,0.9627171650612651,0.963306050797853,2.0,2.3281297631168854,74145.95617947263,0.35154639260398635,0.3904527977267982,0.5253934272576696,1.0,1.715255153383823,12196.317101107335,0.7610854925584991,0.3368271771197348,0.8322882158420016,2.0,1.9975703967026968,9076.223839786153,-0.008748852440062375,0.16248058444808477,0.16271595724331767,1.0,2.2004596199130204,2111.995516584099,0.012048281492105618,0.15444424782482244,0.15491348157306448,2.0,2.585983529728999,1908.242274051292,-0.0030345362599448235,0.14047441613248657,0.1405071884213613,3.0,3.0752181787597164,1578.6461439762618,9.739257733583264,0.836345541421021,9.775101793117871,2.0,2.9836363253209166,55957.9158100317,0.23536227706990076,0.5463209862191227,0.5948630274701594,4.75,4.272094236261687,23877.33808587753,1.3992838128823173,1.276155900464922,1.893823928269445,2.0,2.3904488412089977,130286.53133189607,-0.030560698583318474,0.8363455414210222,0.836903710681655,2.0,2.983636325320976,55957.91581003185,-0.11775999706990099,0.5463209862191225,0.5588685327457055,4.75,4.272094236261688,23877.33808587751,0.07722444788232473,1.2761559004649214,1.278490319729549,2.0,2.390448841209001,130286.53133189594,-0.016664606090726012,0.24275436660636013,0.2433256903876246,4.75,4.041202293479646,4714.382243771717,-0.03014113616656716,0.207489019274893,0.2096668338318401,2.0,4.499088918311186,3444.1354957290496,-0.006038165540080732,0.47504642302297395,0.47508479608382725,1.0,2.29438979710522,18053.54997677955,10.56100772192926,6.475795383441122,12.38833362284237,1.0,2.42833232195659,3354892.501135431,-1.6614490010545242,3.801881605872017,4.149062126333259,1.0,2.4631570480637004,1156350.3416939988,7.10100529438791,3.6214339390879315,7.971139188729745,1.0,3.6086928310799724,1049189.081199604,4.734843816929278,6.475795383441107,8.0221363625228,1.0,2.4283323219565895,3354892.501135416,0.47803351894546386,3.8018816058720186,3.831816774103817,1.0,2.463157048063694,1156350.3416939995,-0.4631178306120478,3.6214339390879275,3.6509261701941758,1.0,3.6086928310799857,1049189.0811996013,-0.20428092310952706,1.3061682521785591,1.3220462164938382,1.0,4.9068807372268,136489.25440639627,-0.30092941497878284,4.1374260175138495,4.148355404639287,2.0,2.2047740753689,1369463.6347576655,-0.06560794067429515,2.175160447884259,2.176149667628487,2.0,2.4336681140019705,378507.2956866978,10.811949209755578,6.414965750687694,12.571795070586793,1.0,2.2624174891013618,3292143.2430687305,-1.3214735922443333,1.782719551215776,2.219094737339107,2.0,2.8010447939725975,254247.30149341535,6.825300952580178,4.943210864906077,8.427340431489485,1.0,2.4654417716654446,1954826.741782165,4.618091789755621,6.4149657506876885,7.904337882524021,1.0,2.2624174891013618,3292143.243068725,0.615000787755655,1.7827195512157792,1.885819441841415,2.0,2.8010447939725927,254247.30149341625,-0.697919377419781,4.943210864906073,4.992236484012296,1.0,2.46544177166545,1954826.7417821607,0.27179345633082547,1.0650455693448952,1.0991786695917314,1.0,4.662662192391276,90745.80064845424,-0.00816748558589998,4.407396733176936,4.407404300882723,1.0,1.9177356532711183,1554011.6770955524,-0.06484216445882528,1.3334281069975578,1.335003753860938,2.0,3.1095508868775528,142242.4575008112,4.0,CIPN_11_4,CIPN_11,neuro,gait_full,4.0,0.5
9.681564381185892,1.0172149399751202,9.734855679523758,2.0,2.6661690821019017,82778.85852546293,-0.13444850656473192,0.3797674022263258,0.402864345296551,1.0,1.74203762618451,11537.899602281675,0.6640306775068998,0.3702885458511533,0.7602962237567894,2.0,2.315294261539372,10969.247450424324,0.08270630381405092,1.0172149399751254,1.0205716862617638,2.0,2.6661690821019257,82778.85852546374,0.21689174656473093,0.3797674022263257,0.43733889550511207,1.0,1.7420376261845174,11537.899602281675,0.7590601475068988,0.3702885458511544,0.8445625582049902,2.0,2.315294261539395,10969.247450424386,-0.02233339803996645,0.1637464270430161,0.16526243686139136,1.0,1.9903405515244819,2145.032563778186,0.011692315485334465,0.181416299988006,0.18179269551537758,2.0,2.8500656027960027,2632.976634488857,-0.0018204936895802445,0.15221448933250464,0.1522253755456986,2.75,2.908059914079525,1853.5400612304759,9.714642627014458,0.9074019494062582,9.75692880308105,2.0,3.2975519313515083,65870.78297544786,0.2358023035532694,0.5392856643109859,0.5885845343639005,4.75,3.908438821869959,23266.37955815615,1.2899341966503919,1.250727919972761,1.7967333028269614,2.0,2.201287374510428,125145.64010716439,-0.005945592014508494,0.9074019494062602,0.9074214279212741,2.0,3.297551931351555,65870.78297544815,-0.11820002355326985,0.5392856643109857,0.5520871971883923,4.75,3.908438821869969,23266.37955815614,-0.03212516834959911,1.2507279199727623,1.2511404222711704,2.0,2.2012873745104367,125145.64010716464,-0.02728824009644025,0.24133266511643275,0.2428705484404423,3.0,3.8210554593814847,4659.316444057641,-0.0233305835768952,0.18649621189418086,0.18794986879728778,3.75,4.814362686868604,2782.469278557108,0.02017090246700747,0.46923298593789026,0.4696663287894096,1.0,2.4602169838385834,17614.47333200855,10.334887809907764,6.479631777368384,12.198177487381558,1.0,2.2696697295227573,3358850.5400727363,-1.629166674622993,3.7934877142396224,4.128526745921492,1.0,2.351129084117206,1151245.2192311923,6.952253433209609,3.747450131659726,7.897924429168166,4.75,3.5336175537104113,1123472.4754777362,4.508723904907788,6.479631777368355,7.893935597721121,1.0,2.2696697295227577,3358850.540072706,0.510315845376994,3.7934877142396237,3.8276587230485686,1.0,2.351129084117208,1151245.2192311932,-0.6118696917903399,3.7474501316597246,3.7970734795376413,4.75,3.5336175537104126,1123472.4754777355,-0.23899776004421042,1.2878034514603989,1.3097929832227178,1.0,4.48806495145718,132675.0226043065,-0.03951244117664002,4.1810001392449125,4.181186840763483,2.0,2.810645598496735,1398495.7445491545,0.06900421312039574,2.1492360544467104,2.150343507247628,2.0,2.311944624305034,369539.1471661142,10.633234436373836,6.482579612404008,12.453494008110436,1.0,2.313005719381588,3361908.1091828663,-1.3274841414291219,1.9900853009992516,2.392206857903199,1.0,2.6953998964817614,316835.4376903787,6.8240654607553495,4.947876124678265,8.429077503371014,1.0,2.563189445274923,1958518.364090639,4.439377016373856,6.482579612403973,7.856965490866311,1.0,2.3130057193815894,3361908.10918283,0.6089902385708669,1.9900853009992545,2.0811796212551896,1.0,2.695399896481769,316835.4376903795,-0.6991548692446091,4.947876124678264,4.997028684763541,1.0,2.5631894452749195,1958518.3640906375,0.28527857015486113,1.132132633098832,1.167522231701348,1.0,4.949291389171775,102537.94673478894,-0.0006522543936482972,4.4193025856929244,4.41930263382674,1.0,1.9496816919458873,1562419.2664980087,-0.048942920069006274,1.4119657730703183,1.412813771785561,2.0,3.0667704189978817,159491.7896031203,4.0,CIPN_11_4,CIPN_11,neuro,gait_full,4.0,0.5
9.696060229619636,0.8884089793262945,9.73667574128661,2.0,2.325901843692556,63141.64160218041,-0.11985584760856724,0.6031304173156038,0.6149241615819486,1.0,1.714617679986379,29101.61785976844,0.521319539369944,0.5236984686448434,0.7389412345984251,0.25,1.0643353035926464,21940.811787648374,0.06821045538030715,0.8884089793263028,0.8910236701518046,2.0,2.3259018436925896,63141.6416021816,0.20229908760856696,0.6031304173156042,0.6361534572243976,1.0,1.7146176799863773,29101.61785976847,0.6163490093699434,0.5236984686448437,0.8087930436225728,0.25,1.0643353035926482,21940.811787648392,-0.6633339848715332,0.9245447472008431,1.1378905769282994,0.25,0.4935630568674775,68382.82654026199,0.05472301629169203,0.2188885809468844,0.22562539613483573,2.0,2.5833037554427563,3832.994871406968,-0.026766989032372547,0.17152523767554634,0.17360120639417173,2.75,2.6354665861152395,2353.676844265131,9.743213692568476,0.7854581827352874,9.77482263858939,1.75,3.1896399419297117,49355.582401185595,0.1988807412285361,0.7143298647519416,0.7414989581301777,4.75,3.1205839048863533,40821.622665786745,1.3192718674667057,1.1822796206342623,1.7715144260367128,2.0,2.632478405081933,111824.6445501027,-0.03451665756853203,0.7854581827352829,0.7862162275579895,1.75,3.189639941929712,49355.582401185005,-0.08127846122853664,0.7143298647519408,0.7189390404868863,4.75,3.1205839048863573,40821.62266578666,-0.002787497533288903,1.1822796206342627,1.1822829067146299,2.0,2.632478405081941,111824.6445501028,-0.6074995504656929,0.8650252773087052,1.0570356825571317,0.25,0.8496702043485355,59861.78540403317,-0.059017646645123,0.2405009113462748,0.24763636843952733,1.0,2.9998882801188764,4627.262251693102,-0.07229159189802341,0.45729179345410415,0.4629706887262102,1.0,2.187537126183253,16729.26823221837,9.54715894216124,5.903037132389817,11.22470896073757,1.0,2.349413085925856,2787684.7462302647,-1.394996285000647,4.0100938562110935,4.245805856464419,1.0,2.1846486210241247,1286474.4035713607,7.314583516535365,3.4061308128671905,8.068758215161374,4.75,3.152808235933421,928138.9547825691,3.7209950371612672,5.9030371323898105,6.97794034461113,1.0,2.3494130859258537,2787684.746230259,0.7444862349993404,4.010093856211092,4.078616492111687,1.0,2.184648621024132,1286474.4035713593,-0.249539608464593,3.4061308128671826,3.4152594528902074,4.75,3.1528082359334184,928138.9547825645,-0.6596995291236714,1.8724833822423246,1.9852953144304877,1.0,2.4674553218706152,280496.07336524484,0.31805739308352643,3.7509310009831713,3.7643915682925053,2.0,2.1623456935776915,1125560.4058024045,-0.03871780415492445,2.0109489898807675,2.01132168194475,2.0,2.1718819996936687,323513.2689968259,9.969398757372351,5.827664164834253,11.547752214244586,1.0,2.3443352799083907,2716942.6602680637,-0.5897966611854436,2.94419036478602,3.0026849661002286,1.0,1.953158620916244,693468.7860654801,7.312219890832947,3.9831630065650976,8.326712872962638,1.0,2.6877693304546613,1269248.625000623,3.77554133737239,5.8276641648342355,6.943801697074939,1.0,2.344335279908394,2716942.660268047,1.3466777188145413,2.944190364786024,3.23756046776742,1.0,1.9531586209162504,693468.786065482,-0.21100043916701647,3.983163006565112,3.9887477636718884,1.0,2.687769330454658,1269248.625000632,-0.2484630162950744,1.5528632336114117,1.5726150491358448,0.25,2.723490636246379,192911.14212576207,0.10066818210249265,4.1240777425796455,4.125306207995796,1.0,1.8989431608941207,1360644.855416972,-0.2104709743131776,1.7150103382271205,1.7278768738698485,2.0,2.9284197839668513,235303.71549500726,4.0,CIPN_11_4,CIPN_11,neuro,gait_full,4.0,0.5
9.731222656028885,0.7255037208947022,9.758229861519043,1.75,2.4312801797433274,42108.4642603449,-0.2541254338845372,0.640692493018398,0.6892507575310557,0.25,1.048520702717377,32838.967695320214,0.5543000740956263,0.5115904368348074,0.7543032196691499,0.25,0.9126720771833968,20938.003251684946,0.03304802897105037,0.7255037208946962,0.7262560300960816,1.75,2.431280179743382,42108.46426034421,0.3365686738845373,0.6406924930183983,0.7237163414284125,0.25,1.0485207027173749,32838.96769532024,0.6493295440956266,0.5115904368348075,0.8266520621738407,0.25,0.9126720771833993,20938.003251684957,-0.8242873612001308,0.8943901331765334,1.2162990438859236,0.25,0.37314797029802804,63994.72672515638,0.08900097250497357,0.19948341487881,0.21843718987054953,0.25,2.1377317685779427,3183.495008980192,-0.07346441608241452,0.1549983094817011,0.1715269552359492,1.5,2.3430451290548127,1921.9627685466419,9.778521487128948,0.6839369841212465,9.802410533766245,1.75,3.3708747716105916,37421.58876625234,0.10679548642115226,0.6881929417487728,0.6964300402716416,2.25,2.843212399337741,37888.80801886971,1.2845012456435005,1.0973926694283933,1.689441955491481,1.75,2.0668159659517715,96341.65367345844,-0.06982445212901296,0.683936984121235,0.687492001672723,1.75,3.370874771610526,37421.58876625107,0.010806793578846414,0.6881929417487712,0.6882777868421176,2.25,2.843212399337735,37888.80801886954,-0.03755811935649378,1.097392669428393,1.098035192170438,1.75,2.0668159659517604,96341.65367345838,-0.8058990168563308,0.8170024855766999,1.147591515657251,0.25,0.6050987464505327,53399.5305136736,-0.077752954810768,0.23038897740267267,0.24315551174187794,0.75,2.4571479245502896,4246.339997645409,-0.10689124087502914,0.3926923171923589,0.40698033534522,2.5,3.1174021104736656,12336.95842576997,9.099806158276749,5.333863509663116,10.547823095687905,1.75,2.1644431592293882,2276008.251784429,-1.5426331928979553,3.8149743194530124,4.115063331944786,1.75,2.113707045046527,1164322.426235005,7.2063555020684635,3.190125704014201,7.880892184873773,4.25,3.0625248345479035,814152.2109805177,3.2736422532767904,5.33386350966313,6.2583411174332,1.75,2.1644431592293847,2276008.251784441,0.5968493271020288,3.814974319453015,3.86138034611305,1.75,2.11370704504653,1164322.4262350067,-0.357767622931497,3.190125704014201,3.210124558242274,4.25,3.0625248345479066,814152.2109805177,-0.9361212481008746,1.9023998964132303,2.1202472395970733,0.75,2.1635774051906136,289530.5174506099,0.2346934045918111,3.5336767167507226,3.54146186378804,1.75,2.262127705580004,998957.3451711563,-0.1613349248365612,1.8257348895878163,1.8328493787079871,1.75,2.3052969769592013,266664.7925647648,9.342287583460122,4.711543326631248,10.463124667650511,0.75,1.9630112134443938,1775891.254246186,-0.3474130687136165,2.977094036588312,2.9972962387796613,1.0,1.408629882236768,709047.2560597826,7.122137586029903,3.1139517598439292,7.773129315595808,0.75,2.184603535469932,775735.7193626667,3.148430163460175,4.711543326631266,5.666679187399749,0.75,1.9630112134444,1775891.2542461995,1.5890613112863676,2.9770940365883125,3.3746414259468875,1.0,1.408629882236772,709047.2560597826,-0.40108274397005617,3.1139517598439315,3.1396756090630875,0.75,2.1846035354699342,775735.7193626679,-0.3889325390680702,1.4080710503579321,1.4607986181544759,0.25,2.381842017279091,158613.41700640565,-0.09488751287051916,3.542527323006858,3.543797888473451,1.75,1.7981058699513777,1003963.7597647376,-0.3397987251319752,1.7063611325320556,1.7398653649686218,1.75,2.402845428175894,232934.07191252068,4.0,CIPN_11_4,CIPN_11,neuro,gait_full,4.0,0.5
9.69177824807326,0.8652190699058239,9.730322175999865,1.75,2.332847715282269,59888.43390137873,-0.2917883201879317,0.3965930920907228,0.49236826105281756,1.0,1.7367740475206677,12583.069129773889,0.7073839144358749,0.3140532445992126,0.7739647555579737,1.75,1.8572926121352265,7890.438773867778,0.07249243692667454,0.865219069905831,0.8682506506420131,1.75,2.3328477152822784,59888.433901379714,0.3742315601879308,0.39659309209072213,0.5452846424893818,1.0,1.7367740475206672,12583.069129773845,0.8024133844358741,0.3140532445992121,0.8616824704989224,1.75,1.8572926121352245,7890.438773867754,-0.19364534589697263,0.41616010149966653,0.4590073529561057,0.25,1.263559989048144,13855.422698810477,0.04374944668399266,0.20329914658052772,0.20795325697263414,1.75,2.460247835720323,3306.4524394254104,-0.03930517057635104,0.1300809229058311,0.13588945116552947,2.75,2.461585909188531,1353.686699444369,9.720166547226729,0.8063854962413364,9.753558082790812,1.75,3.2848527798619993,52020.62114100114,0.10015253999017532,0.5319971939959214,0.5413423553408856,4.75,3.9602205021859533,22641.85592832194,1.3337871524918279,1.1581598144972474,1.7664434109443068,1.75,2.176539695281621,107306.79842381414,-0.01146951222679755,0.8063854962413315,0.8064670596243216,1.75,3.284852779861985,52020.62114100052,0.017449740009822995,0.5319971939959202,0.5322832966061805,4.75,3.9602205021859347,22641.855928321842,0.01172778749183495,1.1581598144972485,1.1582191920857443,1.75,2.176539695281615,107306.79842381428,-0.21846269067129717,0.46305479295389534,0.5120016489162098,0.25,1.8176995164524066,17153.90684763313,-0.04158880278610333,0.15792267984497704,0.16330707678052572,1.75,4.090571999771256,1995.1690646692318,-0.021731726456285596,0.39951598466272975,0.40010659821577715,2.75,2.343882148820367,12769.06208281534,9.605882313324287,5.697431999469582,11.168424526584595,1.0,2.8942396891024424,2596920.020694669,-2.270186143742872,3.4613492267402624,4.139406188899265,1.75,2.6006356371461106,958485.3930795336,7.009620464072802,3.230785520037709,7.7183388191264015,1.0,3.4562405995171424,835043.5754672976,3.7797184083243267,5.697431999469581,6.837177973024084,1.0,2.8942396891024234,2596920.0206946675,-0.13070362374288588,3.4613492267402703,3.463816090198062,1.75,2.60063563714612,958485.3930795381,-0.5545026609271615,3.230785520037707,3.2780250574790637,1.0,3.456240599517129,835043.5754672966,-0.5620717317648907,1.2890427725827076,1.406255987079485,0.75,3.0925356037192495,132930.9331065059,0.07385778914206803,4.043311695407685,4.043986206608218,1.75,2.079254734822911,1307869.6376845692,0.021472777169303542,1.9241757648077338,1.924295573458711,1.75,2.1249418002221723,296196.9474445646,10.057571980217494,5.45374476616181,11.441070147136298,1.0,2.2725882253130676,2379479.6943043265,-1.0801155793843364,2.1340820441442125,2.3918519678206467,1.0,3.1270206239800125,364357.444579494,6.557925983207344,4.001536653094415,7.682362187978647,1.75,2.5717666262590058,1280985.3513426417,3.8637145602175202,5.453744766161803,6.683683279246115,1.0,2.272588225313069,2379479.6943043205,0.8563588006156531,2.134082044144209,2.299490501509107,1.0,3.1270206239800005,364357.44457949273,-0.9652943467926016,4.001536653094406,4.116319808033351,1.75,2.5717666262589995,1280985.351342636,0.0970974046445796,0.9262765399042572,0.9313517779903123,2.75,4.911755462179584,68639.76529163813,-0.03714725013669465,3.7085249098220014,3.7087109519296595,1.75,1.9971880964288065,1100259.366216523,-0.11610258850740525,1.4221501649753039,1.4268815307506801,1.75,2.939601212230238,161802.31119872595,4.0,CIPN_11_4,CIPN_11,neuro,gait_full,4.0,0.5
9.713941225321483,0.9660800458814104,9.761862772240269,2.0,2.5024698542749104,74665.6364888211,-0.15762136459512732,0.3639921355438197,0.3966544709373392,1.0,1.7296643470807433,10599.22732169587,0.7520326099212692,0.36956300209184195,0.837931893950893,2.0,1.7665050034281766,10926.20937331537,0.05032945967845869,0.9660800458814193,0.967390153744481,2.0,2.502469854274947,74665.63648882248,0.24006460459512638,0.3639921355438186,0.4360290003166807,1.0,1.7296643470807433,10599.227321695804,0.8470620799212676,0.36956300209184234,0.9241704278733869,2.0,1.7665050034281706,10926.20937331539,-0.015255876843238045,0.19682511579993753,0.19741547048778843,1.0,2.165961608399785,3099.2511100618117,0.0019211944118605446,0.21488292509784077,0.21489151329583123,2.0,2.689570208057921,3693.9738369140177,0.005055033763928649,0.1679511604048473,0.16802721698489564,2.75,3.0449880581357633,2256.618691215567,9.699771274631168,0.8369849358014889,9.735815659867363,2.0,3.3348426168111978,56044.12955657961,0.19788969999351275,0.564920618879425,0.5985780141290148,4.75,3.825768346190349,25530.890715077017,1.434980052321935,1.2614141316773562,1.9105845603262896,2.0,2.3470245614476233,127293.31967039469,0.008925760368780324,0.8369849358014899,0.8370325274186095,2.0,3.3348426168112173,56044.129556579726,-0.08028741999351309,0.5649206188794255,0.5705973847156398,4.75,3.8257683461903436,25530.89071507706,0.11292068732194036,1.2614141316773557,1.2664583266813783,2.0,2.347024561447623,127293.31967039463,-0.03272497595787107,0.2535570921301804,0.2556601709710686,2.75,3.7437640389818223,5143.400082441393,-0.017053670048786215,0.16637501690117834,0.1672467455916564,3.75,5.008935894217209,2214.496299353298,-0.005909822601873176,0.47271904126377007,0.4727559814286051,1.0,2.38461967239845,17877.13366300107,9.916434968003193,6.076510147133493,11.630118573894798,1.0,2.293174477455507,2953918.067404398,-2.200253536139734,3.9913395803893623,4.557620790421043,1.0,2.438778731086071,1274463.7017297617,7.122622464325636,3.404904690975968,7.894626446130706,1.0,3.3742915202732027,927472.6824862392,4.090271063003229,6.07651014713348,7.324909073637549,1.0,2.2931744774554983,2953918.0674043857,-0.06077101613974383,3.9913395803893628,3.9918021947969056,1.0,2.438778731086069,1274463.7017297617,-0.44150066067433186,3.4049046909759646,3.4334092077709,1.0,3.374291520273202,927472.6824862374,-0.2942315344146118,1.1468548975976178,1.1839967702606367,1.0,4.7869686582652955,105223.54043484763,-0.06214776445517819,4.258789676016744,4.259243107545469,1.0,2.2469969464325947,1450986.9183621511,-0.05844244583405851,2.034997694704596,2.03583671666666,2.0,2.2187724935755226,331299.5484137693,10.750916040148946,6.390795263089547,12.506976445050967,1.0,2.3648441701710046,3267381.8552736775,-1.2983426861239316,1.9937504995562394,2.37922987226797,1.0,2.5645144350860134,318003.3003264579,6.561806327585954,4.839908582355109,8.153650554586068,1.0,2.6351869049032683,1873977.527296382,4.55705862014897,6.390795263089522,7.8491430973197005,1.0,2.3648441701710006,3267381.855273652,0.638131693876061,1.9937504995562376,2.093383174005628,1.0,2.5645144350859996,318003.30032645725,-0.9614140024139957,4.8399085823551085,4.9344738290513135,1.0,2.6351869049032737,1873977.5272963813,0.23712526407456544,1.125377656956424,1.1500883712302994,2.75,4.6969937720065165,101318.1070177142,0.1789088402900356,4.2164091237203785,4.2202031078760145,1.0,2.021386363392886,1422254.5039056248,0.02714462089207917,1.4559437503555999,1.4561967705783803,2.0,3.1245522821004936,169582.34890204004,4.0,CIPN_11_4,CIPN_11,neuro,gait_full,4.0,0.5
9.745670648860349,0.9215796387219048,9.789147328882374,2.0,2.3966857612304175,67944.82749240042,-0.10688463762673049,0.37529711276523164,0.3902207690660717,1.0,1.920637672094305,11267.883057304838,0.663077707511887,0.4661809805607444,0.8105533621149176,2.0,1.977514778405671,17386.30323730018,0.018600036139595804,0.9215796387219113,0.9217673197999605,2.0,2.396685761230446,67944.82749240138,0.1893278776267303,0.3752971127652312,0.42034862685223656,1.0,1.920637672094302,11267.883057304813,0.7581071775118865,0.4661809805607447,0.8899725834157006,2.0,1.9775147784056581,17386.303237300202,0.0018892401589575259,0.20456750521115383,0.20457622886516813,3.0,2.1298541896326917,3347.8495190955855,-0.016836043699042135,0.19695380998213274,0.19767209118617152,2.0,2.8278422958929483,3103.2758283526828,-0.0021904804641217986,0.1707285055775593,0.17074255714791903,3.0,3.1274897323768713,2331.8635549548794,9.745732901949625,0.8145052683091404,9.779710048270694,2.0,3.148701056024428,53073.81471612128,0.25870714009363877,0.6150702780599241,0.667263689472267,4.75,4.066973867216422,30264.945744683253,1.3992162360180525,1.2528216311084714,1.8781288865543324,2.0,2.365725637818632,125565.25325977971,-0.03703586694967322,0.8145052683091485,0.815346851066509,2.0,3.1487010560244713,53073.81471612233,-0.14110486009363973,0.6150702780599244,0.6310483567007829,4.75,4.066973867216413,30264.945744683297,0.07715687101805772,1.2528216311084697,1.255195292422093,2.0,2.3657256378186373,125565.25325977933,-0.021282564396305173,0.2711219273772009,0.2719559652811666,2.75,3.499152341524076,5880.5730737131835,-0.015733034364947683,0.17204510835844833,0.17276298122109046,2.0,4.085859125579108,2367.9628805523175,0.0033255087000539263,0.47274927088688024,0.47276096722571226,1.0,2.282534141288554,17879.356705539944,10.394708396040903,6.288376819409682,12.148812520638067,1.0,2.7944575798418234,3163566.169180888,-1.8429033149604328,4.164649127531751,4.554184337918605,2.0,2.822426537821638,1387557.4658035145,6.895006137490604,3.6927694846291232,7.821614673623416,1.0,3.377311755568783,1090925.6176461463,4.568544491040941,6.28837681940968,7.772726792413943,1.0,2.7944575798418105,3163566.169180885,0.296579205039552,4.164649127531742,4.175195993041859,2.0,2.822426537821643,1387557.4658035084,-0.6691169875093567,3.6927694846291277,3.752900746033882,1.0,3.3773117555687784,1090925.617646149,-0.17908670239637675,1.1813082194979097,1.1948059074295414,1.0,4.347471988079645,111639.1928880196,-0.2666869656571289,4.1259436273533385,4.134553513228368,2.0,2.355486562269691,1361878.0805394647,-0.16506037609846136,2.014408152665765,2.0211593537581503,2.0,2.193742323252496,324627.25029671483,10.625064561623471,6.479390422628641,12.444858263054615,1.0,2.3752354782992184,3358600.0238253386,-1.5651797258314202,1.9259620862164364,2.481756944524763,1.0,2.56606291520013,296746.48087402957,6.662051868117872,4.944045005989253,8.29617478810205,1.0,2.552797463737331,1955486.5775069762,4.431207141623523,6.479390422628645,7.849719547909157,1.0,2.3752354782992096,3358600.023825344,0.3712946541685714,1.925962086216435,1.9614254198815007,1.0,2.5660629152001184,296746.48087402916,-0.8611684618820868,4.944045005989257,5.018485044412076,1.0,2.552797463737335,1955486.5775069802,0.2934162961289799,1.2377118892497359,1.2720156617055467,1.0,4.35426573636439,122554.47062848917,0.030512418150395827,4.318143810946912,4.318251611437262,1.0,1.9439593464744809,1491710.0424509123,-0.05087349827295012,1.4260383045432519,1.426945464567977,2.0,3.116376488107219,162687.00353929255,4.0,CIPN_11_4,CIPN_11,neuro,gait_full,4.0,0.5
9.757516124577982,0.8218817387687435,9.792068755575652,1.75,2.5051594954623053,54039.230179597726,-0.12794250487551173,0.35984954627928256,0.3819175048504924,2.75,2.038276151608222,10359.372132813238,0.28092025918212243,0.43748581643177337,0.5199134847240704,1.75,1.375046338982304,15311.519555947702,0.00675456042196319,0.8218817387687588,0.8219094941707709,1.75,2.5051594954623697,54039.23017959973,0.21038574487551182,0.35984954627928273,0.41683792726217894,2.75,2.0382761516082213,10359.372132813247,0.37594972918212227,0.4374858164317733,0.5768292974971766,1.75,1.3750463389823022,15311.51955594769,-0.006352344601654112,0.16853405443846659,0.16865372746371834,1.0,2.234459118253045,2272.3016955048165,0.0024355253973255995,0.18161471499480952,0.18163104494168092,1.75,2.59167793352253,2638.7203520346247,2.76071648167589e-05,0.12385965667201504,0.12385965974870507,2.75,2.9579591197599266,1227.2981744725555,9.73250039778478,0.7375413298427107,9.76040630333118,1.75,3.098926009797897,43517.403848201786,0.3203997657013539,0.6042394995081011,0.6839308317566061,4.75,4.166808763339471,29208.43961782352,1.420070480503126,1.1081867513911443,1.8012989883845594,1.75,2.1546999461483405,98246.23346457709,-0.023803362784829946,0.7375413298427157,0.7379253439922142,1.75,3.098926009797928,43517.40384820236,-0.20279748570135558,0.6042394995081003,0.6373634700644453,4.75,4.166808763339467,29208.439617823427,0.09801111550313309,1.1081867513911416,1.1125124964336446,1.75,2.154699946148338,98246.23346457662,0.008175447926464121,0.24382871720328625,0.24396573792604254,2.75,3.7392188218668094,4756.205853591609,-0.03299442710558689,0.15307055633084946,0.1565861661688594,1.0,4.251311822113649,1874.4596771686704,0.029852734939109754,0.41013817483504655,0.41122318543628833,1.0,2.140365486109843,13457.078856673726,10.041493732977198,5.9035723116013195,11.648337324602432,1.0,2.1722663586086592,2788173.6128500393,-1.594404039356707,3.4675815542372455,3.816575176254671,1.0,2.3605566872755754,961929.8013364441,6.8650240939726155,3.311376895772419,7.621927102556145,1.0,3.347778313932379,877217.6603730023,4.215329827977242,5.903572311601349,7.254045188509701,1.0,2.1722663586086566,2788173.6128500663,0.5450784806432728,3.4675815542372317,3.5101613047475,1.0,2.360556687275587,961929.8013364365,-0.6990990310273401,3.311376895772426,3.3843694244332716,1.0,3.347778313932384,877217.660373006,-0.1655097235754175,1.031744801750658,1.0449357896720335,1.0,3.83548995234668,85160.38265424741,0.011578145580571882,3.588817587531697,3.588836264032105,1.75,2.2146560349108624,1030372.004246729,0.06926466156969335,2.030346186676586,2.0315273148777786,1.75,2.232875611137709,329785.63971792994,9.701924245015649,5.438171583442796,11.122097114617693,1.0,2.2482710883806605,2365900.4038510188,-1.6166947901631397,1.7061703925602565,2.3504721766040664,1.75,2.565587142607871,232881.40123836932,6.480823309695479,4.138917580593059,7.689714527239262,1.0,2.4598301710463373,1370453.6155108726,3.5080668250157077,5.438171583442833,6.471494651140563,1.0,2.2482710883806494,2365900.403851051,0.31977958983685173,1.7061703925602585,1.7358791416816586,1.75,2.5655871426078662,232881.4012383698,-1.0423970203044781,4.138917580593061,4.26816474458074,1.0,2.4598301710463386,1370453.6155108747,0.2547436063356398,0.9942339989135301,1.0263505977805425,2.75,4.280185751494062,79080.10749108867,-0.045806083582810214,3.9159452750765884,3.9162131702306313,1.75,1.9174807886450262,1226771.4735331456,-0.05787240193409072,1.2437969816325065,1.245142620916879,1.75,3.114867674309782,123762.51832776803,4.0,CIPN_11_4,CIPN_11,neuro,gait_full,4.0,0.5
9.768695794122715,0.9068812166731237,9.810700844448645,1.75,2.2913441829113075,65794.69221950276,-0.30369362772879477,0.29273991268266747,0.42181331889893137,0.75,1.73268298295287,6855.752195954626,0.34471058578348734,0.4908294427829157,0.5997824020874425,0.25,1.582928363076096,19273.425982397348,0.016730155877217885,0.9068812166731359,0.9070355226065974,1.75,2.2913441829113106,65794.69221950452,0.20838457272879496,0.29273991268266736,0.35933380947082916,0.75,1.7326829829528756,6855.752195954618,0.9248298407834854,0.4908294427829163,1.047007056473926,0.25,1.5829283630760966,19273.425982397403,-0.013660505119018604,0.18806279861005323,0.18855828176230333,1.0,1.519537390254248,2829.4154422242086,-0.0034092789346116836,0.20079877170351965,0.2008277119834217,1.75,2.4057029025040824,3225.6410562410047,0.012075889930666805,0.12789597045891327,0.12846480598687252,2.75,2.7451362198360862,1308.5922929100275,9.780355489131562,0.8406068455140903,9.816413467377533,1.75,3.1887917746220347,56529.593461697266,0.28743264005297414,0.5170586824998061,0.5915802597418696,4.75,4.3479351839649505,21388.29505119435,1.2383804065237625,1.2550923676994037,1.7631911078267308,1.75,2.0834035616021986,126020.5778268143,-0.10274634413161589,0.8406068455140981,0.846862846013199,1.75,3.1887917746219854,56529.59346169832,-0.11916171005297502,0.5170586824998067,0.5306120939925749,4.75,4.34793518396495,21388.29505119439,-0.38165770847622754,1.2550923676994028,1.3118381980627865,1.75,2.0834035616022004,126020.57782681417,-0.0036034463061572573,0.23032926322191388,0.2303574490257067,1.0,3.724201147178174,4244.143246884533,-0.01521538385911408,0.1919313680372791,0.1925335242045958,1.75,4.28107830724013,2947.021559669195,-0.02219216229038393,0.41907650545348596,0.4196636861705196,1.0,2.378645568580955,14050.009544576827,9.86426851770864,5.697209884520516,11.391312209650653,2.75,2.2009212287459214,2596656.1087465864,-1.8386247000711016,3.3622883019349366,3.8321695438798207,1.0,2.3748872977281077,904398.9408477677,6.966419762452936,3.2475430876493165,7.686191541513501,3.75,3.191769771189204,843723.4765063119,4.074171077708676,5.697209884520535,7.0040752736329415,2.75,2.2009212287459174,2596656.108746603,0.23306090992888615,3.362288301934941,3.370356066213988,1.0,2.3748872977281015,904398.9408477701,-0.6482886275470249,3.2475430876493263,3.3116180713883243,3.75,3.1917697711891977,843723.4765063173,-0.17277432057006478,1.1496594522945034,1.1625694912987112,2.75,4.717450537221959,105737.45114211907,-0.2622032449047519,4.1233659630154325,4.131694253764763,1.75,2.238175266055053,1360179.5745176156,-0.08528114333932883,1.9129584671497406,1.9148584726943003,1.75,2.1498075048463448,292753.2511519657,9.818703100682251,5.863947346144236,11.436468382227938,1.0,2.2264853865717553,2750870.499026169,-1.494200531261024,1.4876721458880766,2.1085074439688283,1.75,2.630625569357998,177053.59676456838,6.8806221216182735,4.406049105112392,8.170448549324846,1.0,2.5651814097188024,1553063.154165374,3.634444765682283,5.8639473461442195,6.898917830583807,1.0,2.2264853865717487,2750870.499026153,0.47901720373896395,1.4876721458880808,1.5628902377099756,1.75,2.6306255693580027,177053.5967645694,-0.6369476483816883,4.406049105112398,4.4518502921190795,1.0,2.5651814097187926,1553063.1541653788,0.20501211468108654,0.9343413617140944,0.9565687363570687,1.0,4.440866139434277,69839.50342919126,0.08876544395737236,3.891359936528379,3.8923722149428492,1.75,1.9631065019940694,1211416.2550291526,-0.07831966753299344,1.1912839720492838,1.1938557167363222,2.0,3.0287949705181028,113532.66882453162,4.0,CIPN_11_5,CIPN_11,neuro,gait_full,4.0,0.5
9.78958207872445,0.9983858225755629,9.84036033521145,2.0,2.372282717352206,79742.01727455435,-0.36400831251835136,0.3328122034391635,0.4932200465720031,1.0,1.5910830428860938,8861.12988054306,-0.24416613735345954,0.9164225944044402,0.9483920466584869,0.25,0.5938224845167901,67186.47285074802,-0.004156128724512098,0.9983858225755685,0.9983944732047896,2.0,2.372282717352196,79742.01727455527,0.2686992575183518,0.3328122034391635,0.42774204112869785,1.0,1.5910830428860947,8861.129880543062,0.33595311764653724,0.9164225944044413,0.9760608939976005,0.25,0.5938224845167885,67186.4728507482,0.000558350757405941,0.1688545040281837,0.16885542717417226,1.0,1.7755098185050422,2280.94782743148,-0.014728920986154397,0.2554110967176597,0.25583543429309025,2.0,1.977070457446154,5218.7862850879155,0.006666879048146423,0.13801572666890832,0.1381766553517251,2.75,3.215161521552281,1523.876815542809,9.771871766537936,0.8405923355101117,9.807959690790923,2.0,3.0598244378920882,56527.66634845172,0.24719494468492242,0.5800426792953823,0.6305195084071131,4.75,4.012822657936672,26916.002865773542,1.2503067617675432,1.2820556802248817,1.7907913797309067,2.0,2.477575075615621,131494.60804543016,-0.09426262153798866,0.8405923355101249,0.8458610502544615,2.0,3.0598244378920585,56527.666348453495,-0.0789240146849225,0.5800426792953821,0.5853874869675225,4.75,4.012822657936675,26916.00286577352,-0.3697313532324438,1.282055680224884,1.3343043283898857,2.0,2.4775750756156345,131494.60804543065,0.0021667673863716074,0.2578480134561109,0.2578571172649097,1.0,3.487509098657502,5318.861328251388,-0.008795657641995067,0.18964556966352558,0.18984942898612658,1.0,4.433109560948383,2877.240359342479,0.0051411680559172316,0.48344789476936,0.48347523056088965,1.0,2.4175986856599625,18697.850022549315,10.45185721250818,6.3847236980159865,12.247694309161467,1.0,2.3217970265846306,3261182.4131147955,-1.4365116404472666,3.730393020508784,3.997423893034256,1.0,2.489189823061816,1113266.9859119293,6.954231309549055,3.6922690762983157,7.873638551425964,1.0,3.3677175637704466,1090629.0532873084,4.6617597725082165,6.384723698015993,7.90548549278176,1.0,2.32179702658463,3261182.4131148006,0.6351739695527179,3.7303930205087785,3.784082195071609,1.0,2.4891898230618157,1113266.9859119265,-0.6604770804509053,3.6922690762983192,3.7508773514458977,1.0,3.3677175637704515,1090629.0532873103,-0.15347270665940352,1.2785942607946836,1.2877721675150722,1.0,4.478891192573295,130784.32655806668,-0.3037707241662834,4.194770442267172,4.205755070873581,2.0,2.428548908817492,1407705.6720179121,-0.04830865738395749,2.085476236756832,2.0860356805327367,2.0,2.76172905079777,347944.0745094585,10.759911622903514,6.27941580556619,12.458200551921156,1.0,2.3255556064850866,3154486.843338432,-1.4116034305384577,1.7725124294729169,2.265926865047485,1.0,2.53196354934978,251344.02530891684,6.729770118912903,4.83189222291894,8.284744311523292,1.0,2.4601654571561085,1867774.5968555862,4.5756532879035525,6.279415805566172,7.769663176116249,1.0,2.325555606485069,3154486.843338412,0.5616143044615307,1.7725124294729189,1.8593576685543312,1.0,2.5319635493497783,251344.02530891742,-0.7877996510870482,4.83189222291895,4.895693081082341,1.0,2.4601654571561027,1867774.5968555938,0.3016052603956052,1.100963344025476,1.1415279313210251,1.0,4.99788394554833,96969.62341568568,-0.010828646719814747,4.456247739130298,4.4562608958737675,1.0,1.9421205963097896,1588651.514850181,-0.07241552777780991,1.3795457016749963,1.3814450230368551,2.0,3.0106261525770353,152251.70846404723,4.0,CIPN_11_5,CIPN_11,neuro,gait_full,4.0,0.5
9.70797247442581,1.0194868064088385,9.761356612308091,2.0,2.630782648494986,83148.99210118972,-0.3920886761430026,0.3902483928220161,0.5531973771265903,1.0,1.6398069878377046,12183.621801518084,-0.2660421262036438,0.8739321654081807,0.9135293332181443,0.25,1.0164754675452443,61101.47693640193,0.07745347557413948,1.0194868064088352,1.0224247597355023,2.0,2.6307826484949963,83148.99210118919,0.29677962114300277,0.39024839282201507,0.490277423124857,1.0,1.6398069878376924,12183.621801518022,0.31407712879635313,0.8739321654081819,0.9286559495141323,0.25,1.0164754675452277,61101.476936402076,0.0025184995219844964,0.18971959693114512,0.18973631254864842,1.0,1.6870893861041134,2879.482076745604,0.04286799858421631,0.24089978009402907,0.2446842237496483,2.0,2.5444501277608924,4642.682668101393,0.00206620285596006,0.15182550645599519,0.15183956534731458,2.75,2.923191743664386,1844.0788458505854,9.682397487819403,0.8822350655542435,9.722507897812426,2.0,3.299011561389378,62267.51623949784,0.24467470689789586,0.6268972094231747,0.6729530617941604,4.75,4.0661890764684445,31440.01041842031,1.2412807487995459,1.2223629292045122,1.7421105097076353,2.0,2.183299673747244,119533.71909403887,-0.004788342819459133,0.8822350655542469,0.8822480598564458,2.0,3.2990115613893414,62267.51623949831,-0.07640377689789636,0.6268972094231735,0.6315359437964126,4.75,4.066189076468444,31440.010418420185,-0.3787573662004429,1.2223629292045164,1.2796985086904422,2.0,2.1832996737472463,119533.7190940396,-0.006723155344517956,0.26556648025355467,0.26565156926328926,2.75,3.5161667311501414,5642.070924288843,0.0024502221501394926,0.1881327201890981,0.18814867523938222,1.0,4.5521273431431934,2831.552617141988,0.029155728930287325,0.4601444878275796,0.46106724694729934,1.0,2.3684759526287116,16938.75846075045,10.270240715356447,6.3777229074101465,12.08938351757729,1.0,2.2517729532796413,3254028.1262363796,-1.4792002553311674,3.7922393415661024,4.0705174878746675,1.0,2.410193052811544,1150486.5293923507,6.8179077653229,3.64491624801422,7.7310594844101646,4.75,3.4743300878887937,1062834.9927981542,4.480143275356479,6.377722907410136,7.794038314726575,1.0,2.251772953279643,3254028.12623637,0.592485354668819,3.792239341566105,3.838244145337652,1.0,2.410193052811548,1150486.529392352,-0.7968006246770645,3.644916248014214,3.7309925878409054,4.75,3.474330087888804,1062834.9927981507,-0.19678832574994465,1.3110962125376626,1.3257823817210992,1.0,4.352555576609889,137517.95539265018,0.055581159248597384,4.155522673102723,4.1558943624608915,2.0,2.6237670571833376,1381499.3220486238,0.08487168774347363,2.1013368803694976,2.103050139245719,2.0,2.481394650541796,353251.93872439966,10.64301443719645,6.294267120890373,12.36493246643481,1.0,2.3700717258037654,3169432.5378446523,-1.3620154369778967,1.9176791384060616,2.3521435603389316,1.0,2.475584225730886,294199.4711549651,6.731204087465426,4.803572061434556,8.269426401903935,1.0,2.68487727919813,1845962.5722583884,4.458756102196482,6.294267120890355,7.713514410954045,1.0,2.370071725803756,3169432.5378446346,0.6112022980220922,1.9176791384060663,2.0127249009701544,1.0,2.4755842257308776,294199.4711549665,-0.7863656825345238,4.803572061434555,4.867512253303797,1.0,2.6848772791981173,1845962.5722583884,0.30369181588710914,1.1110697871290434,1.1518267191326077,3.75,5.383420602746255,98758.22886620957,0.0449733143371379,4.469699844768054,4.469926095733802,1.0,1.974888341868359,1598259.165356587,-0.05104846356122263,1.3752500636957654,1.3761971818482877,2.0,3.1524886816102615,151305.12979544376,4.0,CIPN_11_5,CIPN_11,neuro,gait_full,4.0,0.5
9.667067582641648,0.8179279104243231,9.70160820245861,1.75,2.4277034933838126,53520.498324169625,-0.2621910342962011,0.4205634654359651,0.4955983927786892,1.0,1.9711515777159054,14149.953514803552,0.3210651050143714,0.5616645992030812,0.6469543443364819,0.25,0.8765476625644081,25237.37175675484,0.11835836735830436,0.8179279104243069,0.826447076209237,1.75,2.427703493383786,53520.49832416749,0.16688197929620124,0.4205634654359642,0.4524635051286735,1.0,1.9711515777159048,14149.95351480349,0.9011843600143706,0.5616645992030825,1.0618852917017307,0.25,0.8765476625644015,25237.371756754947,-0.6323726635301282,1.0053799800151655,1.1877222275412223,0.25,0.5464360317846971,80863.2670768178,0.083415337231149,0.22504209193932914,0.2400042950236845,1.75,2.2566016217625506,4051.5206494792533,-0.049073738387030774,0.1856965753751237,0.19207147082616863,2.75,1.9912455569406702,2758.657485855818,9.712492702109172,0.7935126364530956,9.744853862051222,1.75,3.1702979354866385,50373.18664853734,0.24027731907396846,0.8021523887685652,0.8373658966476298,4.75,3.531422491051862,51476.280177335655,1.3292605091871994,1.1549857831643477,1.7609445364906795,2.0,2.6694678531124194,106721.34399067405,-0.03488355710923188,0.7935126364530939,0.79427902324519,1.75,3.1702979354866163,50373.186648537136,-0.0720063890739691,0.8021523887685633,0.8053777839465055,4.75,3.53142249105186,51476.28017733541,-0.29077760581279105,1.1549857831643495,1.19102635376132,2.0,2.6694678531124243,106721.34399067439,-0.602190831506595,0.9352161826510587,1.112323291962828,0.25,0.8814516672685406,69970.69632419887,-0.06741167217454859,0.2526152683392581,0.2614551727227522,1.0,3.123691649635524,5105.162311143849,-0.07865114856245024,0.45396603267406377,0.46072894633615297,1.0,2.2544788465584897,16486.841863057612,9.667500828692313,6.019693466450318,11.388471438379744,1.0,2.3045475848251744,2898945.832810558,-1.3427515159561332,4.208146920185215,4.417180337666418,1.0,2.1672730708622705,1416680.0704627126,7.2963979922744375,3.2844098666650594,8.001548089833193,4.75,3.2150900574491565,862988.1755521267,3.877403388692353,6.019693466450316,7.160374743591816,1.0,2.3045475848251664,2898945.832810556,0.728934094043862,4.208146920185221,4.270813203047389,1.0,2.16727307086227,1416680.0704627165,-0.31831039772554004,3.284409866665059,3.2997984304419234,4.75,3.2150900574491637,862988.1755521267,-0.7076922110676014,1.9833821912373832,2.1058568759826377,1.0,2.615684146922139,314704.6670576038,0.2934892061716458,3.8742737702442502,3.8853742626601444,1.75,2.253991467820301,1200805.7418758746,-0.10226650948645374,2.0451137498631153,2.047669086752475,2.0,2.546949766569878,334601.11479449854,10.018791953275086,5.566580635421419,11.461370431744115,1.0,2.138380789737063,2478946.5305644437,-0.5927183402144308,2.906832193361998,2.966645990203798,1.0,2.239800855936556,675986.4101991145,7.05186677533404,4.049040760366756,8.13163920105728,1.0,2.4252979081561823,1311579.0088249277,3.8345336182751044,5.566580635421399,6.759472467606512,1.0,2.138380789737061,2478946.530564426,1.3804993947855553,2.906832193361999,3.217988809702267,1.0,2.2398008559365405,675986.4101991149,-0.46570299466591875,4.049040760366747,4.075734333632668,1.0,2.4252979081561827,1311579.0088249221,-0.25538954993902324,1.5416299176260697,1.5626409136899684,0.25,2.491348077356843,190129.86846660273,0.021510186946739163,4.129793173839408,4.129849191778442,1.0,1.956348516417171,1364418.5917516004,-0.0842198547971529,1.8052833588127246,1.8072467981845217,2.0,2.6726411042002822,260724.06756944707,4.0,CIPN_11_5,CIPN_11,neuro,gait_full,4.0,0.5
9.736894607787372,0.6950583031165498,9.761671099145376,1.75,2.5501417257667227,38648.58749970361,-0.10330982846838813,0.38249663152432617,0.39620271804421525,2.25,2.3827392634133284,11704.370795617737,0.2986423777008167,0.49999207790166095,0.5823910608201485,0.5,1.115154572899062,19999.485208842736,0.04853134221258804,0.6950583031165424,0.6967505550110474,1.75,2.5501417257666756,38648.58749970277,0.008000773468388766,0.3824966315243264,0.3825802994190224,2.25,2.3827392634133244,11704.370795617753,0.8787616327008155,0.4999920779016622,1.0110460350901065,0.5,1.1151545728990377,19999.485208842838,-0.8101825387615257,0.9321300073845256,1.2350150188482512,0.25,0.4867768548026365,69509.32567738122,0.07315719117874536,0.21896159899650378,0.23085960334426037,1.75,2.0210981785779882,3835.534631065016,-0.06290639851770519,0.16810574571659567,0.17949026914404323,0.25,1.934296951583657,2260.7804403302266,9.78608808547241,0.7439183636889735,9.814322928682282,1.75,3.31769529324365,44273.21132568789,0.1292016011044178,0.7907026739587408,0.8011889741711676,1.0,3.0953510435508376,50017.04099594199,1.1539682156142743,1.1653451002192496,1.640021903894276,1.75,2.0062373365966275,108642.38102286066,-0.10847894047246104,0.74391836368897,0.751786015006732,1.75,3.317695293243638,44273.211325687465,0.03906932889558154,0.7907026739587396,0.7916673108483461,1.0,3.0953510435508376,50017.04099594182,-0.46606989938571675,1.1653451002192492,1.2550897791466649,1.75,2.006237336596623,108642.38102286051,-0.7576979317644722,0.9036356734832044,1.1792640019061056,0.25,0.6081730833046229,65324.71435305063,-0.07691154756165054,0.23455436684460618,0.24684233258135063,0.75,2.8600207812290956,4401.274445557893,-0.10976682659224196,0.4033372281569758,0.41800678922415085,2.5,2.550717359171559,13014.597499794278,9.245648025838653,5.33443394826528,10.674183480065317,2.5,2.5575716047447687,2276531.687290106,-1.6338684377724677,3.8369213485800833,4.170310720694401,1.75,2.395687969813471,1177770.2410104363,7.0431165067776735,2.854779183421862,7.599687777411841,0.5,3.795716392763118,652007.2137068224,3.4555505858386937,5.334433948265287,6.355864646111914,2.5,2.557571604744758,2276531.6872901125,0.43781717222752436,3.8369213485800833,3.8618194302021562,1.75,2.3956879698134737,1177770.241010436,-0.571591883222301,2.8547791834218637,2.9114397584467415,0.5,3.795716392763137,652007.2137068231,-1.0433979641151954,2.0549920663304815,2.3047064247319997,0.75,2.619753130791443,337839.8322388865,0.228929027350014,3.8481450798884564,3.854948644980003,1.75,2.2297183251021067,1184661.4612923893,-0.13870663778822365,1.8894771771895251,1.8945615678796532,1.75,2.347882119774758,285609.9589721992,9.619599877215013,4.635655016469493,10.678295708090962,0.75,1.9283388092120017,1719152.31301104,-0.5725334598514342,3.1792466241319755,3.230387540172853,1.0,1.5454435898039682,808608.8953004818,6.747001269859891,3.3274588573132946,7.522898948052117,0.75,2.7799229355156614,885780.703032715,3.4353415422150366,4.635655016469492,5.769823995876058,0.75,1.9283388092119957,1719152.313011039,1.4006842751485482,3.1792466241319746,3.474122268387077,1.0,1.5454435898039671,808608.8953004814,-0.7705685001400663,3.3274588573132897,3.4155172756876486,0.75,2.779922935515635,885780.7030327126,-0.407839028316817,1.412076855080792,1.4697937670548429,0.25,2.1469138886459427,159517.23869567708,0.06985801847453059,3.506952862386662,3.507648574436611,1.75,1.7290651691048564,983897.4809920377,-0.24278060968406273,1.7864634126189514,1.8028848962328998,1.75,2.492656150029267,255316.1972532135,4.0,CIPN_11_5,CIPN_11,neuro,gait_full,4.0,0.5
9.764585016091335,0.8846488789946391,9.804576695379657,1.75,2.443254640875612,62608.387499036195,-0.02593411300387195,0.36877417850791977,0.36968496446500043,1.0,1.5966869474951249,10879.551581494085,0.2853513919613014,0.3492140006297346,0.4509721001681552,1.75,1.6096685998400195,9756.044015654394,0.020840933908620723,0.8846488789946402,0.8848943347274052,1.75,2.443254640875625,62608.387499036326,-0.0693749419961273,0.3687741785079195,0.3752429577102772,1.0,1.5966869474951286,10879.551581494066,0.865470646961298,0.34921400062973457,0.9332683745779838,1.75,1.6096685998400058,9756.04401565439,-0.15108332713804423,0.3567365800207768,0.3874108404059202,0.25,1.3564500206781154,10181.074832692859,0.011029753778946933,0.18778407916937834,0.18810772407829388,1.75,2.489829543553879,2821.0315059157297,-0.02058397038584501,0.13148986104707536,0.13309125964925167,2.75,3.0287794065574145,1383.1802177249804,9.74023720877988,0.8401562377723967,9.776404420192932,1.75,3.4672304519129695,56469.07383891494,0.11959879981977153,0.5816372544250019,0.5938061709458603,4.5,3.8232101345383374,27064.385446460376,1.201923020559403,1.234566917235904,1.7230131805891684,1.75,2.065055795225812,121932.60393722059,-0.0626280637799241,0.8401562377723899,0.8424872570197598,1.75,3.4672304519129384,56469.07383891404,0.04867213018022683,0.5816372544250015,0.583670173977851,4.5,3.8232101345383467,27064.38544646034,-0.4181150944405892,1.2345669172359026,1.3034476227806098,1.75,2.065055795225812,121932.6039372203,-0.1694155996723991,0.4432065560201171,0.4744825568043275,0.25,2.4938504912967123,15715.22389665748,-0.015964097606944977,0.15959317429910558,0.16038963088450814,1.75,4.50451668373642,2037.616656764044,-0.0128183196423668,0.40038212099874576,0.40058725907585757,2.75,2.2292968236822555,12824.48691285018,9.53955765461954,5.3083534765672225,10.917040664850232,1.0,2.2312988619364003,2254289.334061849,-2.1883318557876406,3.216571196997409,3.890389000653833,1.75,2.3090129678773175,827706.4600359484,6.5300900236179125,3.118557811518131,7.23653774538176,1.0,3.2019021092001005,778032.8464427318,3.749460214619572,5.308353476567232,6.499005195658676,1.0,2.231298861936405,2254289.334061857,-0.11664624578764818,3.216571196997413,3.218685541025983,1.75,2.3090129678773206,827706.4600359504,-1.0846183663820497,3.1185578115181203,3.3017873681498564,1.0,3.2019021092000903,778032.8464427267,-0.5039146649538092,1.5512574568010122,1.6310517118829355,0.75,3.9315963147151964,192512.4936990469,0.0012776920889733389,4.241457122332188,4.241457314777495,1.75,2.133117370333663,1439199.571889544,-0.08202426482125148,1.8905651185229726,1.8923436388233632,1.75,2.3432722674914923,285941.03030460014,10.190722401202775,5.4803500217826615,11.570871160791189,0.75,2.134689331167803,2402744.0907400204,-1.3745686094755778,2.25296771937253,2.63918593636187,1.75,3.007756064740063,406081.69947113335,6.361203907368151,4.154887398578984,7.597894737753759,1.75,2.576309676324455,1381047.672446021,4.006464066202809,5.480350021782674,6.788666339939511,0.75,2.1346893311677966,2402744.0907400316,0.5986491255244052,2.252967719372531,2.331146567684194,1.75,3.007756064740049,406081.69947113364,-1.1563658626318019,4.154887398578984,4.312803183908422,1.75,2.5763096763244437,1381047.6724460209,0.11900109170709884,0.944585938760105,0.952052443687211,2.75,4.625097937209707,71379.51245408955,0.1592094673526493,3.779137576982397,3.782489719781813,1.75,1.975749216963606,1142554.2033176231,-0.19087666104401418,1.3056319587414738,1.3195107848814305,1.75,2.8912230134909422,136374.1811913117,4.0,CIPN_11_5,CIPN_11,neuro,gait_full,4.0,0.5
9.802558058253487,0.983790717449715,9.851801290178898,1.75,2.5920151638386812,77428.01530489851,-0.08348532201298392,0.38860005495311845,0.39746673030730295,1.0,1.4418562845687954,12080.811246172565,0.13221717126271795,0.33379109312755906,0.3590235009411023,1.75,1.908605408810527,8913.325324870746,-0.017132108253538395,0.9837907174497039,0.9839398786884359,1.75,2.5920151638386746,77428.01530489675,-0.0118237329870162,0.38860005495311717,0.3887798906467694,1.0,1.4418562845687972,12080.811246172487,0.7123364262627149,0.33379109312755867,0.7866636371614153,1.75,1.908605408810531,8913.325324870724,0.01712710460061959,0.1574500190219937,0.15837880603801363,1.0,1.9958563792947248,1983.2504762351964,0.013616103411256788,0.2085494604896337,0.20899348253623443,1.75,2.624375779691215,3479.45761183406,-0.004848967796623224,0.1338979556663364,0.13398572692759805,2.75,2.9387696030042694,1434.2945958676216,9.739183068290128,0.8540813084128663,9.776560832882357,1.75,3.5289119212172864,58356.59217675928,0.25612495431325655,0.6031906177500739,0.6553158883803165,4.75,4.015654759130798,29107.256844679097,1.456580191086859,1.2793235168924506,1.938632124447725,1.75,2.2655378523519945,130933.82032163897,-0.061573923290176275,0.8540813084128552,0.8562979793328717,1.75,3.5289119212172926,58356.59217675777,-0.08785402431325791,0.6031906177500729,0.6095549613691524,4.75,4.015654759130806,29107.25684467899,-0.16345792391313296,1.2793235168924504,1.2897236734138282,1.75,2.2655378523519882,130933.82032163891,-0.006488333700885279,0.27666995039895026,0.2767460206181322,2.75,3.4827719254437652,6123.724738208449,-0.011642052323959538,0.18484020789197642,0.1852064789251793,3.75,4.51577837576982,2733.2738369425624,-0.003342380313422443,0.4456530665435196,0.4456656002271235,1.0,2.1385408487777293,15888.5351483682,9.998668846357916,5.8758131644680525,11.597351380503412,1.0,2.3899327945732716,2762027.76044171,-1.9620872333850752,3.5642360927516274,4.068607284598268,1.0,3.2630054790996814,1016332.4080736311,6.8345882048593465,3.6250425130197845,7.736441633671342,1.0,3.7592327542373227,1051298.4060283287,4.208571406357934,5.875813164468042,7.227534408506786,1.0,2.389932794573276,2762027.7604417,0.10959837661491752,3.5642360927516274,3.5659207407105966,1.0,3.2630054790996836,1016332.4080736311,-0.780120185140605,3.6250425130197663,3.7080346174846426,1.0,3.759232754237302,1051298.4060283182,-0.11397977094637007,1.2670544182999062,1.2721706988915837,2.75,5.178923568164936,128434.93738010265,-0.3396322092350756,4.293287894645247,4.30670070748564,1.75,2.4004458400897764,1474595.1660122084,-0.21215856256799603,2.043187820265376,2.0541732459925814,1.75,2.3966206202779166,333971.24339411466,10.652876696661338,6.281118770130625,12.366739057599519,2.75,2.35744576638725,3156196.2411236805,-1.3930115036042325,1.8587651112058694,2.322819146599643,1.0,2.538612182862403,276400.76017261046,6.497902662943184,4.788694631008975,8.071823541563473,1.0,2.688287754249441,1834527.8956640807,4.468618361661373,6.2811187701306315,7.708501998875301,2.75,2.3574457663872357,3156196.241123686,0.5802062313957521,1.8587651112058716,1.9472151934459214,1.0,2.5386121828624213,276400.76017261116,-1.0196671070567798,4.788694631008968,4.896051192365911,1.0,2.6882877542494414,1834527.8956640747,0.27450284263992897,1.1069390899025198,1.1404674302107976,2.75,4.877421796275412,98025.15653806848,0.07901008731322942,4.330922591892996,4.331643232177183,1.0,1.9646162739449722,1500552.7585461906,-0.0062411826915716295,1.3085758144873385,1.3085906978970128,1.75,3.21055963348466,136989.94693584842,4.0,CIPN_11_5,CIPN_11,neuro,gait_full,4.0,0.5
9.770697332021877,0.9854568555263175,9.82026738780993,2.0,2.617475625738621,77690.4431360521,-0.041517960648342386,0.366695319055804,0.36903820679414107,1.0,1.5668256514826477,10757.240839444896,0.30416096410300164,0.3878358215955761,0.4928798196282569,0.25,1.878748614657611,12033.48712311067,0.014728617978069382,0.9854568555263189,0.9855669161915713,2.0,2.6174756257386047,77690.44313605233,-0.053791094351657735,0.3666953190558026,0.3706196687292592,1.0,1.5668256514826444,10757.240839444816,0.8842802191029988,0.3878358215955762,0.9655921138915556,0.25,1.8787486146576138,12033.48712311068,0.020205641243945135,0.15831520690039774,0.15959941313800236,1.0,1.8802110614815652,2005.096684197145,0.02392185163831165,0.19664933737966958,0.198099007765482,2.0,2.540109848919324,3093.678343295282,-0.0021969149003400307,0.12429725872806774,0.1243166721014987,2.75,3.137694603673876,1235.988100819286,9.754137962999039,0.8281211407310891,9.789228367187313,2.0,3.3429947340329607,54863.03838672336,0.28473122912379084,0.6662982301370217,0.7245862297353381,4.75,3.9314769682942,35516.304997514584,1.373777341167762,1.2662561474987863,1.8683331646642773,2.0,2.2231220126239086,128272.7635922382,-0.0765288179990885,0.8281211407310763,0.8316497361931146,2.0,3.3429947340329993,54863.03838672167,-0.11646029912379124,0.6662982301370213,0.6763995363361288,4.75,3.9314769682942057,35516.30499751454,-0.24626077383223163,1.2662561474987866,1.2899802323318441,2.0,2.2231220126238957,128272.76359223826,0.010534556078027174,0.2855749026315714,0.2857691408896219,2.75,3.5222410659638044,6524.260007436033,-0.020196194418190344,0.19003324489056972,0.19110342862601024,1.0,4.6394711437631155,2889.0113020284966,0.018210831675793897,0.4488293232985097,0.4491986151391412,1.0,2.172833194122235,16115.872912208528,10.227768301445096,6.229130401475056,11.975362624431291,1.0,2.323165491632023,3104168.416853619,-1.6051320783632557,3.801118494632315,4.126130245063354,1.0,2.6156918374889484,1155880.2331742197,6.819959667382717,3.7637350406095793,7.789579662641583,1.0,3.306497279007315,1133258.4965717206,4.437670861445123,6.229130401475051,7.648201633920214,1.0,2.323165491632028,3104168.4168536128,0.4665535316367317,3.8011184946323118,3.829644109851269,1.0,2.6156918374889555,1155880.2331742179,-0.7947487226172353,3.7637350406095718,3.846729388456389,1.0,3.306497279007305,1133258.4965717162,-0.15007225336409605,1.187539855601594,1.196984790994452,1.0,4.496168889000436,112820.75740361793,-0.20804616744646448,4.112584145809006,4.117843071821551,2.0,2.531677578399625,1353084.3087663695,-0.04245543019076508,2.0993221022554787,2.0997513549396856,2.0,2.8044748597579203,352578.7440928553,10.553475399101076,6.214103828371938,12.247078402183044,1.0,2.3687179898052237,3089209.9426814765,-1.3220636954782163,2.0466995389621037,2.4365613921445126,1.0,2.4712734952317006,335118.6165684412,6.478443391329921,4.737687841614091,8.025952582668571,1.0,2.6315996854006496,1795654.9338118762,4.369217064101114,6.214103828371934,7.596390204762988,1.0,2.36871798980521,3089209.9426814723,0.6511540395217676,2.0466995389621014,2.1477850418450153,1.0,2.471273495231716,335118.6165684405,-1.0391263786700293,4.737687841614078,4.850306146567013,1.0,2.6315996854006545,1795654.933811867,0.29014887392391087,1.119715642626581,1.156697665503813,3.75,4.8863579300767,100301.11403397417,-0.00026412041173831116,4.396197658783886,4.396197666717969,1.0,1.9352363749221613,1546124.3088308815,7.491141035240539e-05,1.3920684921745594,1.392068494190164,2.0,2.9731368612023794,155028.38709865158,4.0,CIPN_11_5,CIPN_11,neuro,gait_full,4.0,0.5
9.736693596034424,0.9144386693084848,9.779539879921982,1.75,2.4320612473490657,66895.93317269441,0.03322449854564182,0.3316874309466488,0.33334729510166616,1.0,1.8323163226409582,8801.361665077271,0.3912494204801007,0.35217356095506,0.5264050969185063,1.75,1.8603378092327958,9922.112507869797,0.04873235396552723,0.9144386693084946,0.9157362733067373,1.75,2.4320612473491012,66895.93317269586,-0.12853355354564147,0.3316874309466484,0.35572099493150233,1.0,1.8323163226409553,8801.361665077246,0.9713686754800972,0.35217356095506075,1.0332392369338894,1.75,1.860337809232804,9922.112507869837,0.039047394947607596,0.1596018141181263,0.164308971520095,2.75,2.0662355356872597,2037.8289759572747,0.009931814100159085,0.18730681242001979,0.18756994138259092,1.75,2.7700980763711915,2806.7085197062925,0.0004157881448030448,0.10634124111166772,0.10634205396244333,2.75,3.0980496749610023,904.6805942471226,9.693114410966116,0.8473332753053456,9.730079170465093,1.75,3.2421462991467562,57437.92780051354,0.28458025901810197,0.5934824419209993,0.6581848772885338,1.0,3.970670153588472,28177.82472567507,1.4120190799435444,1.1382103725307766,1.8136484593937334,1.75,2.0983563738679654,103641.8282817753,-0.015505265966175989,0.847333275305338,0.8474751280789032,1.75,3.242146299146745,57437.92780051249,-0.11630932901810243,0.5934824419209986,0.6047720801137836,1.0,3.97067015358847,28177.824725675004,-0.20801903505644867,1.138210372530777,1.1570629935671033,1.75,2.09835637386796,103641.82828177535,0.0344540425674206,0.2397971913640493,0.24225972433593684,2.75,3.419556275147601,4600.215438888976,-0.023498798942322742,0.1734448876435443,0.17502949066204074,1.75,4.116207780701635,2406.6529279616007,0.04195277668157904,0.4098886988443976,0.4120300728243604,1.0,2.1298692534728274,13440.699680222342,9.815289763122712,5.732665543029055,11.366765914819137,1.0,2.2372762695390227,2629080.9371420937,-1.4957737069087473,3.50480741949677,3.8106448312640135,1.75,2.5742096788539883,982697.6331639441,6.5514989271038635,3.4265054223741913,7.393448288951699,1.0,3.2793504557795043,939275.4025101229,4.0251923231227495,5.732665543029059,7.004686107625307,1.0,2.237276269539019,2629080.937142096,0.5759119030912424,3.5048074194967747,3.551809337208547,1.75,2.574209678853991,982697.6331639467,-1.0632094628960969,3.426505422374191,3.5876668980761774,1.0,3.2793504557794995,939275.402510123,-0.19907705204863063,1.083298587994942,1.1014388332559406,1.75,3.6863700658733682,93882.91946603206,0.24350777856678793,3.741001660397089,3.748918438872245,1.75,2.1911968415106657,1119613.0745695368,0.1268442114146357,2.0009786452166707,2.0049950106128804,1.75,2.1214190688109382,320313.65288166667,9.545685490153812,5.331098194898243,10.93346785976802,1.0,2.1500949535008207,2273649.4530010307,-1.4884463053212118,1.7842164107077643,2.323553443341311,1.75,2.352911930996401,254674.5952590204,6.73797983547561,3.925149679978564,7.797895374619472,1.0,2.4784423334941366,1232544.7141416576,3.3614271551538484,5.331098194898231,6.302364673918264,1.0,2.150094953500816,2273649.45300102,0.4847714296787723,1.7842164107077592,1.8489000890452896,1.75,2.3529119309964166,254674.59525901888,-0.7795899345243342,3.9251496799785652,4.001819645642153,1.0,2.4784423334941295,1232544.7141416585,0.25877200322149635,0.9117058238621905,0.9477185546962249,2.75,4.621767882498215,66496.60715396544,-0.22995804198887856,3.798713886876612,3.805667864570498,1.75,1.9077704905596704,1154418.2340631434,-0.027615582865139952,1.279953361606972,1.2802512364008751,1.75,2.883968644000437,131062.89244149007,4.0,CIPN_11_5,CIPN_11,neuro,gait_full,4.0,0.5
8.968160258716647,0.466842095571536,8.980302888445483,1.0,1.578596680124669,17435.333380972977,-0.8859974369840924,0.5496272370927263,1.0426320338914228,0.5,1.063470847841732,24167.22256880651,3.4416512519294433,0.3546944085364543,3.459880267199218,2.25,2.2374389299918556,10064.650181031288,-0.27354254371669395,0.4668420955715332,0.5410795370558934,1.0,1.5785966801246731,17435.33338097277,-0.2217919080159011,0.549627237092727,0.5926902649913516,0.5,1.0634708478417332,24167.222568806566,-0.5323012680705328,0.35469440853645445,0.6396505010054494,2.25,2.2374389299918254,10064.650181031297,-0.0005015770050095325,0.12401595111101754,0.12401696540982708,0.5,1.5391315053487027,1230.3966653419125,-0.016628584950057736,0.08865933090707973,0.09020524815293368,4.0,3.3298138552108205,628.8417462739128,-0.006377923480020036,0.07858424765762877,0.07884264003591282,0.5,1.76697505142779,494.03876079750023,9.756077238703206,0.49232598692466434,9.768491591077105,1.0,2.2880635346052096,19390.80662181229,0.39471710304951474,0.6679207466642177,0.7758348505089774,0.5,1.5200167427952391,35689.452573399336,-0.1660492754893684,0.7149342428954568,0.733964122798277,1.25,1.3765245055618884,40890.477806715586,0.01623274129672446,0.49232598692466495,0.49259352339566115,1.0,2.2880635346052016,19390.80662181234,0.07378397195048216,0.667920746664217,0.6719837783319436,0.5,1.5200167427952378,35689.45257339925,0.5349095595106274,0.7149342428954557,0.8928937274504462,1.25,1.3765245055618873,40890.477806715455,-0.009266895399973047,0.2175391058211895,0.21773639546900908,1.75,2.3860641049261013,3785.8889658668336,-0.0011922388299840448,0.14836876986840206,0.14837355999533938,1.0,1.695242753495642,1761.0727633924212,0.030116798934335748,0.17315568187956487,0.17575526093186591,1.75,2.611253387428002,2398.644618901412,7.897220315294817,2.3311944432068845,8.234109316759392,0.5,1.8144216262830875,434757.404445834,-3.350556700012327,1.273405418450708,3.584381614691314,1.25,2.2241796390068727,129724.91316629955,5.805893202553684,1.8377051376648128,6.0897911337301815,1.75,2.2008575938256323,270172.8181095506,1.0744585102948643,2.331194443206893,2.566890847384001,0.5,1.8144216262830857,434757.4044458372,-0.08637239501234159,1.2734054184507049,1.276331285505367,1.25,2.224179639006861,129724.91316629891,-0.3970188474462749,1.8377051376648121,1.8801021616463334,1.75,2.2008575938256385,270172.8181095503,-0.0331711848502806,0.33455792671418655,0.33619835489137434,1.5,2.9872551532942286,8954.32566400405,-0.01353959190138085,1.4236268636854466,1.4236912472708811,1.25,1.518703074431262,162137.08090702514,0.011513761916890165,1.0536263093283007,1.0536892171898955,1.0,1.6330152209968378,88810.2724289901,7.5299125573042325,2.019430570945875,7.796004293964874,2.25,2.4663730474670658,326251.5448418007,1.6297328720016708,0.8192764559776626,1.8240732291775277,1.75,2.892230564579554,53697.16170810615,7.123966249461514,1.6470622064923823,7.311888199057909,0.5,2.910946667260124,217032.51168277266,0.7975204723042854,2.0194305709458846,2.1712067461702653,2.25,2.4663730474670875,326251.5448418038,-0.04971950799831909,0.8192764559776653,0.8207837357032108,1.75,2.892230564579549,53697.1617081065,-0.011288200538441462,1.647062206492381,1.647100888083953,0.5,2.910946667260101,217032.51168277234,0.07312883719413199,0.4077906212501393,0.4142958093065152,0.5,3.2625991551102898,13303.542977603147,0.08712108923906775,1.6234259229408043,1.6257619172149422,1.75,1.5834418249600875,210840.951046955,-0.07217529935290624,0.6428793056510235,0.6469181366069618,1.0,1.899495564455266,33064.02653063798,4.0,CIPN_12_1,CIPN_12,neuro,gait_full,4.0,0.5
8.956193782126395,0.5433190655901539,8.972658617713774,1.25,1.9754440518647118,23615.769722561614,-0.9901987885242889,0.5131022800772157,1.1152432876352167,0.5,1.3421414998397065,21061.94485289074,3.5347764925516625,0.5074905391481467,3.571021072413422,1.25,1.9889395455890726,20603.747692235276,-0.2615760671264523,0.5433190655901579,0.6030071690511685,1.25,1.9754440518646947,23615.769722561956,-0.11759055647570418,0.5131022800772171,0.5264043016472271,0.5,1.342141499839707,21061.94485289087,-0.43917602744831685,0.5074905391481473,0.6711350314282232,1.25,1.988939545589075,20603.747692235334,-0.0014861164532947236,0.1203184318897565,0.12032760944406203,0.75,1.8626010259926626,1158.1247399470963,-0.017926143318198334,0.10970937090492554,0.11116425989777068,2.0,3.508397540114314,962.8916917231136,0.008201069403263499,0.059837579125019816,0.06039696527889586,0.75,2.7420895403799666,286.4428799885808,9.823964943425992,0.6022200384086519,9.842406016026963,1.25,2.3495335913603634,29013.559364539793,0.3068058404121397,0.5987065828973458,0.672740214433191,1.75,2.8115327451624443,28676.014815590224,-0.19858211681042576,0.810697778113926,0.8346650493196452,1.25,1.807742823097823,52578.803816004365,-0.051654963426069844,0.6022200384086686,0.6044313111574274,1.25,2.3495335913603435,29013.559364541394,0.1616952345878569,0.5987065828973456,0.6201571746686787,1.75,2.811532745162446,28676.01481559019,0.5023767181895694,0.8106977781139245,0.953736470109944,1.25,1.8077428230978205,52578.80381600419,0.02106569393106878,0.25439133654564355,0.2552620527424246,1.75,2.5143607451874628,5177.214690602634,-0.017387453594577922,0.15778186272975162,0.158737014426295,1.25,2.303512525517917,1991.6122410039072,0.007573318622983122,0.23607113639287264,0.23619258369556717,1.75,2.7352166962478512,4458.437023845364,8.038292471447352,2.2886924937643767,8.357766399435953,0.5,1.9743780924193963,419051.63077059516,-3.2968892107035606,1.2343830427666838,3.520394859092298,1.25,2.188877991519421,121896.5000913833,5.858454889196398,1.8398009209355226,6.140550554911536,1.75,2.3811322769290033,270789.4062075554,1.215530666447406,2.2886924937643904,2.5914528998396906,0.5,1.9743780924193852,419051.6307706003,-0.03270490570357474,1.234383042766681,1.2348162240297174,1.25,2.1888779915194116,121896.50009138275,-0.3444571608035591,1.8398009209355186,1.8717687261796079,1.75,2.3811322769290104,270789.40620755416,-0.009312112217955137,0.5120852828032028,0.512169944742559,1.25,3.259527646627458,20978.520771856598,-0.14389328049668362,1.8299182530199642,1.8355669666094274,1.25,1.6609315481058544,267889.7243130818,-0.13331392995456753,1.0902781914053616,1.0983984425399,1.25,1.780598504370093,95097.11722901654,8.219039512252094,2.34874157085753,8.548052261810021,0.5,2.019545652757268,441327.58316639985,2.2686407133349222,1.2978252120084033,2.613633671179923,0.25,2.229644514472151,134748.05501041992,6.537588406143179,2.1127230620241666,6.870492042419269,1.25,1.8755438537454778,357087.9055172662,1.486647427252145,2.348741570857531,2.779695583985722,0.5,2.0195456527572575,441327.58316639997,0.589188333334931,1.297825212008404,1.4253045895746819,0.25,2.2296445144721404,134748.05501042004,-0.5976660438567725,2.1127230620241715,2.1956328101001312,1.25,1.8755438537454803,357087.90551726805,0.06676488948719336,0.663358806960115,0.6667101748434504,1.75,3.895454681297786,35203.59492524203,-0.0038360120017684627,1.9441915623941664,1.9441953467367283,1.25,1.6368108486775756,302391.0808256617,-0.0622376830237995,0.7273513604284088,0.7300092675474936,1.25,2.0604617695288447,42323.23715102971,4.0,CIPN_12_1,CIPN_12,neuro,gait_full,4.0,0.5
8.982005060702425,0.7030167632615181,9.00947542756573,1.25,2.22668975245468,39538.61640085521,-0.9403810005467438,0.6561602680201617,1.146674637165044,0.75,1.5436297693315646,34443.928447835024,3.4093231554660144,0.6562949117721257,3.471916961797146,1.25,1.896279097192788,34457.89014141153,-0.2873873457024789,0.7030167632615111,0.7594893388959503,1.25,2.226689752454707,39538.616400854415,-0.16740834445324937,0.6561602680201638,0.6771793345347088,0.75,1.5436297693315641,34443.92844783526,-0.5646293645339643,0.6562949117721255,0.8657536199820421,1.25,1.8962790971927814,34457.89014141152,-0.007571092664014948,0.14787847154542216,0.14807215737854748,0.5,2.2160946901861256,1749.4473945184477,-0.032322948581570664,0.16200491959324054,0.16519796299415798,2.25,3.4381172249108842,2099.6542034940667,-0.010651514823998119,0.14130111891613034,0.14170201471749178,1.0,2.1562313339022543,1597.2815002049404,9.847564401908667,0.7495467174039431,9.876049054723747,1.25,2.4002003885675265,44945.622781272745,0.2777647398412496,0.681093863446408,0.7355556413511022,4.25,3.4606149900388115,37111.55116054335,-0.21488663043204226,0.9144598200777007,0.9393684189257044,1.25,1.700553420932927,66898.94110645223,-0.07525442190873184,0.7495467174039542,0.7533150135155017,1.25,2.400200388567482,44945.622781274076,0.1907363351587476,0.6810938634464078,0.7072971089818931,4.25,3.4606149900388155,37111.55116054333,0.48607220456795275,0.9144598200776995,1.0356171834177377,1.25,1.7005534209329263,66898.94110645207,-0.027417641240958225,0.28624584646376144,0.28755592789746687,1.75,2.577023991096296,6554.937114707658,0.0017382405054703165,0.16747681227226435,0.1674858326215508,1.25,2.7089013995438775,2243.897060841659,0.00798186760018089,0.2763747418407253,0.27648997836795886,1.75,2.621451998607629,6110.664156587894,8.33207564590994,2.5227995857666596,8.705630495208831,2.5,2.391048688685846,509167.39758118097,-3.0358163657452826,1.3866558651230192,3.3375133699817536,1.25,2.517008247552291,153825.17020415602,5.99701447167223,1.9890983178226274,6.318282574514292,3.75,2.432187700118747,316520.97016413923,1.5093138409099864,2.522799585766667,2.9398207462882713,2.5,2.3910486886858555,509167.3975811841,0.22836793925470328,1.386655865123011,1.4053349792698842,1.25,2.5170082475522886,153825.17020415416,-0.20589757832773348,1.9890983178226278,1.9997264639760193,3.75,2.4321877001187455,316520.9701641394,-0.08272319624607284,0.6177217749230323,0.6232361658402276,2.5,3.563640344845187,30526.77471947485,0.032528161801695495,2.1996929541419923,2.1999334475870223,1.25,1.567446985456082,387092.5263876266,-0.04192759008670711,1.1109306580565932,1.1117215702776186,1.25,1.8136385382567028,98733.81160007906,7.929002671434371,2.1989160160707084,8.228263183038425,0.5,2.2088777693470223,386821.6403827203,2.7663102216525517,1.0856604282785485,2.971721859116252,1.25,2.8337604475462017,94292.69729301751,6.534373249582907,2.061691608496052,6.851905286371648,1.25,2.4310322252984764,340051.20460511436,1.196610586434411,2.198916016070702,2.503419369841808,0.5,2.208877769347042,386821.6403827183,1.0868578416525596,1.085660428278548,1.536202634254876,1.25,2.8337604475461853,94292.69729301741,-0.6008812004170493,2.061691608496056,2.1474707228639205,1.25,2.4310322252984706,340051.2046051157,0.022982982115101844,0.6633782460436287,0.6637762535605083,1.75,4.046029384975449,35205.68929499098,-0.11349908080311065,1.9228499830755983,1.9261967964766684,1.25,1.6088917705204073,295788.2308052906,0.03399353282281823,0.663707813758927,0.6645777774786263,1.25,2.4810286833137014,35240.7638391098,4.0,CIPN_12_1,CIPN_12,neuro,gait_full,4.0,0.5
9.098974193826058,0.8890161177046588,9.14230173629438,1.25,2.2499522274498287,63228.04050013459,-0.8054008590303349,0.6427431159996458,1.0304315876814605,0.75,1.4641560823286348,33049.51051219695,3.055004916657698,0.672142862831542,3.128071461597079,1.25,2.054186145935455,36142.0835917716,-0.40435647882610387,0.8890161177046462,0.9766544012634595,1.25,2.249952227449823,63228.040500132796,-0.30238848596965895,0.6427431159996481,0.7103221167976959,0.75,1.4641560823286384,33049.510512197165,-0.9189476033422797,0.6721428628315406,1.1385256807573112,1.25,2.0541861459354425,36142.083591771465,0.00028157631544125733,0.17493608702261396,0.17493631363443377,0.75,2.009898734069365,2448.230582256542,-0.02235292188439217,0.18196025506860755,0.18332808715906698,1.25,3.838641986321441,2648.7780281302203,-0.005237370301978209,0.1446670012698267,0.14476177431934195,1.75,2.158948159734406,1674.2833017078815,9.84144279767523,0.9355388735068565,9.885809492588663,1.25,2.460107295976777,70018.65637925436,0.16274308888268404,0.7169469500554695,0.7351858555310468,2.0,2.914307363721081,41121.15040283292,-0.18182853570320667,0.9873221415450094,1.0039256085891004,1.25,1.6767316446163627,77984.54107387317,-0.0691328176752993,0.9355388735068606,0.9380897240254857,1.25,2.460107295976748,70018.65637925497,0.3057579861173144,0.7169469500554705,0.7794234248907054,2.0,2.9143073637210826,41121.15040283303,0.5191302992967884,0.9873221415450094,1.1154825318367816,1.25,1.6767316446163587,77984.54107387316,-0.021985913275546123,0.2838271345719631,0.2846774011085023,2.0,2.7957523890681957,6444.634228508015,-0.001659065675712812,0.19773100018312426,0.1977379602715043,1.25,2.475922695968075,3127.8097602210787,0.025640181831437694,0.31282964952958536,0.3138786525859195,2.0,2.758101134547173,7829.012983469993,8.930458815937087,3.117893328863165,9.459088406041984,2.5,1.9806076575801914,777702.4666675931,-2.9397720656006925,1.8247160828853612,3.4600359218983052,1.25,2.3724253453302206,266367.1191494589,5.71632569561719,2.6756980485462027,6.311556028854319,1.25,2.336335748238279,572748.9335464287,2.1076970109371183,3.1178933288631616,3.7634619036311063,2.5,1.9806076575801899,777702.4666675914,0.3244122393992929,1.824716082885357,1.8533299987353964,1.25,2.3724253453302153,266367.1191494577,-0.4865863543827743,2.6756980485461965,2.7195820133368738,1.25,2.3363357482382825,572748.9335464259,-0.040739217112852784,0.7046079686530494,0.7057847216399238,2.0,3.7265328567355755,39717.81494988392,0.15371733810141172,2.198841247860882,2.204207760926221,1.25,1.667094809773787,386794.0891336394,0.07622873807667081,1.183956343014209,1.186407789367695,1.25,1.8765630307345829,112140.76192596358,7.944897347621183,2.390498272969359,8.296738868815119,0.5,2.2992621990322353,457161.30396850087,2.464546448675745,1.2379163989719302,2.757975019561246,1.25,2.3754001249154673,122595.84665152745,7.065314044862923,2.137604215234163,7.381599713715459,1.25,2.0926335687905206,365549.77830188966,1.2125052626212227,2.3904982729693587,2.680419930711165,0.5,2.2992621990322224,457161.3039685008,0.785094068675755,1.2379163989719342,1.465881887299755,1.25,2.3754001249154695,122595.84665152818,-0.06994040513703785,2.1376042152341603,2.1387481014036185,1.25,2.092633568790509,365549.7783018887,0.061614333740843935,0.5828739978321266,0.5861215091353789,2.5,4.048502460131806,27179.464412743997,-0.18997057536550535,2.153719316883769,2.162081338762025,1.25,1.880990680954147,371081.55568437354,0.09289127118083496,0.757009365513024,0.7626873328802719,1.25,1.9779138178514797,45845.07579325212,4.0,CIPN_12_1,CIPN_12,neuro,gait_full,4.0,0.5
9.227966261095988,1.1246030091053913,9.296240812501296,1.5,2.363207486815401,101178.55694301716,-0.8875737038834308,0.5805871121668095,1.060598168318024,0.75,1.5903231696122508,26966.512168353784,2.9755978153563625,0.7336330820109459,3.064702246185498,1.5,2.356526656525532,43057.41182837059,-0.5333485460960374,1.1246030091053956,1.2446656578019928,1.5,2.3632074868153845,101178.55694301787,-0.22021564111656267,0.5805871121668114,0.6209479232645652,0.75,1.5903231696122582,26966.51216835395,-0.9983547046436166,0.7336330820109396,1.2389227640595328,1.5,2.3565266565255216,43057.41182836985,0.008291933028992957,0.1504127461500989,0.1506411310292491,0.75,1.6761354636656691,1809.9219135719063,-0.0019979067036825448,0.17110662059226925,0.17111828435822804,4.25,3.9154305114725467,2342.222707478305,0.003598471728631954,0.06777294864166569,0.06786841361316484,0.75,2.797950612863452,367.4557418413162,9.865277403770593,1.1770705106393824,9.935250034114063,1.5,2.3462608358904324,110839.61654581559,0.11322318665916206,0.6819166538996921,0.6912523510723186,2.25,3.1077446314101906,37200.93041098341,-0.18833109707650764,1.108054541124051,1.1239454916639295,1.5,2.069559451471642,98223.87002997566,-0.09296742377066287,1.177070510639393,1.180736180905555,1.5,2.346260835890431,110839.61654581757,0.35527788834083607,0.6819166538996926,0.7689165759753634,2.25,3.1077446314101937,37200.930410983456,0.512627737923487,1.1080545411240488,1.220889865546511,1.5,2.0695594514716342,98223.87002997527,-0.013651839530453133,0.2880374555835545,0.28836079577781265,2.0,2.656769196464584,6637.246090613157,-0.02362168745511354,0.21747081786139316,0.21874995026177788,1.5,2.5612156498477963,3783.4862068981643,0.0007247922050146905,0.37129863793427,0.37129934534763803,2.0,2.5878433147680395,11029.078400699074,9.108211479858994,3.3890393056139723,9.718287080387757,0.75,1.868629535717291,918847.4052262919,-3.0811669257589642,1.9870638059773367,3.666334981069799,0.75,2.2289520936162357,315874.0082924461,5.622470255387871,2.891712061556253,6.322512982957904,2.0,2.460625196453565,668959.9845279951,2.2854496748590223,3.389039305613973,4.087648178514101,0.75,1.8686295357172946,918847.4052262927,0.18301737924101624,1.9870638059773365,1.995474362182934,0.75,2.228952093616226,315874.008292446,-0.5804417946120957,2.891712061556251,2.949391687091156,2.0,2.4606251964535653,668959.9845279941,-0.07570181971569394,0.7363990319881571,0.7402798793843869,2.0,3.908098269946851,43383.05293519369,-0.24177083154460619,2.4181667729151397,2.4302229684982795,1.5,1.8312884074175353,467804.96776325186,-0.12713961670408697,1.2667725757714492,1.2731367722528064,1.5,2.3626934017752155,128379.23458594443,8.79873557888503,3.3360017949933924,9.409923260225687,0.75,1.971772999041633,890312.7742494921,2.4493259604681272,1.6726090652934638,2.965943146104623,1.5,2.1649972590179662,223809.8565899111,6.897205464567046,2.9014925526607738,7.482653423325141,0.75,2.0294894603348794,673492.7487797645,2.066343493885083,3.3360017949934027,3.924115621502559,0.75,1.9717729990416302,890312.7742494973,0.7698735804681389,1.6726090652934646,1.841283904020428,1.5,2.1649972590179534,223809.85658991136,-0.23804898543291486,2.901492552660769,2.9112413765628475,0.75,2.029489460334869,673492.7487797622,0.05406313527477005,0.7555079837688174,0.7574398564468084,2.75,4.1335312458514775,45663.39354929675,-0.030360355022372082,2.6052392205428103,2.6054161178997095,1.5,1.8275334110493755,542981.7122775803,-0.015023304566452964,0.9599978351763356,0.9601153801618572,1.5,2.1679083693879524,73727.68849361649,4.0,CIPN_12_1,CIPN_12,neuro,gait_full,4.0,0.5
9.17927284078554,1.3168734595397518,9.2732521584406,1.5,2.427463782607865,138732.85136192502,-0.8284999049599642,0.6490651929080662,1.0524721930594911,0.75,1.4446489983091217,33702.85141032891,3.0501338456304694,0.7627023226801363,3.144046963593609,1.5,2.309045199784218,46537.19486249227,-0.4846551257855953,1.316873459539771,1.4032271018586038,1.5,2.4274637826078576,138732.8513619291,-0.27928944004002915,0.649065192908068,0.706603294616336,0.75,1.4446489983091262,33702.851410329095,-0.9238186743695087,0.7627023226801328,1.197979873009353,1.5,2.3090451997842285,46537.19486249184,0.008560777954844579,0.12589946141637134,0.12619017911123084,0.75,2.0758222296259774,1268.054807991099,-0.015438073642200702,0.1778594723316508,0.1785282219030797,4.25,3.4037511597432792,2530.757123291241,0.003853715214460896,0.07847234241460131,0.07856691189673044,0.75,2.649199720426204,492.6327458209611,9.824626331447696,1.2733608171386415,9.906802224895753,1.5,2.25644462025793,129715.82499687497,0.1341587512130954,0.6053312299620625,0.6200197323428025,2.25,3.1996974885589036,29314.2143908831,-0.17602672984269796,1.155016133671131,1.1683525489593125,1.5,1.908000282708951,106725.23725303703,-0.05231635144775286,1.273360817138647,1.2744350792617127,1.5,2.2564446202579242,129715.8249968761,0.3343423237869018,0.6053312299620621,0.6915277922416484,2.25,3.1996974885588974,29314.214390883066,0.5249321051572963,1.1550161336711275,1.2687064215434047,1.5,1.9080002827089573,106725.23725303642,0.003962785640719366,0.24051860287068902,0.2405512460930155,2.25,2.9158845337060657,4627.9783867679735,-0.002725972127417049,0.2455965516383612,0.24561167948754734,1.5,2.529192935342626,4825.413638505307,0.012665537995998639,0.36164290101828717,0.36186462069350017,2.25,2.7375843655125136,10462.98189593551,9.293405669761643,3.81371449884827,10.04548690813359,0.75,1.9180486826435323,1163553.7002637952,-3.0540806596483687,2.119706911877393,3.717602193336319,1.5,2.301684238533018,359453.03382417065,5.828774945384988,3.2283459179758554,6.663094981317551,0.75,2.303878281793194,833777.3944978688,2.4706438647616826,3.8137144988482716,4.544061991787751,0.75,1.9180486826435459,1163553.7002637966,0.21010364535161105,2.119706911877394,2.130094113895166,1.5,2.301684238533007,359453.0338241708,-0.3741371046149877,3.228345917975853,3.2499532210727344,0.75,2.3038782817931884,833777.3944978677,-0.04783831899506102,0.7277980303884675,0.7293685473076048,1.5,4.144068286195638,42375.207279794384,0.040028323784418694,2.6524470241252316,2.652749042502096,1.5,1.6264683263272397,562838.0262093175,-0.04836116583320317,1.4362782124253093,1.4370921702689736,1.5,2.1134255648904383,165031.6181175123,8.767890186757262,3.5111460671267727,9.444789305841294,0.75,1.8543405529639456,986258.0107959805,2.304233435287508,1.5224362676294818,2.761757395806239,1.5,2.2930598759399716,185425.02221242888,6.872928326031266,3.177950801450154,7.572087893784686,0.75,2.125418936570792,807949.7545339727,2.035498101757318,3.5111460671267882,4.058497163601024,0.75,1.8543405529639587,986258.0107959886,0.624781055287516,1.5224362676294787,1.6456498886579,1.5,2.293059875939963,185425.0222124281,-0.2623261239686925,3.177950801450144,3.1887593656082065,0.75,2.1254189365707847,807949.7545339675,0.029902621794410437,0.7268309506750354,0.72744580392587,3.0,4.362711635621823,42262.6617461087,-0.008970499448504903,2.6218507968466884,2.621866142804772,1.5,2.242197726463435,549931.7445111717,-0.005385473877571911,1.063449149080431,1.0634627854366974,1.5,2.360898363219845,90474.48760646302,4.0,CIPN_12_1,CIPN_12,neuro,gait_full,4.0,0.5
9.193519797466587,1.199160520420987,9.271396454695829,1.5,2.3900623388481272,115039.3191768322,-0.9905205239678451,0.9226885879880102,1.3536931479492842,0.75,1.463144538940804,68108.53132158572,2.8177854492581003,0.6394376807942579,2.8894282108524885,1.5,2.662487719466484,32710.4647893612,-0.49890208246663875,1.1991605204209987,1.2988030033942441,1.5,2.3900623388481534,115039.31917683447,-0.11726882103214946,0.922688587988011,0.930110857258198,0.75,1.463144538940803,68108.53132158586,-1.1561670707418756,0.6394376807942602,1.32121264113215,1.5,2.6624877194665024,32710.46478936144,0.4201301279341554,0.6455365560928255,0.7702121588563474,0.25,1.8063516377625273,33338.591760730385,-0.030714860924361362,0.1798931508695943,0.18249643396897777,4.5,3.4673964228959955,2588.9417486721386,0.14153648824858917,0.2225173552331718,0.2637168005374489,0.25,2.596207425092922,3961.3390464970184,9.79647446334273,1.1351213351756273,9.862018675529725,1.5,2.3215406390489286,103080.19105691054,0.3247664891124953,0.7410141545684535,0.8090582486578186,0.75,1.9829569436912382,43928.168595086696,-0.2643772661337193,1.0024529360554078,1.0367291005149064,1.5,2.1710600545322607,80393.64309273794,-0.024164483342774795,1.1351213351756233,1.1353785130193865,1.5,2.3215406390489464,103080.19105690985,0.14373458588750185,0.7410141545684524,0.7548255483560753,0.75,1.982956943691245,43928.16859508654,0.43658156886627675,1.0024529360554053,1.09339624806373,1.5,2.1710600545322647,80393.64309273755,0.3570902250605015,0.5474000329010494,0.6535749573337626,0.25,1.4243719196493396,23972.163755876005,0.006767361882216827,0.2482703945446619,0.24836260989570666,1.5,2.5102185991036445,4931.065066479775,0.033710401488673554,0.31098636560031706,0.3128081053262872,2.25,2.8969126161810754,7737.056311698568,9.054494287661797,3.817302242893427,9.82627412699744,0.75,2.0668557642867444,1165752.9586288847,-3.5108491333196437,2.1016697268800506,4.091830553409483,0.25,2.020131116595545,353361.33757055027,5.838606613089257,3.577530291601931,6.847484952136733,0.75,2.0613071346682346,1023898.3413745259,2.231732482661834,3.81730224289343,4.421812556833133,0.75,2.066855764286753,1165752.958628887,-0.24666482831966477,2.101669726880049,2.1160952668568656,0.25,2.020131116595533,353361.3375705497,-0.3643054369107176,3.577530291601932,3.596031345621463,0.75,2.0613071346682337,1023898.3413745261,0.20975677135481177,0.7851837349092351,0.8127185248874365,0.5,3.0945707665559845,49321.08278613153,0.16635982923942458,2.3978242247502557,2.4035882770524024,1.5,1.790568460492396,459964.90175367385,0.1809074982383263,1.5307894853644834,1.5414421725842686,1.5,1.9751659922997815,187465.40221471668,8.303516215130962,3.1470423426212517,8.879879337085265,0.75,1.8204790808810423,792310.1450672364,1.5998774260241435,1.7216701778578103,2.350267214515529,1.5,2.1103730670337044,237132.27989515685,7.143541237500854,3.002705172482519,7.748962496020257,0.75,2.0336693130922283,721299.1076816861,1.5711241301310053,3.1470423426212526,3.5174289670910155,0.75,1.820479080881029,792310.1450672369,-0.07957495397584805,1.7216701778578147,1.7235081591408894,1.5,2.110373067033706,237132.27989515793,0.008286787500897006,3.002705172482499,3.0027166072908447,0.75,2.0336693130922296,721299.1076816767,0.4069821558508586,1.2467371278903878,1.3114831074937208,0.75,2.1176270278689393,124348.27840000171,0.08898224855918287,2.341618099219133,2.34330816649225,1.5,2.0374767840361048,438654.0259171971,0.2787670582313844,1.2304696901902752,1.2616523812968181,1.5,2.186944473201152,121124.45848496206,4.0,CIPN_12_1,CIPN_12,neuro,gait_full,4.0,0.5
8.979087129814017,0.8965725012226914,9.023738024496302,1.5,2.1843446136458713,64308.09272640478,-0.8834616476853921,1.025848053937873,1.3538348173610801,0.75,1.3098089493913734,84189.50283161431,3.18957900801871,0.8293416752774384,3.2956367916907356,0.25,1.2991906019641177,55024.76149909843,-0.28446941481406685,0.8965725012226922,0.9406195287752492,1.5,2.184344613645897,64308.09272640491,-0.22432769731460125,1.0258480539378731,1.0500891131473522,0.75,1.3098089493913696,84189.50283161434,-0.7843735119812636,0.829341675277442,1.1415119012300377,0.25,1.2991906019641268,55024.761499098895,0.7388823725504651,0.7347000459958878,1.0419843175653674,0.25,0.5741930882642388,43182.73468608345,-0.03271171120160927,0.1539793355880925,0.1574156657956504,4.5,3.354399306261373,1896.7957225444595,0.28283111183225407,0.2863556843347545,0.40248355962833393,0.25,0.7419025229096884,6559.9668552746125,9.76702085161945,0.8426732585161667,9.803305286309682,1.5,2.59635776272635,56808.14718992022,0.5189758685362581,0.8338429808102795,0.982155827132098,0.75,1.7716641790076062,55623.58147136348,-0.3727933464547099,0.7472925965885002,0.8351174193350802,1.5,2.5004006433536965,44676.41715780011,0.005289128380501646,0.8426732585161597,0.8426898572412437,1.5,2.5963577627263787,56808.14718991927,-0.05047479353626079,0.8338429808102771,0.835369272495162,0.75,1.7716641790076133,55623.581471363155,0.3281654885452872,0.7472925965884994,0.8161732737526687,1.5,2.500400643353698,44676.41715780002,0.7906514586359151,0.5955204859171254,0.9898355308787764,0.25,0.8628968018815742,28371.57224336539,0.033008453550050235,0.19201391074934704,0.19483043891297896,1.5,2.3593210954497033,2949.5475446741325,0.0028241452162026887,0.2537877686858406,0.2538034817151646,2.0,3.2630551490594057,5152.743335050784,8.428620984617933,3.1836252947126877,9.009834722095418,0.75,2.211955075332237,810843.7600381934,-4.570162713668398,1.9377003176511156,4.963977210909627,0.75,1.9927566434391408,300377.4191000149,5.539223168696559,2.99081901663946,6.295076782924651,0.75,1.8989125667411342,715603.0367790812,1.6058591796179655,3.1836252947126926,3.565705220836092,0.75,2.2119550753322312,810843.760038196,-1.3059784086684174,1.9377003176511065,2.336720377994186,0.75,1.9927566434391306,300377.4191000121,-0.6636888813034099,2.9908190166394686,3.063573292979629,0.75,1.8989125667411382,715603.0367790852,0.6028618149046653,1.0198974849312918,1.184750289149288,0.75,1.5077951022642126,83215.46319512949,-0.05542575635337914,2.0275599930452777,2.0283174159546897,2.0,1.8643185119572125,328880.3479777191,0.382141399607709,1.7083252285497603,1.7505448111355875,0.75,1.5662714131636268,233470.24340731322,7.767690630530532,2.454626491337267,8.14630032245353,0.75,1.8345325059970459,482016.39171162824,1.2886170782664181,1.5580512958901076,2.0218946102665005,1.5,2.3466447792291674,194202.70939333024,7.062402975574794,2.282696455826876,7.422145168268557,0.75,2.179563825138378,416858.4961485389,1.0352985455305737,2.454626491337263,2.6640259552700316,0.75,1.8345325059970217,482016.3917116265,-0.3908353017335721,1.5580512958901138,1.6063237761130336,1.5,2.34664477922917,194202.70939333172,-0.07285147442515905,2.2826964558268648,2.283858674868138,0.75,2.179563825138377,416858.49614853476,0.6365580405859121,1.3873332236003986,1.5264008688218336,0.75,1.731113230048428,153975.519365874,0.3184944153528936,1.6559835120153898,1.6863333254958244,1.5,1.9845497776198395,219383.21434772544,0.3504909564003526,1.102718455731809,1.1570790392751826,1.75,2.1590370271939663,97279.42869092152,4.0,CIPN_12_1,CIPN_12,neuro,gait_full,4.0,0.5
8.878159158442452,0.9002172762720418,8.923682042023586,1.25,2.4411369330331656,64832.43070248381,-0.5881618185694986,0.7660824622065183,0.9658243441347818,0.75,1.1037827727715541,46950.60598054505,3.6165270086204075,0.6810388481351117,3.6800925962195676,0.25,1.77032884436127,37105.193740042,-0.18354144344249895,0.9002172762720431,0.918737506559742,1.25,2.4411369330331607,64832.43070248396,-0.5196275264304947,0.7660824622065189,0.9256862887202536,0.75,1.1037827727715497,46950.60598054511,-0.3574255113795681,0.6810388481351138,0.7691338692673392,0.25,1.7703288443612735,37105.19374004224,0.3246006279738405,0.6337157355231224,0.7120120793431975,0.25,1.6480055238647708,32128.707846032765,-0.03177708319124705,0.14444410227610371,0.1478982139800645,0.5,3.175329466366123,1669.129219728355,0.1569047440875802,0.2748499659075044,0.3164831788208425,0.25,1.742098797371549,6043.596417315726,9.826424555311124,0.8825628711272863,9.8659787534088,1.5,2.7572211013656958,62314.47796016499,0.35603561464934896,0.7897434988760457,0.8662887237611478,0.75,2.334746672455297,49895.77574555425,-0.23427135497270357,0.8476860757780013,0.8794627626162769,1.25,2.085485708341856,57485.90711142115,-0.054114575311176895,0.8825628711272834,0.8842203394819319,1.5,2.757221101365711,62314.477960164586,0.11246546035064849,0.7897434988760443,0.7977112721961874,0.75,2.334746672455312,49895.77574555408,0.4666874800272943,0.8476860757780033,0.967661556062933,1.25,2.085485708341857,57485.90711142143,0.4445299392799765,0.6556885081527393,0.7921706171272855,0.25,1.141109220586788,34394.46623423642,-0.00047400828176682455,0.23236473561610507,0.23236521908795557,1.25,2.015298471957462,4319.4822342392845,0.007476690159999804,0.2805864314760456,0.2806860281955807,2.0,2.6632551065180654,6298.303143857349,8.738280618415782,3.229517219809208,9.31597174959355,0.75,1.9092650552434225,834382.5421290335,-3.8380259146669577,2.431624568032944,4.543483351077292,0.75,1.6148299245904056,473024.2922492907,5.472853481636634,2.847050682968266,6.169102270416038,1.25,2.2335980755448572,648455.9265848703,1.915518813415815,3.229517219809203,3.754862686916007,0.75,1.9092650552434225,834382.5421290308,-0.5738416096669763,2.4316245680329387,2.4984179459903344,0.75,1.6148299245904043,473024.2922492885,-0.7300585683633295,2.847050682968259,2.939163674352067,1.25,2.2335980755448595,648455.9265848672,0.44149387566542486,1.055260965091655,1.1438935906351817,0.75,1.6170722521161303,89086.05705246408,-0.02150759986662492,2.0044910881842477,2.0046064699741177,1.25,1.796799614614205,321439.8716694107,0.22164944875427914,1.6183002429522075,1.6334087530291523,1.25,1.580214056797532,209511.86681717407,7.56440347634705,2.2625092676134124,7.89551443156226,0.75,2.1744457236109174,409519.1703738784,2.0821079928738926,1.3930937696580195,2.505171440251014,0.5,2.2106050086621627,155258.46467176537,7.238512468887209,2.0482888403887185,7.522735535421709,0.75,1.8745329175796244,335639.02698990563,0.8320113913470921,2.262509267613421,2.4106412303302087,0.75,2.174445723610914,409519.17037388147,0.4026556128738985,1.3930937696580077,1.450117855085859,0.5,2.2106050086621627,155258.46467176266,0.10325801888725392,2.048288840388717,2.05088990248757,0.75,1.8745329175796182,335639.0269899053,0.3221149733733486,1.010869766164556,1.0609503947955803,0.75,2.3743869959165167,81748.74485571923,0.052362158941458355,2.1052859085805937,2.1059369773469068,1.25,1.9981194802284195,354580.24959834066,0.18066578291212332,0.7889310268241073,0.80935300716127,1.5,2.347532477376046,49793.78569964203,4.0,CIPN_12_1,CIPN_12,neuro,gait_full,4.0,0.5
9.02014391958351,1.1986899492839558,9.099442506248048,1.5,2.226257135341853,114948.6284565805,-0.6175070799875935,0.6742272396835519,0.9142742283177985,0.75,1.4375645909159538,36366.666132599035,3.4676589062607537,0.6922345785700327,3.536077912311542,1.5,2.7133841387004947,38335.14900637036,-0.325526204583561,1.198689949283952,1.242105029530491,1.5,2.2262571353418585,114948.62845657978,-0.49028226501239996,0.6742272396835512,0.8336420515526973,0.75,1.437564590915955,36366.66613259898,-0.5062936137392277,0.6922345785700327,0.8576257546745882,1.5,2.71338413870049,38335.149006370346,0.00400606719397634,0.13101063069637517,0.13107186551592473,0.75,1.9179824294006733,1373.1048322896063,-0.022503170858126004,0.17036593596686647,0.17184570066352098,1.75,3.711426968037807,2321.9696931776793,0.008960783875267388,0.08068890452768085,0.08118494294840914,0.75,2.599363887140709,520.856345411664,9.86752083744295,1.1811614286429404,9.937963060802987,1.5,2.270535511764608,111611.39473584884,0.13568465667291224,0.7451271982838155,0.7573802662327125,2.25,3.2482352649957345,44417.210463441894,-0.14370615940653209,1.0846929030372643,1.0941709894485339,1.5,2.0981466787769776,94124.70774571494,-0.09521085744300617,1.1811614286429346,1.1849925855839145,1.5,2.270535511764598,111611.39473584776,0.33281641832708453,0.7451271982838157,0.8160767794333801,2.25,3.248235264995745,44417.21046344192,0.5572526755934644,1.0846929030372658,1.2194626842816825,1.5,2.0981466787769785,94124.70774571518,0.013558027819050977,0.337304446631104,0.3375768206430315,2.25,2.795439482351499,9101.94509308554,-0.02226098076302334,0.26716800151966436,0.26809381249954856,1.5,2.274517954351734,5710.3118225485,0.015649682512788497,0.3688385295449175,0.36917038537727814,2.25,2.6160040667365685,10883.349094306113,9.002147164944159,3.649345283802786,9.71372094409376,0.75,2.241046483224863,1065421.7669177752,-3.137395605770761,2.1437306325440626,3.799846340579767,1.5,2.1452475726220066,367647.3555451974,6.077089295916306,3.0845860428170644,6.8151071426707865,1.5,2.6646298674679127,761177.7920694718,2.17938535994419,3.6493452838027842,4.250581318778961,0.75,2.2410464832248693,1065421.7669177745,0.12678869922921623,2.143730632544062,2.1474767517158364,1.5,2.1452475726220124,367647.3555451972,-0.12582275408365687,3.0845860428170564,3.0871511820749857,1.5,2.6646298674679163,761177.792069468,-0.004170615907957731,0.6841166926247932,0.6841294052772016,2.25,3.4831047984059245,37441.27496553388,-0.08297567827337163,2.6499591972216723,2.65125794862074,1.5,1.7745616598704936,561783.2656765236,-0.1253010353097741,1.5292273854380012,1.5343522235208076,1.5,1.8275404774599324,187083.0099759761,8.772177535779258,3.4610640363641663,9.430273749104195,0.75,1.8556776091580347,958317.1412420596,2.341500838887173,1.7615241689481491,2.930118355339559,0.75,2.2149774174905366,248237.3919690263,6.881818781293891,3.1675680940859845,7.575811334057947,0.75,2.0873300357490585,802679.013030831,2.039785450779298,3.461064036364159,4.0174231727594085,0.75,1.8556776091580331,958317.141242056,0.6620484588871787,1.7615241689481418,1.8818277178592435,0.75,2.2149774174905392,248237.39196902426,-0.2534356687060601,3.1675680940859787,3.1776905558666293,0.75,2.0873300357490585,802679.013030828,0.09498535480583808,0.8441998403900732,0.849526684773478,3.0,4.579336868338393,57013.87021671513,-0.023015895635742866,2.6217595289378677,2.6218605529334362,1.5,1.8979127572297705,549889.8441473969,-0.019772924084164825,1.030807635413758,1.0309972598189296,1.5,2.3463450001088098,85005.15063354523,4.0,CIPN_12_1,CIPN_12,neuro,gait_full,4.0,0.5
8.976409899962968,1.3613279206508675,9.079049972309704,1.5,2.1953383597487455,148257.0970595155,-0.6096669116919392,0.6282946886918356,0.8754701360128496,0.75,1.6677565444717357,31580.337632851653,3.3797046483355317,0.7214965513744233,3.4558589067880057,1.5,2.481879598699145,41644.58210055985,-0.281792184963023,1.3613279206508646,1.3901872330912268,1.5,2.1953383597487486,148257.09705951496,-0.4981224333080543,0.6282946886918352,0.8017980883009806,0.75,1.6677565444717375,31580.337632851617,-0.594247871664447,0.7214965513744209,0.934712686670566,1.5,2.481879598699145,41644.58210055958,0.012675232719672238,0.14055119129050636,0.1411215748837801,0.75,2.1886169812443854,1580.3769686838527,-0.014352962884087295,0.15829420411438344,0.15894358307197579,3.0,3.738023397775498,2004.566665373241,0.003873862403759938,0.07608772587334654,0.07618627723219447,0.75,3.1337880812666072,463.14761946148207,9.804428715118018,1.3258887343186256,9.893674917118705,1.5,2.166764087767556,140638.47490102416,0.10652198312407549,0.7163906994895823,0.7242669170988406,2.25,3.2026512726639593,41057.286515298445,-0.0913387357879668,1.124086073623068,1.127790878473784,1.5,2.1454846090520547,101085.56043455,-0.03211873511807516,1.3258887343186316,1.3262777043057943,1.5,2.16676408776756,140638.47490102547,0.36197909187592175,0.7163906994895819,0.802648426940768,2.25,3.202651272663956,41057.2865152984,0.6096200992120296,1.1240860736230702,1.2787518001068914,1.5,2.1454846090520543,101085.56043455041,-0.02347190182216043,0.33215154893962034,0.3329798516999762,1.5,2.7830318367662645,8825.972630927718,-0.0052813245353631865,0.27683298842077053,0.2768833614842581,1.5,2.430698955211083,6130.928778723321,0.02236952511315999,0.38673965793223913,0.38738605895325356,2.25,2.7936094350028338,11965.40882163186,9.658131185184986,4.262088414877846,10.556746451747276,0.75,1.9965651018868362,1453231.8266936683,-3.0020298639806016,2.3916967740621096,3.8382804435437605,1.5,2.1220359738422703,457617.2134462608,5.971857670872176,3.436553135511447,6.890063968813961,0.75,2.489934371738909,944791.8888233734,2.835369380185017,4.262088414877828,5.11905432461178,0.75,1.9965651018868387,1453231.8266936557,0.26215444101937624,2.3916967740621042,2.406021282118106,1.5,2.1220359738422676,457617.2134462587,-0.23105437912778357,3.4365531355114483,3.444311771502065,0.75,2.4899343717389035,944791.888823374,-0.0669055797998363,0.7555871581255656,0.7585435453107625,1.5,4.0214447262184105,45672.96120961234,0.02353848044515959,2.810936523494541,2.811035076120048,1.5,1.7325125895175655,632109.1406561156,-0.047924112797956,1.647132798575065,1.6478298385237469,1.5,1.8447115121261588,217043.72283548905,9.120879512058826,3.895655143341019,9.917992340657145,0.75,1.859758399147488,1214092.1338027155,2.462983539174757,1.76911168321759,3.032497990426834,0.75,2.1787825021790286,250381.30467524537,6.919069409791773,3.530625433213399,7.767807763273341,0.75,2.0444994362381577,997225.2864121399,2.3884874270588656,3.895655143341005,4.5695734139039175,0.75,1.8597583991474902,1214092.1338027066,0.7835311591747646,1.769111683217588,1.9348584509195283,0.75,2.17878250217904,250381.30467524476,-0.21618504020818122,3.530625433213396,3.5372378943552967,0.75,2.044499436238168,997225.286412138,0.05062663947585797,0.8123165145878068,0.8138926074714654,3.0,5.0043041843454485,52788.67565443494,-0.004334041461173516,2.8024680938374407,2.802471445151983,1.5,1.948303545492581,628306.2195724978,-0.04816435471057315,1.124298281293581,1.1253294763687594,1.5,2.1747035134262593,101123.97116817806,4.0,CIPN_12_1,CIPN_12,neuro,gait_full,4.0,0.5
9.048434096530633,1.3387114022357844,9.14692887354735,1.5,2.1706240740010876,143371.88802377813,-0.7697457400184757,0.6556628086553039,1.0111390720026363,0.75,1.482301182137823,34391.50113766639,3.1703186334369913,0.7685030632335739,3.2621338408650824,1.5,2.1045925375881094,47247.76216349821,-0.3538163815306822,1.338711402235776,1.3846783923769241,1.5,2.1706240740010734,143371.88802377626,-0.33804360498151903,0.6556628086553048,0.7376768923605131,0.75,1.482301182137824,34391.50113766649,-0.8036338865629864,0.7685030632335745,1.1119462135515898,1.5,2.104592537588106,47247.76216349829,-0.004611289817865996,0.14415994785781264,0.14423368039453066,0.75,2.210880888189331,1662.569127169588,0.004899118239417466,0.14558042592687573,0.1456628359348202,3.0,3.38299755407374,1695.4942438821054,-0.0006235991551600251,0.06547381885827218,0.06547678849632252,5.25,3.868543166280481,342.94583126285715,9.820136378256793,1.3041079202458745,9.906350284297968,1.5,2.091797470075389,136055.8013957033,0.07862802372328195,0.6491766596721565,0.6539210209021636,2.25,3.217712172813308,33714.426855197045,-0.1062309617751308,1.1305888244732347,1.135568627280377,1.5,1.9695160251844592,102258.49223054497,-0.04782639825684905,1.3041079202458872,1.3049846098779387,1.5,2.091797470075408,136055.80139570596,0.38987305127671545,0.6491766596721544,0.7572524886554765,2.25,3.2177121728133,33714.42685519683,0.5947278732248661,1.1305888244732347,1.2774710694236264,1.5,1.9695160251844583,102258.49223054502,-0.017732138931901866,0.29425609735429614,0.2947898905683186,2.25,2.7118275137970613,6926.932104078001,-0.0021447244738455364,0.28447371350172457,0.2844817982165642,1.5,2.417579348339502,6474.02601420972,0.012295020080177884,0.382634446002868,0.3828319302078833,2.25,2.788688549400646,11712.729928005288,9.682524411729998,4.293943714270179,10.591941824097589,0.75,1.9692245923517278,1475039.65628685,-3.2765194684101404,2.4772366647487774,4.107588260773749,0.75,1.9235274242597844,490936.44647238276,5.698171795385467,3.3828589701686096,6.6266806639355025,0.75,2.5424245740194724,915498.8145591213,2.8597626067300332,4.29394371427016,5.159088561768597,0.75,1.9692245923517255,1475039.6562868373,-0.012335163410157151,2.4772366647487707,2.4772673754425396,0.75,1.9235274242597844,490936.4464723802,-0.5047402546144959,3.382858970168613,3.4203066436620206,0.75,2.54242457401947,915498.8145591231,-0.09348245400270283,0.7438039784771003,0.7496554726037357,2.25,4.302132801264041,44259.57341427409,0.06915650841523985,2.7384410362136835,2.739314135230799,1.5,1.6713825455461224,599924.7590284012,-0.043384658427054246,1.5653587426766382,1.5659598404368544,1.5,1.912048224455585,196027.90040406032,9.075406150500928,3.892788717707622,9.875059533859115,0.75,1.811177655067654,1212304.320066341,2.249334250937812,1.8681908963833187,2.9239770515124563,0.75,1.7798451828305901,279210.9868959112,6.9139918232916076,3.481688902004285,7.7411524040599415,0.75,2.012549498538841,969772.6090928382,2.343014065500968,3.892788717707631,4.543513938775493,0.75,1.811177655067662,1212304.3200663463,0.5698818709378176,1.8681908963833107,1.9531775577640311,0.75,1.7798451828305981,279210.98689590883,-0.22126262670835495,3.481688902004288,3.4887124788835355,0.75,2.0125494985388506,969772.6090928394,0.0402280670298974,0.7944119831208942,0.7954298814496686,3.0,4.958041009977952,50487.23217224432,-0.0228225355315429,2.7202850828136116,2.7203808189123717,1.5,1.978503664628794,591996.0745645402,-0.002409544889047108,1.0382298317831669,1.0382326278397702,1.5,2.0756305760384715,86233.69482022797,4.0,CIPN_12_1,CIPN_12,neuro,gait_full,4.0,0.5
9.016227561859662,1.2169029238509679,9.097978466303097,1.5,2.177413150255292,118468.22753039276,-0.8511506773060452,0.6731824276212105,1.0851875673525413,0.75,1.3686967597950865,36253.96946088112,3.290517892581795,0.7899033679036124,3.3839999013041364,1.5,2.269027229383421,49915.813176070646,-0.3216098468597194,1.2169029238509712,1.2586840825537498,1.5,2.177413150255283,118468.22753039341,-0.2566386676939491,0.6731824276212118,0.7204429100308458,0.75,1.3686967597950868,36253.96946088124,-0.6834346274181838,0.7899033679036152,1.0445239205397385,1.5,2.269027229383426,49915.813176070995,0.007764408707322472,0.14445398866693632,0.1446625068369884,0.75,2.499622854183365,1669.3604567348389,0.018328467694913156,0.17278413404969314,0.17375353149604125,2.75,3.1396626396488436,2388.356200639141,0.0034368583161081133,0.06557152195817202,0.06566152973390155,0.75,3.749474407932581,343.97145894225736,9.863464736987385,1.2114844951466297,9.937586794578163,1.5,2.311208077378712,117415.59235918825,0.1444197794571475,0.6401448149945814,0.6562335383557427,2.25,3.0810153703035503,32782.83146324166,-0.17217644506161242,1.0738642597226422,1.087579503550758,1.5,1.9789503587509303,92254.76777774673,-0.09115475698743987,1.211484495146639,1.21490899729245,1.5,2.311208077378757,117415.59235919004,0.3240812955428489,0.64014481499458,0.7175054496553852,2.25,3.0810153703035463,32782.83146324151,0.5287823899383833,1.0738642597226404,1.196994262400035,1.5,1.9789503587509267,92254.76777774643,0.01954184507886049,0.2513516029398117,0.25211011881616124,2.25,3.10667009733873,5054.210425684025,-0.007174167363266839,0.24831345125460605,0.24841706614347123,1.5,2.5366373267226376,4932.76674071189,0.004305130656406682,0.3535128930138214,0.3535391062909028,2.25,2.844572126575613,9997.71452977746,9.416980279144758,4.165909481036682,10.297296702629897,0.75,1.9784788989155062,1388384.155132676,-3.375027601476279,2.228370972660546,4.044310633782082,0.75,2.1695439684185502,397251.47108649154,5.687125288808077,3.32964200729172,6.590137323859192,0.75,2.477173538447197,886921.4457652764,2.5942184741447956,4.165909481036681,4.907623793220652,0.75,1.9784788989154976,1388384.1551326755,-0.11084329647629701,2.2283709726605463,2.231126044886268,0.75,2.16954396841856,397251.47108649183,-0.5157867611918897,3.3296420072917194,3.369354816540171,0.75,2.47717353844719,886921.4457652761,-0.04601346181189061,0.6548745353600728,0.656489067487788,2.25,4.487258545032655,34308.869828683244,0.0482853060513457,2.674196838230289,2.674632722521234,1.5,1.7105162764888886,572106.3140473993,-0.05011156574381822,1.4997935706411185,1.5006305086721825,1.5,1.8167122029660323,179950.4837287433,8.705407759096717,3.6478113984748393,9.438784468933713,0.75,1.9145741818977806,1064526.4128773757,2.008077373748355,1.761542221097438,2.671218024734968,0.75,1.85937084677202,248242.6181232137,6.983031304865425,3.363381091562828,7.750810188090847,0.75,2.021745574021762,904986.7176023626,1.9730156740967562,3.647811398474849,4.147206149816345,0.75,1.9145741818977784,1064526.4128773813,0.32862499374836196,1.7615422210974319,1.7919334204219153,0.75,1.8593708467720322,248242.61812321207,-0.15222314513453974,3.363381091562827,3.366824060297331,0.75,2.021745574021763,904986.7176023625,0.013859884047964045,0.7627977791793585,0.7629236844578784,2.25,4.658993986169457,46548.84611265133,-0.0675751215513037,2.4529894866331596,2.4539200921353337,1.5,1.9991764749422716,481372.63568007946,0.02592415087319051,1.0092173162434124,1.0095502231211935,1.5,2.3046663892420933,81481.586087335,4.0,CIPN_12_1,CIPN_12,neuro,gait_full,4.0,0.5
8.906077048984287,1.1557905272248932,8.980760554945636,1.5,2.4985506466814567,106869.78009973213,-0.5889520869700856,0.6454730314281155,0.8737848677148284,0.75,1.4049020737814533,33330.90406120043,3.6144712223332154,0.6918387036595772,3.6800873643103005,1.5,2.0622708295238446,38291.276499444626,0.16268425601566452,1.155790527224901,1.1671837515910615,1.5,2.4985506466814553,106869.78009973359,0.0852380169700883,0.6454730314281154,0.6510767649348224,0.75,1.4049020737814486,33330.904061200425,0.3047538023332344,0.6918387036595729,0.7559865553817228,1.5,2.0622708295238086,38291.276499444146,0.011846097617858677,0.12035502920065214,0.12093660770280298,0.75,2.6422762813309597,1158.8420586701957,0.010432076303036513,0.1539161627003941,0.15426928844201807,3.25,3.3232553651718395,1895.2148201563682,-0.0049124770747787875,0.08748076521141963,0.08761858657263169,1.0,2.3944719124937115,612.2335636410694,9.820040208042,1.0767522512201821,9.878895945300227,1.5,2.3606153837468757,92752.41365654962,0.2806804194855674,0.7544557794084595,0.8049751679185019,2.25,3.3097050518806803,45536.28285652122,-0.23817169682419936,1.0515381412517453,1.0781735573066582,1.5,1.9152670554132427,88458.63886826193,-0.005900388042048315,1.076752251220178,1.0767684175749066,1.5,2.360615383746916,92752.41365654889,0.12231928551443055,0.7544557794084584,0.7643072227132132,2.25,3.3097050518806785,45536.28285652107,0.3613909781757955,1.0515381412517444,1.1119064266448107,1.5,1.915267055413245,88458.63886826181,0.02252858405497298,0.2934582687962306,0.2943217501721589,2.25,3.063389098816838,6889.453447923692,0.017247997348317043,0.22670845565665695,0.22736362347296005,1.5,2.7645080248415446,4111.752166004221,0.012241323621446799,0.3314888043277924,0.3317147530615339,2.25,2.651014219191953,8790.796213396748,9.32551937047878,3.9117022126496086,10.112701208362818,0.75,1.9942737919061873,1224115.6148256327,-2.904956699525303,2.240486400235113,3.6685900201242765,0.75,1.995901794192786,401582.9375252905,5.934972676770407,2.958607421157874,6.631535157604288,0.75,2.490115163600973,700269.4177350635,2.470129505478829,3.9117022126496157,4.626332670083831,0.75,1.9942737919061935,1224115.6148256368,0.39870795047468094,2.2404864002351097,2.2756861249764215,0.75,1.9959017941927812,401582.93752528937,-0.22480970822956334,2.958607421157882,2.9671362081045007,0.75,2.4901151636009793,700269.4177350674,-0.01763026161315251,0.6399267473741295,0.6401695620141441,1.5,3.8068903769995406,32760.499664106683,0.02521099720211838,2.5926283946350086,2.592750968960889,1.5,1.7108196117388055,537737.9932197845,-0.017851491835802768,1.5767288930249794,1.5768299457647743,1.5,1.8215924614163739,198885.9989389408,8.2832696656008,3.7149182806384085,9.078170200259732,0.75,1.8243402581951094,1104049.480758733,2.660703042559437,1.386828001544392,3.0004387323444317,1.5,2.060228298621371,153863.3641619885,7.132807599891354,3.235221934915796,7.832215856654371,0.75,2.0957670749974633,837333.0127457745,1.543318975600834,3.71491828063841,4.022741763060494,0.75,1.824340258195099,1104049.4807587338,0.47466716755945426,1.3868280015443968,1.4658106377791575,1.5,2.0602282986213543,153863.3641619896,0.1506970598913892,3.2352219349158,3.2387297775548114,0.75,2.095767074997463,837333.0127457763,0.05726696631448498,0.7080088748993443,0.7103211051116951,3.0,4.718082872620613,40102.19409331011,-0.0669586636845363,2.5339402348000433,2.534824762420653,1.5,2.0047242756128294,513670.7986332764,-0.020421369811456713,0.8527564278262049,0.8530009129795146,1.5,2.250891121850203,58175.537520792495,4.0,CIPN_12_2,CIPN_12,neuro,gait_full,4.0,0.5
9.08179626925794,1.45569981714388,9.197721752365645,1.5,2.008208079411632,169524.98756509056,-0.5505208806797279,0.5907793579537145,0.807523058400555,0.75,1.598036906444229,27921.638177936522,3.4275283829954026,0.7520500263760452,3.5090639860810877,1.5,2.2448985303408047,45246.426013231576,-0.013034964257995494,1.455699817143877,1.4557581763211649,1.5,2.008208079411623,169524.9875650898,0.046806810679730276,0.5907793579537143,0.5926306837400601,0.75,1.598036906444225,27921.6381779365,0.11781096299542491,0.7520500263760409,0.7612218238950544,1.5,2.244898530340762,45246.42601323106,0.013888553734747391,0.1283410926200478,0.12909038686033386,0.75,2.536843245180715,1317.7221806221546,0.02646184808809289,0.1548369085680388,0.1570818183595559,3.0,3.9433967782924544,1917.9650112039847,2.09658609387986e-05,0.08388703527496837,0.0838870378949639,0.75,2.9186386468328736,562.9669811131256,9.873929134332057,1.2595897282556487,9.953946093551968,1.5,2.1593755979991127,126925.37788800037,0.1979570482331026,0.7308954065013573,0.7572285574316036,2.25,3.494892908299938,42736.653734312764,-0.031515273977761965,1.1176067053790804,1.1180509650289543,1.5,2.13274022215045,99923.80356878521,-0.05978931433209775,1.2595897282556456,1.261007948284004,1.5,2.1593755979991265,126925.37788799974,0.20504265676689393,0.7308954065013573,0.7591117087351575,2.25,3.494892908299933,42736.65373431275,0.5680474010222325,1.1176067053790768,1.2536836114891141,1.5,2.1327402221504492,99923.80356878458,0.016705143332271098,0.33438876084430524,0.334805772340833,2.25,2.6309350283995285,8945.267598934504,0.004538524145305306,0.2534019515402415,0.25344259161755034,1.5,2.5000842450446115,5137.005714226691,-0.01236639472985197,0.3946068961369753,0.39480062081697914,2.25,2.3700645372332296,12457.168732001255,9.701272408191459,3.9990001655559637,10.49317343142929,0.75,1.900888192573791,1279360.8777733063,-2.5903677531640366,2.4366664624224765,3.5563110867479755,0.75,1.8662634434649419,474988.07641470566,5.9998875158720075,3.021606586369169,6.717794025266502,0.75,2.5582903864477076,730408.5448284622,2.845882543191506,3.9990001655559877,4.908263417315637,0.75,1.9008881925737924,1279360.877773322,0.7132968968359426,2.4366664624224734,2.538924164312561,0.75,1.8662634434649383,474988.0764147043,-0.15989486912795073,3.0216065863691743,3.0258342208328295,0.75,2.558290386447721,730408.5448284645,-0.021306996838175173,0.7497700197889045,0.750072710267822,3.0,3.560591823435037,44972.584723925254,-0.056102723245073795,2.904443636403215,2.904985430703336,1.5,1.660809687615491,674863.9073061785,-0.10910146264653153,1.7134509031590919,1.7169208271461793,1.5,1.7893581916760546,234873.13414444888,9.139723515131989,4.161983017855366,10.04274108866564,0.75,1.8560897721802525,1385769.108538918,3.061320098213439,1.8775190108584632,3.5912057000206046,1.5,2.2247931797498373,282008.5118031879,7.034788572997764,3.769899160021191,7.981252404448089,1.5,2.111412706759507,1136971.866790067,2.3997728251320263,4.161983017855367,4.80427021025656,0.75,1.8560897721802485,1385769.1085389191,0.8752842232134506,1.8775190108584658,2.071521206152939,1.5,2.2247931797498386,282008.5118031888,0.05267803299780805,3.769899160021193,3.7702671857428105,1.5,2.1114127067595163,1136971.8667900679,0.02177839791184367,0.8785428327185272,0.8788127260894101,3.0,5.105865609426634,61747.012146834335,-0.05340501456810056,2.869692898327184,2.870189789245738,1.5,1.9103749740565157,658811.4157651137,0.007321991967317301,0.9628924932559458,0.9629203316656165,1.5,2.1851766340446046,74172.95858612334,4.0,CIPN_12_2,CIPN_12,neuro,gait_full,4.0,0.5
9.192942197176334,1.4657007173914303,9.309052842990365,1.5,2.104031809538287,171862.53680701958,-0.5863329878637655,0.563200570650603,0.8130075371350597,2.25,1.8157354944461908,25375.666659701354,3.1743568691389985,0.7367364775713622,3.2587301468569327,1.5,2.6077031164699442,43423.11620914458,-0.12418089217638728,1.4657007173914256,1.4709518982425849,1.5,2.104031809538282,171862.5368070185,0.08261891786376864,0.5632005706506034,0.5692282216915685,2.25,1.8157354944461876,25375.666659701394,-0.13536055086097878,0.7367364775713627,0.749068165198366,1.5,2.607703116469921,43423.116209144624,0.017511226559653002,0.11783491259844688,0.11912896240086669,0.75,2.871628562833416,1110.8305392929246,0.01643200405759437,0.14492028573124408,0.14584889431796946,4.5,4.264541153944781,1680.1669815837383,0.008394421301164632,0.06693778275316108,0.06746208615875168,2.75,3.541004734065982,358.4538613495254,9.848030840490933,1.3071005530317574,9.934395970112952,1.5,2.2373519732462515,136681.51820600877,0.1344111046158719,0.7200991680128317,0.7325361129779414,2.25,3.1401500061848675,41483.47357104139,-0.03767143601921874,1.1841896871592588,1.1847887373983992,1.5,2.2218668380764655,112185.15864140601,-0.033891020490986516,1.3071005530317568,1.3075398491081809,1.5,2.237351973246325,136681.51820600862,0.26858860038412424,0.7200991680128319,0.7685588123423447,2.25,3.140150006184868,41483.4735710414,0.5618912389807762,1.1841896871592554,1.3107352820526679,1.5,2.2218668380764663,112185.15864140537,0.012904275633592368,0.32808230881466266,0.3283359890215926,2.25,2.6168794121952037,8611.042848671666,0.0017662508054712334,0.26643980304381165,0.2664456572885604,1.5,2.4447969445603386,5679.218133704431,0.013698676992210163,0.38764980992504056,0.3878917747081742,2.25,2.5347988921097087,12021.801462757141,9.942790808721249,4.215030128934789,10.799331833674701,0.75,1.9409730597612378,1421318.38222953,-2.644313199216075,2.3156594786224685,3.5149212105653858,0.75,1.9087999869095027,428984.36149990617,5.971429234996205,3.128979569290972,6.741548802286288,3.75,2.717486696654769,783241.6864128268,3.087400943721292,4.215030128934803,5.2247989028401145,0.75,1.9409730597612342,1421318.3822295396,0.6593514507839086,2.3156594786224685,2.4077008029622218,0.75,1.9087999869094971,428984.3614999061,-0.1883531500037574,3.1289795692909688,3.1346435290406847,3.75,2.7174866966547726,783241.6864128252,-0.0587759232006094,0.843354542033646,0.845400196780711,2.25,3.5231928641276227,56899.78276979523,0.013455250216278074,3.0183657197669453,3.0183957099794942,1.5,1.6890318129771436,728842.63075035,-0.046906480032170295,1.652378951380547,1.6530445900926218,1.5,1.838913441527707,218428.5009288913,9.137181952391337,4.057832380135509,9.997704619380501,0.75,1.9077826608873785,1317285.2606222753,2.920512923814454,2.062182534408093,3.575191259692974,1.5,1.9948631723870758,340207.9647082009,7.014377153730179,3.573713660123967,7.872287861818097,0.75,2.1948658875788327,1021714.3460587184,2.397231262391384,4.057832380135516,4.71303738057135,0.75,1.9077826608873674,1317285.2606222797,0.7344770488144693,2.0621825344080964,2.1890759101623254,1.5,1.9948631723870764,340207.96470820217,0.03226661373022519,3.573713660123959,3.573859322765545,0.75,2.194865887578845,1021714.3460587136,0.0426721781884666,0.8939579194755147,0.8949757966472273,3.0,4.8713710536619255,63932.90262643927,-0.11847361007851369,3.0093200170829193,3.0116512018328043,1.5,1.8431156218295228,724481.3907753029,0.04921974098687978,0.9611390394275237,0.9623984808874535,1.5,2.130471477563452,73903.06541204813,4.0,CIPN_12_2,CIPN_12,neuro,gait_full,4.0,0.5
9.205668103224617,1.479206941126628,9.323753450269066,1.5,2.2848028764518387,175045.08534698034,-0.5987007617073484,0.5844243110106414,0.8366566663627453,0.75,1.7341652334575308,27324.376292413483,2.9341016374555555,0.6610272586064541,3.007641842962712,1.5,2.574231078519469,34956.722720212354,-0.1369067982246647,1.4792069411266362,1.4855290795125313,1.5,2.2848028764518347,175045.08534698226,0.09498669170735231,0.5844243110106424,0.5920931066156501,0.75,1.7341652334575388,27324.376292413577,-0.37561578254442474,0.6610272586064536,0.7602922153469834,1.5,2.5742310785194813,34956.72272021229,0.014119191919372543,0.12492987383245853,0.12572519618696198,0.75,2.5028535819844184,1248.60921381319,0.012573790371568019,0.16802857319372577,0.16849837273347004,4.5,3.7364817863122277,2258.6923787750934,0.005285520280093622,0.07036653806422219,0.070564767439388,3.0,3.383420308223899,396.1159797533629,9.840444268108284,1.3178936613784396,9.9283023270067,1.5,2.1436998990565703,138947.52322023775,0.141467587379375,0.7120499026489492,0.7259670392940158,3.0,3.2443534189102032,40561.27072938239,-0.09018692725976091,1.230247990158979,1.2335492690358032,1.5,1.9795749423591258,121080.92007023131,-0.026304448108331817,1.3178936613784262,1.3181561465515828,1.5,2.1436998990566214,138947.52322023493,0.26153211762062184,0.7120499026489491,0.7585605528957492,3.0,3.244353418910204,40561.270729382384,0.5093757477402344,1.2302479901589773,1.3315306116181207,1.5,1.979574942359131,121080.92007023103,0.017668904682568785,0.29847876438162513,0.29900127588266806,2.25,2.971984543314072,7127.184085683749,0.010705962364558825,0.2891359015050833,0.2893340408063119,1.5,2.6724887658964,6688.026790602803,-0.012095354672769572,0.3922036130012203,0.39239007588861247,2.25,2.6556061483111706,12305.951619979203,10.02321421753165,4.292745461391593,10.903783143791275,0.75,1.9706461062257947,1474215.5723276925,-2.840721154723259,2.3050350144263825,3.658262305606841,0.75,2.010925720193586,425055.28443347546,5.947568420151015,3.2695190198725825,6.786996738888726,0.75,2.6489816731505083,855181.4106298634,3.16782435253169,4.292745461391592,5.335051520350195,0.75,1.9706461062257834,1474215.5723276916,0.46294349527672707,2.305035014426381,2.3510642478568426,0.75,2.010925720193577,425055.28443347506,-0.2122139648489528,3.2695190198725843,3.27639884449154,0.75,2.6489816731505043,855181.4106298647,-0.03431583272794179,0.8793245361136595,0.8799938728123704,3.0,4.083133091215483,61856.93147637237,-0.0339499116410811,3.0511785420748794,3.0513674134916338,1.5,1.846953767168393,744781.5351195814,-0.12393909232860398,1.7644286902915083,1.768776272379027,1.5,2.0273086179265016,249058.93999766256,9.168688002730912,4.194952476351248,10.082780666575427,0.75,1.8539499634654142,1407811.9629480003,2.8811585183616195,1.9339167431035522,3.470030025400929,1.5,1.9141342918882247,299202.73569092364,6.88872189110733,3.6278789761058094,7.785627473639607,0.75,2.1682786283613815,1052920.5223564734,2.428737312730947,4.194952476351255,4.847307625176791,0.75,1.853949963465416,1407811.9629480047,0.695122643361639,1.9339167431035549,2.0550497460086783,1.5,1.9141342918882076,299202.7356909245,-0.09338864889263256,3.6278789761058015,3.629080779620711,0.75,2.168278628361375,1052920.5223564687,0.02770727139113552,0.8103221681791027,0.8107957258955082,3.0,5.350128354061437,52529.7673339834,-0.020236858500507146,2.8729434082815524,2.8730146810676747,1.5,1.9203117882197622,660304.3063231366,-0.009612690781222977,1.003395380555598,1.0034414250689316,1.5,2.149796147956594,80544.19988750137,4.0,CIPN_12_2,CIPN_12,neuro,gait_full,4.0,0.5
9.299975399447266,1.2878672914663687,9.388724332450774,1.5,2.198204140638811,132688.20874761656,-0.7429450135405489,0.5358316941367852,0.9160146819709079,2.25,1.549974544232628,22969.27334543119,2.6452866857506785,0.7329083980790316,2.74494013956308,0.5,2.1900744212984615,42972.516774757045,-0.23121409444730862,1.2878672914663791,1.3084579159835583,1.5,2.1982041406388175,132688.20874761872,0.23923094354055258,0.5358316941367859,0.5868109139993914,2.25,1.5499745442326298,22969.273345431244,-0.6644307342493033,0.7329083980790301,0.9892537190174412,0.5,2.190074421298451,42972.51677475687,0.3727764518469606,0.7500274919859485,0.8375580706950064,0.25,1.1641268579856268,45004.24719567501,-0.01595436567512417,0.1802759289303868,0.18098053026723468,4.25,3.6149585282574908,2599.957877695022,0.093029050285018,0.22305839867605376,0.2416804779390709,0.25,1.3780660302508572,3980.468547553242,9.842485320514088,1.1463268470816559,9.90901521468584,1.5,2.1998654366648553,105125.22551852887,0.14752649667580667,0.7963732712751325,0.8099224990225253,2.25,2.9462451870048416,50736.8430125551,-0.11903489560533323,1.1132300152278258,1.1195759791885131,1.5,2.1398531607234355,99143.44923998011,-0.0283455005141297,1.146326847081641,1.1466772465430422,1.5,2.1998654366649006,105125.22551852615,0.25547320832419046,0.7963732712751326,0.8363473843881568,2.25,2.9462451870048416,50736.843012555124,0.48052777939466496,1.113230015227827,1.2125130983103296,1.5,2.13985316072344,99143.44923998034,0.3237840779217124,0.836455165659531,0.8969355457746823,0.25,1.4690273176364415,55973.69998267161,0.014707686363349577,0.26481082407357814,0.2652189446187625,1.5,2.7572856735034064,5610.02118845657,-0.0027077472407053627,0.36751992447188386,0.3675298991632365,2.25,2.8327368307194734,10805.772964295431,9.586775081609346,4.051919599898466,10.40789646899926,0.75,1.9581791274946134,1313445.576302895,-3.390723235418019,2.986250605232929,4.51826257940568,0.25,1.6433317059214292,713415.696817276,5.637296387579995,3.6325468664744673,6.706303549538742,0.75,2.2380341168009568,1055631.7773143882,2.731385216609385,4.051919599898461,4.886565014972542,0.75,1.9581791274946125,1313445.576302892,-0.08705858541803843,2.9862506052329323,2.987519351326288,0.25,1.6433317059214296,713415.6968172772,-0.5224859974199689,3.63254686647446,3.6699302928847786,0.75,2.2380341168009554,1055631.7773143838,0.1768274865179648,1.1875283055441719,1.2006212710329904,1.0,2.8659973823151246,112817.91584556743,-0.046948831595617586,2.765403812644848,2.765802313936926,1.5,1.7866819284901267,611796.6795242691,0.13887126535772076,1.8821779687442133,1.887294130327371,1.5,1.7363001416595216,283407.61662026943,9.00913882857328,4.099917265659434,9.898176802712662,0.75,1.9087977059945243,1344749.8457220315,3.018962618344842,1.9096706427136936,3.5722510066631763,1.5,2.053272288642706,291750.38823779166,6.742226623664781,3.3574799961295008,7.5319513918548315,0.75,2.219802161782542,901814.0851775733,2.269188138573301,4.099917265659431,4.685993639933164,0.75,1.9087977059945211,1344749.8457220297,0.832926743344856,1.9096706427136927,2.083412806772003,1.5,2.0532722886426913,291750.38823779137,-0.23988391633517658,3.357479996129498,3.3660386536292233,0.75,2.219802161782536,901814.0851775714,0.19836925025547889,1.2751656045558415,1.290502878140605,2.25,3.8554029447701144,130086.25880766724,0.25416010235123226,2.645423423982538,2.6576046451236275,1.5,2.0301249448901384,559866.773563861,0.14400940762695005,1.309476490686354,1.3173713937782747,1.5,2.8406271328352433,137181.4467663618,4.0,CIPN_12_2,CIPN_12,neuro,gait_full,4.0,0.5
9.270413264496165,1.0070784954531977,9.324954111980965,1.5,2.4131518506733545,81137.17284948193,-0.7055506691271556,0.6465482372738317,0.9569881764304489,0.75,1.4434389162899637,33442.07324253484,2.623024603593168,0.9557009855640083,2.7917060097480024,0.25,1.5212215550986838,73069.40933029848,-0.20165195949621395,1.0070784954532097,1.0270689406135125,1.5,2.4131518506734144,81137.17284948382,0.20183659912715826,0.6465482372738324,0.6773201871117656,0.75,1.4434389162899697,33442.07324253491,-0.6866928164068156,0.9557009855640048,1.1768225855721561,0.25,1.5212215550986838,73069.40933029797,0.7868175430432638,0.86907921399736,1.172339765700587,0.25,0.4013464661983213,60423.89520778343,0.007729289113898901,0.19332540716118524,0.19347985674029297,1.5,2.667418245775516,2989.9826925764182,0.23614557717834828,0.276435052302867,0.36356714890455116,0.25,0.6675231427890449,6113.310919276272,9.800341480353561,0.9618106907598551,9.847424685490038,1.5,2.5839437835961534,74006.38488799009,0.38886617648802285,0.9863600037455719,1.060246650645678,0.75,1.905816711132171,77832.48746291599,-0.32530263098154905,0.926434706015081,0.9818875018212461,1.5,1.8834759269838506,68662.93501089461,0.013798339646389692,0.9618106907598584,0.9619096626175211,1.5,2.5839437835961925,74006.38488799059,0.014133528511974091,0.9863600037455716,0.9864612580416743,0.75,1.9058167111321738,77832.48746291593,0.2742600440184484,0.9264347060150809,0.9661779526848305,1.5,1.8834759269838566,68662.9350108946,0.8065725076622925,0.9733057069685607,1.264074052156047,0.25,0.6319730341779928,75785.92456978819,0.023530476680709428,0.21560436000810054,0.2168845854073637,1.5,2.993965545459917,3718.8457523964244,0.036033999907656794,0.28136884481659924,0.2836668397658995,2.25,2.7703347363839006,6333.510494810582,8.852596727606386,3.433426908720519,9.495098164798163,0.75,1.8473039451083801,943078.3270558073,-3.818951348530986,2.8919892974050954,4.790406193503037,1.5,1.6198326270298835,669088.2418008539,5.404643962802559,3.2921952119240268,6.328406251029845,0.75,2.1645680841511474,867084.9367265031,1.99720686260643,3.4334269087205205,3.9720593638021535,0.75,1.8473039451083766,943078.3270558079,-0.515286698531003,2.8919892974050976,2.937536804533453,1.5,1.6198326270298904,669088.2418008549,-0.7551384221974046,3.2921952119240125,3.3776890546783873,0.75,2.1645680841511488,867084.9367264956,0.5374489469229755,1.564884206001567,1.6546038645977383,1.0,1.7493692369009046,195909.20967015254,0.04638012717200139,2.1138079579526408,2.114316721614906,1.5,2.202558379124721,357459.6904735982,0.47770366204625264,1.7338219705053155,1.7984269276618763,0.75,2.172392312009964,240494.35979196493,8.032656872675993,2.9380220564411514,8.553101778786662,0.75,1.777709416273755,690558.2798512748,2.323966006272852,1.6759026383854474,2.8652168594469587,0.75,1.731358854346907,224692.1221902812,6.901376369171934,2.3903494422800886,7.303613232173067,0.75,2.1753170790192065,457101.6478608906,1.2927061826760196,2.938022056441143,3.2098384505864854,0.75,1.7777094162737475,690558.2798512708,0.13793013127286508,1.6759026383854476,1.6815690216164945,0.75,1.7313588543468994,224692.12219028128,-0.08073417082802398,2.390349442280095,2.3917124539852295,0.75,2.175317079019205,457101.647860893,0.5993344511957769,1.5068958533836478,1.6217080185208974,0.75,1.8733803519705714,181658.8217785224,0.2156209439398335,2.098093869816669,2.1091444421916177,1.5,1.8099784128083847,352159.83873560716,0.5384379751481686,1.3610021708381281,1.4636401067570393,1.0,1.7644183080211568,148186.18362981925,4.0,CIPN_12_2,CIPN_12,neuro,gait_full,4.0,0.5
9.154521417165794,1.216013654016334,9.234931054647966,1.5,2.115579080782768,118295.37355145156,-0.5250990969161665,0.6842936643484081,0.8625467411390212,0.75,1.480363574870174,37460.63846192012,3.018939231253453,0.9540501596307956,3.1661026182189254,0.25,1.5043033233673562,72817.0661155477,-0.08576011216585278,1.2160136540163327,1.2190340452968704,1.5,2.115579080782776,118295.37355145132,0.021385026916169086,0.6842936643484087,0.6846277371269571,0.75,1.4803635748701784,37460.63846192017,-0.2907781887465309,0.954050159630795,0.9973783946638601,0.25,1.5043033233673566,72817.0661155476,0.41727737005783944,0.7177138721794726,0.830200943074169,0.25,1.4423002748452816,41210.12341617348,0.03172865733726743,0.17091448523812247,0.173834602311042,1.5,2.6336512802989307,2336.941860370633,0.14328540003077334,0.24538299251344683,0.28415404075401257,0.25,1.2023422744337542,4817.075694656492,9.821900258969938,1.1521101948718284,9.88924074933366,1.5,2.2317091617077427,106188.63262686845,0.45485632184831465,0.9747894571274257,1.0756898992052304,0.75,2.4579094439893083,76017.31931402271,-0.1587559167098064,1.1426533128630874,1.1536290714468664,1.5,2.3278430467714673,104453.3931691869,-0.007760438969996723,1.1521101948718386,1.1521363311434254,1.5,2.2317091617077702,106188.63262687033,-0.051856616848317376,0.9747894571274254,0.9761678105928989,0.75,2.4579094439893088,76017.31931402264,0.4408067582901905,1.1426533128630885,1.2247314773252533,1.5,2.32784304677147,104453.39316918708,0.49895867504338737,0.8060971774088259,0.9480255370123364,0.25,1.782510531446258,51984.81008030765,0.021004639583181713,0.25245831498829785,0.2533306055153028,1.5,2.9974257754149516,5098.826787202865,0.03416478182574394,0.3515306301841482,0.35318694239009607,2.25,2.8124489322147137,9885.910399243909,9.337317933983185,4.067119678400438,10.184643767884868,0.75,1.9353944900625115,1323317.2193369174,-3.642953142285725,2.2201813568071618,4.266182468437505,1.5,2.0925134221675927,394337.0410414377,5.58906431197198,3.145264545944067,6.413293143723555,0.75,2.4757142216911805,791415.1772879837,2.481928068983211,4.067119678400424,4.764601706128089,0.75,1.9353944900625186,1323317.2193369076,-0.339288492285736,2.2201813568071564,2.2459567979174473,1.5,2.0925134221676016,394337.0410414357,-0.5707180730279846,3.145264545944064,3.1966244982564804,0.75,2.4757142216911854,791415.1772879822,0.33188629930482993,1.3653502551881267,1.4051084780217284,0.5,1.7879755493066816,149134.51379373026,0.005270587024665652,2.491076313715844,2.491081889429511,1.5,1.7440085951348898,496436.8960728574,0.18928776055791002,1.7576111633170588,1.7677745494586614,1.5,1.9748421894713253,247135.7731638396,8.254883173032447,3.221631197397023,8.8612642310483,0.75,2.0657075216253187,830320.1903849515,2.119674015378746,1.5503960077255867,2.626165591169622,0.75,2.8977654860669633,192304.86644311494,7.1099948059152505,2.93596311239278,7.692327706063553,0.75,2.1188973602874746,689591.1045370838,1.5149324830324815,3.2216311973970195,3.5600460671441763,0.75,2.0657075216253236,830320.1903849496,-0.0663618596212408,1.5503960077255894,1.5518156066955362,0.75,2.897765486066969,192304.8664431156,0.1278842659152749,2.93596311239277,2.9387469749537347,0.75,2.1188973602874794,689591.104537079,0.4608292503591801,1.2347668332717208,1.3179577878424171,0.75,3.544821336364206,121978.693682596,-0.10816281065654841,2.3348648954956337,2.337368878424405,1.5,2.0488191417855193,436129.1791291366,0.33602008048126336,1.1794989216444118,1.2264286365895753,1.5,2.5508646008737568,111302.13867742759,4.0,CIPN_12_2,CIPN_12,neuro,gait_full,4.0,0.5
9.098324001169411,1.4745128781870593,9.217032486554166,1.5,2.291897809690527,173936.09365114095,-0.5503923092532149,0.6658830098064819,0.8639050160949557,0.75,1.6712160009200523,35472.02857368348,3.134128308871471,0.8170078419914834,3.2388674054899385,1.5,2.318827824676442,53400.16955526303,-0.029562696169462176,1.4745128781870545,1.47480920153906,1.5,2.2918978096905267,173936.09365113982,0.046678239253217645,0.6658830098064821,0.6675170715185643,0.75,1.6712160009200536,35472.02857368352,-0.17558911112851358,0.8170078419914822,0.8356634189806804,1.5,2.318827824676446,53400.16955526292,0.0250353225170031,0.12096135845616741,0.12352496756968522,0.75,2.205875779989855,1170.5320811264503,0.013944845379286705,0.15218882666659383,0.1528263644624407,3.0,3.637623745441037,1852.9207801621628,0.004641151222482664,0.08269992619193617,0.08283005539550026,1.5,3.221169100081956,547.1496324623304,9.857226909939493,1.4552076369644895,9.96406300766485,1.5,2.2025514145059453,169410.34174112263,0.11193808611892375,0.8098215961366152,0.8175213469342697,2.25,3.6819068345578674,52464.91615960453,0.09830027717935737,1.2742431784525852,1.2780291946299527,1.5,2.1306913802999983,129895.7552472537,-0.0430870899395428,1.455207636964489,1.455845377778571,1.5,2.202551414505961,169410.3417411225,0.29106161888107507,0.809821596136615,0.8605392980886618,2.25,3.681906834557866,52464.91615960451,0.6978629521793548,1.2742431784525874,1.4528277178858602,1.5,2.1306913803000103,129895.75524725411,0.027169796778665534,0.3603570310064069,0.3613798384701981,2.25,3.1107333547988008,10388.577635364743,0.01560474264911012,0.2914461647118707,0.2918636238355232,1.5,2.717855524114125,6795.272637821942,-0.006932266468339341,0.4466783547942481,0.446732144534154,2.25,2.7247723760967872,15961.768297701945,10.253352621438513,4.809908578316858,11.325478378917426,0.75,2.192358345373744,1850818.3080511081,-3.547256683375405,2.504339383147216,4.342205168314098,1.5,2.16057072374738,501738.0462070632,5.806494137955513,3.720248954177771,6.89605876245066,0.75,2.744070613248449,1107224.7746488838,3.397962756438539,4.809908578316845,5.88908918474745,0.75,2.1923583453737474,1850818.308051099,-0.2435920333754201,2.504339383147211,2.5161583465088455,1.5,2.1605707237473823,501738.0462070612,-0.35328824704445483,3.720248954177763,3.736986067215194,0.75,2.7440706132484505,1107224.774648879,-0.03192534861788816,0.783874955016297,0.7845248071196828,1.5,4.5514712701158135,49156.88245419271,-0.036759460453636254,3.156139875503537,3.1563539363760085,1.5,2.083398601920093,796906.8743042357,-0.12310551397793824,1.8379478230843427,1.8420660053190947,1.5,2.406080269031185,270248.2845233329,9.307603767955992,4.269357975964294,10.24006374141287,0.75,1.832419066268471,1458193.70397391,2.331921959893165,2.132722391718945,3.1601210146403185,0.75,1.9874554233537631,363880.5089022482,6.995481017548744,3.618900770611249,7.876115632366979,0.75,2.2632382478265303,1047715.4316579758,2.5676530779560305,4.269357975964291,4.981993562387148,0.75,1.8324190662684603,1458193.7039739082,0.14588608489317603,2.1327223917189526,2.1377061420842827,0.75,1.9874554233537587,363880.50890225073,0.01337047754876588,3.6189007706112397,3.6189254699704043,0.75,2.2632382478265396,1047715.4316579705,0.06730910827974294,0.8272614786893291,0.8299952229866564,2.25,4.913298717297196,54748.93659684101,-0.014687053192759727,2.871370045550278,2.8714076074313954,1.5,1.970519184461941,659581.2773120076,-0.028721964587900047,1.0349242873483475,1.0353227669636527,1.5,2.0895389451562365,85685.493383985,4.0,CIPN_12_2,CIPN_12,neuro,gait_full,4.0,0.5
9.139297294605917,1.5109085030770106,9.263347102633121,1.5,2.2293245661379943,182627.7031533071,-0.6765231400177637,0.6137267372231882,0.9134243630219827,0.75,1.59842421035764,30132.91311835909,2.9597418988853055,0.7696911661555423,3.058185180670894,1.5,2.414397786898653,47393.978240854034,-0.07053598960596558,1.5109085030770133,1.51255407523173,1.5,2.2293245661379997,182627.70315330775,0.17280907001776658,0.6137267372231885,0.6375919405568313,0.75,1.598424210357645,30132.913118359123,-0.34997552111467667,0.7696911661555406,0.8455219433210268,1.5,2.4143977868986752,47393.97824085383,0.03459345605861723,0.13834808411860375,0.14260750184112944,0.75,1.8997964276963675,1531.2213822507244,0.005681668811242681,0.16237557931429378,0.1624749522792149,3.25,4.035660914137785,2109.2666788644374,0.008565142042298161,0.07699211587998837,0.07746707407590854,3.25,3.641737238240603,474.2235833779213,9.838465674940405,1.478538188652186,9.948943763650666,1.5,2.452063110756196,174886.70659961103,0.09915627487981368,0.8433330585059079,0.84914228160949,2.5,3.643832052739935,56897.17016186001,-0.0388195841033132,1.1828911861160087,1.1835279964161776,1.5,2.3286397356398902,111939.6767897384,-0.02432585494045452,1.4785381886521867,1.4787382873657777,1.5,2.452063110756246,174886.70659961127,0.3038434301201851,0.8433330585059081,0.8963991731344519,2.5,3.6438320527399344,56897.170161860035,0.5607430908966861,1.1828911861160094,1.3090700409753897,1.5,2.328639735639905,111939.67678973856,0.004544236538496072,0.3621420541271471,0.3621705640346098,3.25,3.4768820552997743,10491.902734034773,0.007755287551770982,0.2830786950213025,0.283184907895838,1.5,2.510729369101173,6410.689053472283,-0.01706605592829497,0.42732489018637676,0.4276655375848592,2.5,2.6821274282315257,14608.525720001262,9.949370337325297,4.791605975271636,11.043072848238726,0.75,2.0861725349471048,1836759.459417925,-3.2850374719507953,2.522214511967592,4.141622536699933,1.5,2.124362902999231,508926.263678137,5.837145619461642,3.7733413326136405,6.950566437004305,0.75,2.5166564457544616,1139048.4840420515,3.093980472325343,4.791605975271634,5.703700814856034,0.75,2.0861725349470994,1836759.4594179248,0.018627178049190576,2.522214511967585,2.5222832941884143,1.5,2.1243629029992364,508926.2636781344,-0.32263676553832465,3.7733413326136445,3.7871096227713754,0.75,2.516656445754455,1139048.4840420536,-0.010954584363056779,0.68343500620448,0.6835227945169678,8.75,5.20282842006665,37366.6770531235,0.05943773116121843,2.9750350932373095,2.9756287822709204,1.5,1.8157388380357529,708066.7050878786,-0.08070105518846216,1.7933846660011572,1.795199493247648,1.5,2.0669543966069686,257298.29297863942,9.151638787847842,4.44956943520541,10.176009073401778,0.75,1.8420186248047108,1583897.1064334002,2.44682433353211,2.241932529258357,3.3186157935066283,0.75,2.091011031830804,402103.14622693084,7.238222293812854,3.8389646188053916,8.193260115429574,0.75,2.2605463989604933,1179012.7405583072,2.41168809784789,4.449569435205413,5.0611172323920135,0.75,1.8420186248047032,1583897.106433404,0.26078845853212074,2.241932529258363,2.2570494203385008,0.75,2.09101103183081,402103.14622693293,0.25611175381289164,3.838964618805397,3.847498222856091,0.75,2.260546398960499,1179012.74055831,0.0505484407378014,0.7710880712547709,0.7727431387546742,3.25,6.129279320050563,47567.28647458875,0.16972860182792907,2.986100495437165,2.9909202542241986,1.5,2.080252541365588,713346.620554011,-0.05664624449728033,1.0245795237376838,1.026144238145001,1.5,2.535114390797719,83982.16624346943,4.0,CIPN_12_2,CIPN_12,neuro,gait_full,4.0,0.5
9.139667629796522,1.4716572142058577,9.25739160559142,1.5,2.241259472724262,173262.0277616014,-0.6786098994613522,0.5498330067801628,0.8734000978886257,0.75,1.5112040031415224,24185.30696069121,2.940759260772911,0.7539803194824374,3.0358773611574756,1.5,2.39872772776982,45478.91027986798,-0.07090632479657541,1.4716572142058622,1.473364402658187,1.5,2.2412594727242703,173262.02776160234,0.17489582946135482,0.5498330067801618,0.5769791040478751,0.75,1.511204003141524,24185.306960691123,-0.368958159227067,0.7539803194824394,0.8394143466888491,1.5,2.3987277277698236,45478.91027986822,0.011571661977058008,0.14175742650179485,0.1422289398446148,0.75,2.0013053421906575,1607.619446018197,0.007525631334400394,0.16749728192070143,0.1676662595091936,3.25,4.380830382421976,2244.4366407196308,0.0012900583787637321,0.07294585047590005,0.07295725702267723,0.75,3.5513874823050213,425.6918799604203,9.78349380288072,1.4518139484478751,9.890627620728285,1.5,2.2549143498282125,168621.7825888789,0.14394857662698293,0.8415034957261882,0.8537267279594385,4.0,3.416975238010953,56650.31923754562,-0.08944453274640393,1.1202384708939812,1.1238036110055474,1.5,2.180258265145949,100395.01685050844,0.030646017119221415,1.4518139484478731,1.4521373623982943,1.5,2.2549143498282516,168621.78258887853,0.25905112837301514,0.8415034957261879,0.8804746563250567,4.0,3.4169752380109575,56650.31923754558,0.5101181422535953,1.120238470893982,1.2309162240896603,1.5,2.180258265145953,100395.0168505086,0.03354877490000794,0.34001943727424494,0.34167051090427103,2.25,3.280956676505353,9249.105447517091,0.023817158914677016,0.28579996912745853,0.2867906543317324,1.5,2.4799329650140383,6534.538117722646,0.00047618230697975104,0.4086004635933724,0.40860074106431615,2.5,2.867415910348543,13356.366291982897,9.801400697492454,4.8044170237684165,10.915579625978701,0.75,2.3001504090655507,1846612.7941585176,-3.2293456399146,2.508389494844555,4.089094168624874,0.75,2.157853409485804,503364.6785742246,5.984987680941576,3.7700003228262107,7.073399463845667,0.75,2.464474598891868,1137035.229740308,2.946010832492494,4.804417023768402,5.635725575597054,0.75,2.300150409065544,1846612.7941585071,0.07431901008538375,2.5083894948445518,2.5094902217595063,0.75,2.1578534094858015,503364.67857422313,-0.17479470405839634,3.770000322826221,3.774050294137145,0.75,2.4644745988918615,1137035.2297403142,-0.0443326623559138,0.7127946563290557,0.714171973016878,1.5,5.682352208070104,40648.009852980445,0.2592669993609546,3.0202809491620837,3.0313885248890564,1.5,1.733221495058497,729767.8340808807,0.0891708013774643,1.8035994163786229,1.805802394111717,1.5,1.8337721726013734,260237.6736796775,9.096617959392614,4.378535850837365,10.095545279786146,0.75,1.7272691193956695,1533726.1604753449,2.407970471999797,1.9864590767580164,3.121592775756831,1.5,1.896944529979398,315682.1764436732,7.065026498571188,3.9357209973311407,8.087304816460568,0.75,2.202998080087286,1239192.03283017,2.356667269392662,4.378535850837371,4.972469890878656,0.75,1.727269119395672,1533726.160475348,0.22193459699980586,1.9864590767580175,1.9988183081460362,1.5,1.8969445299793888,315682.1764436738,0.08291595857121532,3.935720997331138,3.9365943180646634,0.75,2.2029980800872897,1239192.0328301685,0.0774756445421246,0.7820555570112685,0.7858838144086078,2.5,6.226594686825175,48928.895269263616,-0.02848713268858913,2.7733546181757722,2.7735009202965304,1.5,2.069344992290276,615319.6740188096,-0.06628365537506271,1.0885538331578295,1.0905700209764082,1.5,2.3634262373582455,94796.00986875629,4.0,CIPN_12_2,CIPN_12,neuro,gait_full,4.0,0.5
9.120619300068038,1.3812329510504533,9.22461386085299,1.5,2.162554729370769,152624.37443123214,-0.707210730439736,0.64611874048425,0.9579229844063971,0.75,1.6029526029729582,33397.567081132096,2.998954666086171,0.8089369900553871,3.106140393337024,1.5,2.2908018401340278,52350.32477860787,-0.05185799506808848,1.3812329510504626,1.3822061050075172,1.5,2.162554729370766,152624.37443123417,0.20349666043973838,0.6461187404842498,0.6774070545950046,0.75,1.6029526029729606,33397.567081132074,-0.3107627539138082,0.808936990055385,0.8665751802930662,1.5,2.2908018401340065,52350.32477860761,0.033062264145647086,0.15963380116604448,0.16302166661262169,0.75,2.064614295869632,2038.65601180779,0.0001398917239890074,0.18834581792387758,0.18834586987536753,4.75,4.509887402186763,2838.004269427116,-0.005551823074120119,0.11394599553552419,0.11408116688581,1.75,2.8090491440130485,1038.695524087048,9.793289829104992,1.45784288143723,9.901203540166645,1.5,2.110386936760743,170024.5426601331,0.19099837823068222,0.7608408268653033,0.784448305697596,2.25,3.8016103527326126,46311.24312105254,-0.21459424797761234,1.13119394602483,1.1513689394752245,1.5,2.0256371793033523,102368.08560979436,0.020849990894966686,1.4578428814372155,1.4579919715408185,1.5,2.1103869367607713,170024.54266012975,0.2120013267693156,0.7608408268653026,0.7898248707004784,2.25,3.801610352732633,46311.24312105246,0.38496842702238454,1.131193946024831,1.1949060353547962,1.5,2.0256371793033523,102368.08560979455,0.03276517480591499,0.3430060453884002,0.344567415541649,2.25,3.620861999089798,9412.434279341987,0.0075707135558262225,0.3041357995417402,0.30423001210702066,1.5,2.627846784236904,7399.893316689593,0.0098782757645465,0.4090244063287549,0.4091436731817698,2.25,2.7559261514934623,13384.086157096535,9.630706460646326,4.585668662347535,10.666717583772954,0.75,1.9957264403269195,1682268.567223685,-3.1064082701930986,2.7793194837607063,4.168259724865517,1.5,2.0503089935484375,617969.3463161264,5.885414813444777,3.5384093014387825,6.867200878875156,0.75,2.6382363986952355,1001627.2378735004,2.7753165956463706,4.5856686623475245,5.360106275710053,0.75,1.9957264403269197,1682268.5672236779,0.19725637980688276,2.7793194837607094,2.786310620190508,1.5,2.0503089935484393,617969.346316128,-0.274367571555191,3.5384093014387745,3.5490305646513574,0.75,2.638236398695235,1001627.2378734963,0.008091573653812283,0.7556161398208463,0.755659463198835,2.25,4.417334800620126,45676.47504508465,0.04807675217897369,2.83985116832957,2.8402580925618195,1.5,1.870868689239313,645180.3777183036,-0.06644080323569619,1.7185028133723783,1.7197867018625834,1.5,2.0150383209400786,236260.15728651077,9.273928733979183,4.39059880338409,10.260755918313354,0.75,1.9159343460801954,1542208.6789399153,2.2755920055594006,1.8630344086974433,2.9409549781927105,0.75,1.9094865866116053,277672.89640493935,6.909102099553955,3.717250904889778,7.84561317628933,0.75,2.6053181766724904,1105461.4774744457,2.533978043979226,4.390598803384096,5.069359188264986,0.75,1.9159343460801872,1542208.6789399195,0.08955613055941004,1.863034408697443,1.8651856498781578,0.75,1.909486586611591,277672.89640493935,-0.07300844044601941,3.717250904889776,3.7179677946803436,0.75,2.605318176672493,1105461.4774744448,0.05503938593530517,0.7848301961523523,0.7867577586504472,3.25,5.561630604177513,49277.88749534005,0.06430367956245103,2.7452373552458034,2.745990367762102,1.5,2.180856919986764,602910.3863140512,-0.11123667568338248,1.1818607652206492,1.1870840182501945,1.5,2.001827664055706,111743.72274236112,4.0,CIPN_12_2,CIPN_12,neuro,gait_full,4.0,0.5
9.037967749388805,1.301200586682949,9.131154582295505,1.5,2.23263334879204,135449.86497339993,-0.7309581699932644,0.6358757741112772,0.9688332397175057,0.75,1.5445754411455785,32347.07004020183,3.267964638417219,0.7122911533439845,3.344690055158697,1.5,2.237700278184786,40588.90168841345,-0.4100335093888553,1.3012005866829426,1.3642765282763516,1.5,2.2326333487920427,135449.86497339857,0.15516021999326782,0.6358757741112775,0.6545324239256415,0.75,1.5445754411455797,32347.07004020186,-0.9172952815827601,0.7122911533439883,1.161373893604512,1.5,2.2377002781847803,40588.90168841388,0.004464729825582883,0.15952975145362908,0.15959221601090737,0.75,1.9526540159852641,2035.9793416276057,-0.012804603982334573,0.16300678792767415,0.1635089318466797,3.25,3.5796305544253637,2125.728041590005,-0.005825980113999553,0.08353839650447976,0.08374130244287101,2.5,3.441768747577763,558.2989374734934,9.816424176758254,1.2442803500046704,9.894969287847825,1.5,1.979557039220089,123859.17147283652,0.36823653950029217,0.8489216896191081,0.9253465211092067,2.25,3.0106340821223783,57653.58460470421,-0.009849590846173824,1.2342763702233552,1.234315669726176,1.5,2.270283126157752,121875.05264737831,-0.034181571758307605,1.2442803500046555,1.2447497617013537,1.5,1.9795570392200952,123859.17147283356,0.11832965049970483,0.8489216896191103,0.8571288942120358,2.25,3.0106340821223676,57653.584604704505,0.13222863915382688,1.2342763702233566,1.2413390234356676,1.5,2.27028312615775,121875.05264737856,-0.008542586543743234,0.30137599660496156,0.30149704329311616,2.25,3.013018465001529,7266.200945570174,-0.028425489890145244,0.2729094448683659,0.2743858115388884,1.5,3.3815861924437676,5958.365779860451,0.019291921122821267,0.37760100300439403,0.3780935012540331,2.25,2.7597559750951697,11406.604864638193,9.44506994918239,4.281662353788602,10.370244879307275,0.75,1.8614291670403853,1466610.602337449,-2.7684729306260114,2.2696129639620155,3.579886223582171,0.75,2.2515628036093918,412091.4412723044,6.189450778062833,3.4507483979292988,7.086392978086541,0.75,2.5436903378355846,952613.1606117552,2.613101459182429,4.281662353788623,5.016067358781386,0.75,1.8614291670403877,1466610.6023374638,0.4622102243739756,2.269612963962021,2.3161997534108125,0.75,2.251562803609401,412091.4412723063,-0.03481273693712979,3.450748397929288,3.450923996912219,0.75,2.5436903378355864,952613.1606117494,0.020548646548894343,0.9300141903117172,0.9302411735975517,1.5,3.735641859855026,69194.1115355949,0.027792160820777168,2.7564705107737697,2.7566106146803713,1.5,1.8070532887011939,607850.3746767595,-0.04638634117608258,1.6904109188477758,1.6910472397918062,1.5,2.146664430600972,228599.12700618684,8.310650055277906,4.078796851074498,9.257617841195753,0.75,2.018680290110544,1330928.897463962,3.280701931568487,1.9743528598822524,3.828978242184516,1.5,2.1237098745201415,311845.5390482311,7.505957116963743,3.6705254953987683,8.355366518236709,0.75,2.0386202306263552,1077820.7982605651,1.6604608652779336,4.078796851074499,4.4038294741571,0.75,2.01868029011053,1330928.897463963,1.1384088465685025,1.9743528598822506,2.2790445184924866,1.5,2.123709874520136,311845.5390482305,0.4355467669637708,3.670525495398768,3.696276288183144,0.75,2.0386202306263552,1077820.798260565,0.004213057494599659,0.8501953797149772,0.8502058183417397,2.25,5.422922188025483,57826.81540680814,0.004089988677455212,2.844560411317975,2.844563351666626,1.5,2.104404277874456,647327.2965956321,-0.024662243268928855,1.0386756302273679,1.0389683782826482,1.5,2.567064499051462,86308.63962833806,4.0,CIPN_12_3,CIPN_12,neuro,gait_full,4.0,0.5
9.005984836579174,1.4980035032966037,9.129719457496101,1.5,2.107779119022324,179521.161226975,-0.5627935166514542,0.5822803232649979,0.8098067159801164,0.75,1.7084688423092806,27124.064814625635,3.1353339552661077,0.7399796707034951,3.221473098459627,1.5,2.3540762356605174,43805.74050728658,-0.3780505965792185,1.498003503296602,1.5449714396916197,1.5,2.107779119022319,179521.16122697457,-0.013004433348542545,0.5822803232649982,0.5824255232631101,0.75,1.7084688423092809,27124.06481462568,-1.0499259647338703,0.7399796707034967,1.2844899549925657,1.5,2.3540762356605365,43805.74050728678,0.003100717785139407,0.13872098049127113,0.13875563008124286,0.75,2.2482324419210977,1539.4825183340497,-0.01719736779515674,0.12877207463417667,0.12991534422335133,3.25,4.117603826413487,1326.581441961318,-0.004388838590888635,0.07924220791525653,0.07936365301233064,4.0,3.6256950685939424,502.34682005237056,9.748549129496602,1.4673613729488166,9.85836495211205,1.5,1.880605828639057,172251.9797987094,0.19361245091582568,0.7547404646198425,0.7791783814276476,4.0,3.4340056064937703,45570.7481129029,-0.023382934703397532,1.301530262922465,1.301740291662805,1.5,2.3060788571286426,135518.61692288343,0.03369347550333217,1.4673613729488102,1.4677481558883698,1.5,1.8806058286390597,172251.9797987078,0.2929537390841726,0.7547404646198425,0.8096017923510133,4.0,3.434005606493755,45570.74811290288,0.11869529529660067,1.3015302629224652,1.3069313671454093,1.5,2.306078857128641,135518.61692288352,-0.032919198963967645,0.3177332007362479,0.31943396893650816,2.5,3.185606321490896,8076.357943884748,-0.01166407297527288,0.3393530919476684,0.3395534885887865,1.5,3.1449927505312982,9212.868232435396,0.00453301251436955,0.43150580520660897,0.43152961442925264,2.5,2.77017124185076,14895.780915860878,10.358881032005161,4.949763771695911,11.480704579024303,0.75,2.4094231347199937,1960038.0531693758,-2.7101735406743988,2.5268850140119046,3.7054268977554465,0.75,2.5101327026830544,510818.0110987929,6.050479432363424,3.7798788264341603,7.13412820910713,0.75,2.8780484706225806,1143015.33572545,3.526912542005204,4.949763771695922,6.0777687908102465,0.75,2.4094231347199977,1960038.053169385,0.5205096143255818,2.5268850140119063,2.5799376218512178,0.75,2.5101327026830558,510818.0110987935,-0.17378408263654463,3.779878826434162,3.783871674608313,0.75,2.8780484706225886,1143015.3357254511,-0.11059209926263104,1.0271457577749317,1.0330822910757662,1.5,4.604234372517418,84404.06640998948,0.25100670292324045,3.2192243426443428,3.228995158433394,1.5,1.9170887404759756,829077.7650699558,0.09006173721530182,1.9402500661365485,1.942339165967962,0.75,1.9820436904893934,301165.6706013347,9.14026894304283,4.5388418651917135,10.205175247313015,0.75,1.7373538798896617,1648086.8588090187,3.424692356679078,2.0202039132896594,3.9761465754128014,1.5,2.1982053826193444,326498.4463046804,7.082153919695639,4.142701988029298,8.2048085842317,0.75,2.065026808626786,1372958.5797074058,2.4900797530428638,4.538841865191713,5.177024498081016,0.75,1.7373538798896486,1648086.8588090183,1.2823992716790915,2.0202039132896563,2.392858487933189,1.5,2.1982053826193466,326498.4463046793,0.01174356969567107,4.142701988029286,4.142718633102059,0.75,2.0650268086267825,1372958.5797073978,-0.013418941839050912,0.8790251350238036,0.8791275538872023,3.25,5.373851561416399,61814.82224104749,-0.015549250401470437,2.951460962992357,2.951501921946828,1.5,1.9812693371784622,696889.7861059197,0.051427281069593295,1.1139133938493821,1.11509991222099,1.5,2.7159186212140174,99264.24519904633,4.0,CIPN_12_3,CIPN_12,neuro,gait_full,4.0,0.5
9.067031890579543,1.548103219874129,9.198243902189757,1.5,2.410356586648623,191731.60711551746,-0.6158885837818334,0.6531867349206109,0.8977592429538337,0.75,1.6007986198624156,34132.234910987005,3.118041825199731,0.7540823296931448,3.2079315740287093,1.5,2.8377939363735623,45492.04161450382,-0.439097650579587,1.5481032198741251,1.6091706951498799,1.5,2.4103565866486227,191731.60711551656,0.04009063378183663,0.6531867349206103,0.6544158995572135,0.75,1.6007986198624118,34132.23491098695,-1.0672180948002428,0.7540823296931443,1.3067496400705454,1.5,2.8377939363735996,45492.04161450374,0.006528386592937629,0.1329297528335119,0.13308996588731029,0.75,2.7649502129499735,1413.6363024474228,-0.004199722233513535,0.1484163510657859,0.1484757587302428,3.25,4.2511086841345636,1762.1939061229111,-0.0044095860680677425,0.0792359026010201,0.07935850748527244,0.75,3.5400504084136535,502.2669400002074,9.795697724733056,1.520036085363089,9.91293113136303,1.5,2.3725478240842173,184843.2875329514,0.18452280304018245,0.8185657293855599,0.8391057848485611,2.5,3.5383605082968534,53603.995183570805,-0.17762769063293843,1.2316966359696349,1.2444389095244917,1.5,2.058803459108582,121366.15620778753,-0.013455119733121669,1.5200360853630934,1.5200956354956716,1.5,2.3725478240841835,184843.28753295256,0.30204338695981625,0.8185657293855603,0.8725136451257777,2.5,3.538360508296852,53603.99518357083,-0.03554946063293994,1.231696635969635,1.2322095467939733,1.5,2.0588034591085824,121366.15620778759,-0.019084343476979293,0.335217653282158,0.33576046109979124,2.5,3.237395666762542,8989.670433932328,-0.023918501202330873,0.3212639844124739,0.32215313498450415,1.5,3.195502307453182,8256.896680932166,0.010768561465695098,0.44227922292225785,0.44241029932038967,2.5,2.751490498755072,15648.881767511017,9.810585645434266,4.664225101407211,10.862899543998278,0.75,2.040637683962375,1740399.6734862528,-2.9361961013423734,2.4745507617676976,3.8398761722356682,0.75,2.1412812802572905,489872.5273976288,6.0947914152549165,3.6428270317159663,7.100469785758234,0.75,2.379147752696244,1061615.3539838218,2.9786171554343084,4.6642251014072,5.534180694126691,0.75,2.040637683962378,1740399.6734862449,0.29448705365760747,2.4745507617676927,2.4920120580239993,0.75,2.141281280257287,489872.52739762684,-0.12947209974505183,3.642827031715975,3.6451271318862135,0.75,2.379147752696244,1061615.3539838267,-0.0631011801539655,0.7559579397961492,0.7585869532740868,1.5,5.099704929014426,45717.80090320029,-0.047384106195559834,3.0343481009121858,3.034718051323605,1.5,1.9477150220353547,736584.5554360357,-0.05449934425246062,1.878894886801872,1.8796851263374323,1.5,2.150166817663717,282420.41641551885,9.778805931589359,4.855928852131755,10.91810837391958,0.75,1.6596688860834616,1886404.092930586,2.9995206736980666,2.0235995506654976,3.6182978613424996,0.75,2.122695225932757,327599.1900693053,6.76891635796904,4.564711168868532,8.164240118735727,0.75,2.1703733289773317,1666927.3642483233,3.1286167415894024,4.855928852131761,5.7765290385073955,0.75,1.659668886083452,1886404.0929305917,0.8572275886980821,2.0235995506654922,2.1976792942280525,0.75,2.122695225932756,327599.19006930373,-0.3014939920309237,4.564711168868515,4.574657001614844,0.75,2.1703733289773326,1666927.364248311,0.03257262602621678,0.8275291324586664,0.8281699348769169,3.25,5.243848451272267,54784.49932008467,0.016749585167790522,3.053558542480201,3.053604480111513,1.5,2.270858602742012,745942.9514857978,-0.00821566402157388,1.1814779792929484,1.181506543650717,1.5,2.973523235878771,111672.50179132873,4.0,CIPN_12_3,CIPN_12,neuro,gait_full,4.0,0.5
9.175817936416596,1.5326553773155496,9.302938638294828,1.75,2.19078459715058,187922.60776707946,-0.7080936342818523,0.6415927524076476,0.9555301433510629,0.75,2.028036257226521,32931.59871004752,3.070571781508893,0.7720423686248061,3.166142840168538,1.5,2.7388308499680103,47684.343836645,-0.5478836964166356,1.5326553773155462,1.6276391032453772,1.75,2.1907845971505924,187922.60776707862,0.13229568428185584,0.641592752407647,0.6550903815670205,0.75,2.0280362572265176,32931.598710047445,-1.114688138491075,0.7720423686248085,1.3559421318937261,1.5,2.7388308499680294,47684.34383664529,0.0496845650908898,0.24807804538437636,0.2530044912842528,0.75,2.7058453804046656,4923.641093812376,-0.023452742528364778,0.17381655447525987,0.17539163532435847,3.25,4.3863837534212875,2416.987983645913,-0.0005950191098021093,0.08509172824162729,0.08509380860490369,4.0,3.889303966885484,579.2483374791332,9.929159591509654,1.5224987065886262,10.04520843513126,1.5,2.1183144373803224,185440.18885388822,0.19367956866391245,0.9086217571027084,0.9290345918200529,2.5,3.780320814732314,66047.88438196704,-0.11404151864789926,1.14523544092183,1.150899510434746,1.75,2.3147631320693973,104925.1894794823,-0.14691698650971274,1.522498706588627,1.5295708262415106,1.5,2.1183144373802967,185440.18885388845,0.29288662133608434,0.908621757102709,0.9546601858452468,2.5,3.780320814732311,66047.88438196712,0.028036711352099414,1.1452354409218282,1.145578575361313,1.75,2.3147631320693973,104925.18947948198,-0.023523782011013968,0.34222323863810417,0.3430307761470601,2.5,3.343340801074805,9369.343069826162,-0.05146787501554142,0.3357982727877216,0.33971962287426444,1.75,3.034646692626514,9020.850661645902,0.034288849455498455,0.45235406762819497,0.45365176919830846,2.5,2.820147564341538,16369.952918304614,10.129289138099306,4.86197657070705,11.23571602601814,0.75,2.1825818717383596,1891123.6084217483,-2.777183758411559,2.9049702405484035,4.0189055383844,1.75,2.58058267913441,675111.4709299979,5.8200115971992386,4.421519457171252,7.309060767409011,0.75,2.7493698709442356,1564005.11050961,3.2973206480993524,4.8619765707070455,5.874618254021837,0.75,2.182581871738356,1891123.6084217452,0.4534993965884244,2.9049702405483986,2.9401554042563607,1.75,2.5805826791344146,675111.4709299955,-0.40425191780072944,4.421519457171262,4.4399610272151735,0.75,2.7493698709442493,1564005.1105096168,-0.0020201947963032875,0.7481495052303887,0.7481522327464447,2.0,5.396180284851789,44779.357575113536,-0.05976312021465755,2.956909826946422,2.9575137117569055,1.75,2.004038846239426,699465.3771574616,-0.06498357206304858,1.8565533303314121,1.857690268317819,0.75,2.190165330548253,275744.143668681,9.036552711730096,4.600101158277554,10.14003035391231,0.75,1.9582340598853987,1692875.6492909417,3.02694695163064,1.9056485739649125,3.5768567675321488,0.75,2.046639525038306,290520.1987528651,7.443250014922889,4.299214216913389,8.595650857704713,0.75,2.095524129072045,1478659.433366933,2.3863635217301344,4.6001011582775675,5.18224483445455,0.75,1.9582340598853938,1692875.6492909514,0.8846538666306515,1.905648573964906,2.1009780939360225,0.75,2.0466395250383,290520.19875286304,0.37283966492292875,4.299214216913377,4.315350773535096,0.75,2.095524129072046,1478659.4333669245,0.05218757253384135,0.7267133554863822,0.7285848226316904,3.0,5.171665455776881,42249.038304358786,-0.15881253273585996,3.077753726025883,3.081848376967982,1.75,2.2071411484222114,757807.2261558031,0.061411114305787315,1.364756684893954,1.3661376701939723,1.75,2.550944269671425,149005.19212244384,4.0,CIPN_12_3,CIPN_12,neuro,gait_full,4.0,0.5
9.360684689829894,1.3354410760678321,9.45546512499861,1.75,2.369524452315931,142673.12660651212,-0.6579572290395884,0.6393795078796599,0.9174496554808277,0.75,1.8105045832167677,32704.566834008292,2.433019229204224,0.97676495360551,2.6217651199658385,0.25,1.6178131453096967,76325.96412654378,-0.7327504498299348,1.335441076067831,1.5232616614932506,1.75,2.3695244523159125,142673.12660651188,0.08215927903959208,0.6393795078796587,0.6446365660034653,0.75,1.8105045832167626,32704.566834008176,-1.7522406907957464,0.9767649536055178,2.006095015963188,0.25,1.6178131453097178,76325.96412654498,0.7244903754049105,0.8547975047617198,1.120520003481067,0.25,0.47464649279674914,58454.340733746096,-0.03148568693048092,0.17740547664864326,0.18017783333811227,5.0,3.7033260138553827,2517.817520433253,0.1965365506031271,0.2660846042833642,0.33079847696083803,0.25,0.6653611804917349,5664.081965483463,9.858945570667514,1.3123331440496557,9.945904988805987,1.75,2.522757510073876,137778.595258867,0.32157388148722477,0.9878245515594891,1.0388489331555697,0.75,2.2110552208817515,78063.89468920235,-0.20139870837009152,1.008163051331748,1.0280827679733195,1.75,2.1880701489159105,81311.45234843607,-0.0767029656675709,1.3123331440496597,1.3145727921699375,1.75,2.5227575100738178,137778.5952588678,0.1649923085127713,0.9878245515594887,1.0015087650800059,0.75,2.211055220881753,78063.89468920228,-0.059320478370092126,1.008163051331748,1.0099067566981605,1.75,2.1880701489159087,81311.45234843605,0.7609716688732442,0.9277826847303703,1.1999410781005975,0.25,0.558332808319289,68862.45965831456,-0.0045698281266678235,0.2924867897067357,0.29252248713912493,1.75,3.255780964173778,6843.907239330523,0.012271614895066018,0.37543823828598727,0.37563874041347034,2.5,2.9249787837254524,11276.329273111322,9.654736601171741,4.669174466198604,10.724510666403678,0.75,1.742019262498466,1744095.3965323174,-3.896973642629788,3.4315928765385926,5.192517042982304,0.75,1.9392234036968057,942066.4250195897,5.699959369704905,4.353035754614578,7.172060868205152,1.75,2.220286137978358,1515914.28262681,2.822768111171773,4.669174466198603,5.456116751431303,0.75,1.7420192624984723,1744095.3965323165,-0.6662904876297988,3.4315928765385904,3.4956791449182445,0.75,1.9392234036968088,942066.4250195883,-0.524304145295066,4.353035754614587,4.384497133962637,1.75,2.2202861379783676,1515914.2826268168,0.5693816926431003,1.3783395779457324,1.4913133487127181,1.0,2.0537675798270922,151985.72759220807,0.0026931969701154477,2.7380574822708,2.7380588068062077,1.75,2.3580910018479697,599761.2866601675,0.3994397114980993,2.2411513098119666,2.2764690370381886,1.75,2.2181697118360217,401823.2734700297,8.069907478667188,3.566912497805778,8.823053410313895,1.0,1.982198507944606,1017833.955377123,2.1883845109819866,2.111038102718415,3.04064280030306,1.0,1.7117216050754656,356519.3296244368,7.303943183396018,3.0392045366578113,7.911027129388358,1.0,2.0901134090629667,738941.159965842,1.4197182886672226,3.5669124978057734,3.839070823282531,1.0,1.9821985079446254,1017833.9553771208,0.04609142598199874,2.111038102718411,2.111541212166602,1.0,1.7117216050754642,356519.3296244355,0.23353283339606018,3.039204536657808,3.0481636766937887,1.0,2.0901134090629734,738941.1599658405,0.5560440569788796,1.4233033541761713,1.5280632942750345,0.75,1.9645127662945678,162063.39796367148,0.20461088932147148,2.2089542231990724,2.2184103263864285,1.75,2.2230674364328253,390358.70379796566,0.5000027367269102,1.5405520926914615,1.6196615347134848,1.5,1.9258984400565855,189864.24983250102,4.0,CIPN_12_3,CIPN_12,neuro,gait_full,4.0,0.5
9.233663690567338,1.0460503411121924,9.29272653566447,1.5,2.144056871584712,87538.00634983041,-0.6788734485394352,0.6939361937589937,0.9707814378842153,0.75,1.3788133166146725,38523.80583033096,2.605625453243909,0.9994980827761277,2.790749078664308,0.25,0.97879741209634,79919.78603026849,-0.6057294505673793,1.0460503411122017,1.2087718905672866,1.5,2.1440568715847097,87538.00634983197,0.10307549853943933,0.6939361937589937,0.7015497127131288,0.75,1.378813316614671,38523.805830330966,-1.5796344667560658,0.9994980827761304,1.8692890268861262,0.25,0.9787974120963497,79919.78603026895,0.7306103283134092,0.828251135914644,1.1044416670798534,0.25,0.5395723472654491,54880.14194122024,-0.008297185039115109,0.148354794274692,0.1485866355492966,0.5,3.0725057143583467,1760.7442844282198,0.2137580169559287,0.25369871609414013,0.33174618062721717,0.25,0.6082369464638917,5149.04506438388,9.764036600645744,1.032400535777405,9.818465338586432,1.5,2.3724914262845704,85268.58835887972,0.367104989489611,0.9009930067293439,0.9729103100920201,0.75,1.931427700246036,64943.57106264314,-0.3894624101371554,0.9959577579952835,1.0693983470254822,1.5,2.0708365321745794,79354.94465994893,0.018206004354195046,1.0324005357774169,1.0325610513998882,1.5,2.3724914262845394,85268.58835888167,0.1194612005103865,0.900993006729342,0.908878086765526,0.75,1.9314277002460405,64943.57106264287,-0.24738418013715763,0.9959577579952847,1.0262216077890427,1.5,2.0708365321745763,79354.94465994912,0.8045858244717331,0.8876854778820965,1.1980583694393294,0.25,0.5257785907999442,63038.86584519093,0.008669491641341492,0.2135850620102755,0.2137609384318204,1.5,3.137428431110974,3649.4931326177593,0.0170363160009379,0.3225951709496004,0.3230447033815687,2.25,2.8218062592840405,8325.417477575278,8.945024102648768,3.7535878773621554,9.700663799454524,0.75,1.7845621614746405,1127153.756352013,-4.023811435723877,2.9706957085240004,5.001608887438637,1.25,1.7044411413141267,706002.6988188282,5.493207750576142,3.380571179706938,6.450084719757947,0.75,1.9812806991269425,914260.925629181,2.1130556126488056,3.753587877362166,4.307484878119345,0.75,1.7845621614746345,1127153.7563520193,-0.7931282807238899,2.970695708524002,3.074749658480664,1.25,1.7044411413141245,706002.6988188291,-0.7310557644238284,3.3805711797069486,3.458714216549632,0.75,1.9812806991269452,914260.9256291868,0.5697714074681902,1.2925192832267902,1.4125316117812647,1.0,1.638458953391065,133648.49859750198,-0.026631027266252813,2.1248106413806136,2.1249775230193735,1.5,1.9258232204620618,361185.63898453454,0.3790397206774012,1.9987331466267295,2.0343562375541775,0.75,1.895376757277662,319594.7441981918,7.4426359950062535,2.6961861811935037,7.915949120466952,0.75,2.1376610664725093,581566.4662676296,2.057211793721408,2.0461702872587613,2.9015397996041776,0.75,1.617753761180579,334945.02784815105,7.446301977657875,2.509780354933546,7.857888429628021,0.75,1.7222053685222853,503919.9947530891,0.7924468050062885,2.696186181193495,2.810229859357315,0.75,2.13766106647252,581566.4662676259,-0.08508129127857693,2.0461702872587577,2.047938395212663,0.75,1.6177537611805701,334945.0278481499,0.3758916276579154,2.5097803549335533,2.537773028809651,0.75,1.7222053685222833,503919.9947530922,0.5948548349231066,1.446699611462097,1.5642225034936617,0.75,1.9784316476820887,167435.18200772852,0.3602289282291977,2.0470361649352617,2.078490303389944,1.5,1.9222069467500473,335228.6179719594,0.4226845423745554,1.3960869425740174,1.4586709613850735,1.0,1.6699839483210468,155924.9639963874,4.0,CIPN_12_3,CIPN_12,neuro,gait_full,4.0,0.5
9.020964117855181,1.2857747130958295,9.11213532759843,1.5,2.0976542162787233,132257.42093954422,-0.6307224490259357,0.6923541691300525,0.93657092802256,0.75,1.5138770857410007,38348.349200875135,3.1616033173717097,0.7634607136573283,3.2524771786615134,1.75,2.1607016070156826,46629.78178101771,-0.3930298778552143,1.2857747130958352,1.3445032903357141,1.5,2.097654216278722,132257.42093954538,0.05492449902594025,0.6923541691300535,0.6945293342293163,0.75,1.5138770857410018,38348.349200875244,-1.0236566026282652,0.7634607136573285,1.277006304370734,1.75,2.160701607015684,46629.78178101773,0.038218804163401045,0.16803781283198577,0.172329288088351,0.75,2.0712281150253133,2258.944282101113,-0.003982382429832181,0.14671334139441441,0.14676738027549388,6.5,3.794877566167217,1721.987779561648,0.010566284460061692,0.09417700934762614,0.09476790309463329,0.75,2.4875774976429104,709.5447497883055,9.77855721795779,1.3962652341105242,9.877739512097902,1.5,1.9919255665192188,155964.5713590794,0.22728486598186876,0.7573410108061005,0.7907109566416809,4.0,3.5823506168674353,45885.689915303214,-0.22760407468210317,1.147819357438408,1.1701678905705009,1.5,2.052806608073584,105399.143033957,0.003685387042151116,1.3962652341105295,1.396270097818965,1.5,1.9919255665192046,155964.57135908058,0.25928132401812803,0.7573410108060994,0.8004949791431536,4.0,3.5823506168674353,45885.68991530307,-0.08552584468210508,1.1478193574384088,1.1510012803724021,1.5,2.0528066080735847,105399.14303395718,0.030256323232157305,0.335921089232928,0.3372809263610463,2.25,2.7555766295490742,9027.43828052285,-0.017591308909636963,0.31553549870546344,0.3160254817138323,1.5,2.9115030111142284,7965.0179378442535,0.008813465863784285,0.4098020526630743,0.409896815732205,2.5,2.942754479376965,13435.027370436925,9.862933215909566,4.769930174109728,10.9558060172392,0.75,2.2088591655284397,1820189.0398670742,-2.891302398093417,2.748745006195298,3.9893895104770523,0.75,2.7165509952297606,604462.7541689012,5.8834355336348585,3.5669975432426333,6.880282345364636,0.75,3.091133018675709,1017904.8585108053,3.030964725909623,4.769930174109744,5.651458310524021,0.75,2.208859165528424,1820189.039867086,0.3393807569065683,2.7487450061953,2.7696170145422765,0.75,2.7165509952297393,604462.7541689022,-0.3408279813651102,3.5669975432426537,3.5832436682956055,0.75,3.0911330186757118,1017904.8585108172,0.01393212944156594,0.7182131883717172,0.7183483056163245,1.75,4.114772791849738,41266.415468303094,0.12790957217378277,2.8986001943726576,2.901421021753115,1.5,1.9633804039125202,672154.6143535298,0.01240233568289088,1.8493106764127945,1.8493522638547635,0.75,2.221698310788584,273597.63649488974,8.550164163889685,4.055219853817775,9.463092269034538,0.75,1.578285294732854,1315584.661033838,2.805178688954046,1.8637723178977688,3.36788876448198,1.5,2.1697424997048134,277891.78188863135,7.291630371295242,3.953936621415645,8.294666254754736,0.75,1.9353314358164495,1250689.315085477,1.8999749738897247,4.055219853817784,4.478248872517604,0.75,1.5782852947328474,1315584.6610338436,0.6628856039540559,1.8637723178977643,1.9781467531231192,1.5,2.169742499704808,277891.78188863007,0.2212200212952839,3.9539366214156435,3.960120339584851,0.75,1.935331435816438,1250689.315085476,0.04987545077484348,0.9019664826815325,0.9033443952728599,2.25,4.94984156580352,65083.48511580634,-0.022708617299730064,2.6415377665015196,2.64163537475434,1.5,2.1457830123483412,558217.8819299078,0.031060327730951586,1.0125030997500089,1.0129794030295634,1.5,2.431285160097536,82013.01125539209,4.0,CIPN_12_3,CIPN_12,neuro,gait_full,4.0,0.5
9.17648153120985,1.6783354962605146,9.328698908778412,1.75,2.189836954882026,225345.24115220844,-0.6306817109285491,0.6904630748282138,0.9351463405269752,0.75,2.01322992820633,38139.36460134089,3.124770976402076,0.8426489602036908,3.236394741853525,1.75,2.3798969749332417,56804.5909532535,-0.5485472912098884,1.678335496260504,1.7657050061382558,1.75,2.1898369548820296,225345.2411522055,0.05488376092855404,0.6904630748282152,0.6926409494932395,0.75,2.0132299282063286,38139.364601341054,-1.0604889435978975,0.8426489602036894,1.354508792745822,1.75,2.379896974933242,56804.5909532533,0.005116716536726336,0.15627686941290161,0.1563606110937608,1.75,2.5861890694856253,1953.8008065551319,-0.0067158616152393665,0.17737306070889655,0.17750015623226068,3.25,4.001977626447144,2516.905031042033,-0.002787595179943636,0.1012664193065157,0.10130477958147038,1.75,3.699610342010411,820.3911701547569,9.89972394002077,1.6385647706985664,10.034412219776245,1.75,2.244161111918483,214793.46108351042,0.262858016601032,0.8523282875118174,0.8919404949794889,2.5,3.58525968766139,58117.1843508562,-0.0738487838304254,1.1892750397116052,1.1915656771467835,1.75,2.7340185732267055,113152.26271223051,-0.11748133502082826,1.6385647706985684,1.6427709432092863,1.75,2.244161111918456,214793.46108351095,0.22370817339896484,0.8523282875118171,0.8811973993029757,2.5,3.585259687661389,58117.18435085614,0.0682294461695746,1.1892750397116039,1.1912306147029816,1.75,2.7340185732266966,113152.26271223025,-0.015392547545026773,0.346121835603903,0.3464639311699577,2.5,3.2771774068176973,9584.061692784839,-0.028952627511916195,0.32654574191718705,0.3278267472371495,1.75,3.1904442008709797,8530.584756475999,-0.006608318733330485,0.4665747847907998,0.466621580811542,2.5,2.8791658957901123,17415.364224833032,10.149827397149313,5.027489727022827,11.326722789370404,2.5,2.1956520292184214,2022065.3267073382,-2.79855382619981,2.85179876462328,3.9955800219798454,0.75,2.080066649112388,650621.9836313312,6.096250997614593,3.8403948986527228,7.205061360149183,0.75,2.6520541634058845,1179892.6808799163,3.317858907149363,5.027489727022827,6.023606949583483,2.5,2.1956520292184107,2022065.3267073384,0.4321293288001783,2.8517987646232785,2.8843529518275237,0.75,2.0800666491123865,650621.9836313307,-0.128012517385369,3.840394898652736,3.842527837531603,0.75,2.652054163405884,1179892.6808799242,-0.015306499273134521,0.7108228287765648,0.7109876108835624,1.75,4.210650116658521,40421.61341456035,-0.2423145175862026,3.217721184595792,3.2268321845471886,1.75,1.859935361612292,828298.6500829912,-0.20077010391490183,1.9681275014157418,1.9783413498319675,1.75,2.019543005770829,309882.25132582407,9.870227813199016,4.987446443260469,11.058753053976696,0.75,1.7301960461913606,1989975.0252708057,2.759363427109888,2.3631775295907826,3.633000765102372,1.75,1.9851313932644499,446769.1430607861,6.922414538823493,4.671517518714073,8.351221406175709,0.75,2.156772260392478,1745846.4477053464,3.220038623199058,4.987446443260479,5.9366043121708305,0.75,1.7301960461913553,1989975.0252708145,0.6170703421098945,2.363177529590781,2.442413528351497,1.75,1.9851313932644512,446769.1430607852,-0.14799581117645846,4.671517518714066,4.673861218283894,0.75,2.156772260392468,1745846.4477053417,0.028405559214509733,0.9756775495152359,0.9760909570436275,2.5,5.465998660659,76155.81155426157,-0.03925324608222422,3.1325273742584145,3.132773302970757,1.75,2.2846640063861634,785020.0358438626,-0.0038617656344677796,1.195159639215171,1.195165878212206,1.75,2.6106476537410876,114273.63026157618,4.0,CIPN_12_3,CIPN_12,neuro,gait_full,4.0,0.5
9.220322030702109,1.6464281603303599,9.366165919787,1.75,2.0570489849646405,216858.147471535,-0.722153575408615,0.6364777648805598,0.9626056989561196,2.5,1.8439835372525082,32408.346823432526,3.0133539609606954,0.7483621371226316,3.104890977525018,1.75,2.752717334028803,44803.985878554304,-0.5923877907021506,1.6464281603303497,1.7497568350207275,1.75,2.0570489849646414,216858.14747153225,0.14635562540861824,0.6364777648805611,0.6530879835643146,2.5,1.8439835372525049,32408.346823432665,-1.1719059590392817,0.7483621371226338,1.3904709508330384,1.75,2.7527173340288162,44803.98587855458,0.00809228551126685,0.14333502322189293,0.14356327513266212,0.75,2.429006124810362,1643.5943142165986,-0.01782309179562754,0.17005759844017798,0.17098903294771914,3.75,3.889796058644516,2313.5689397602705,-0.002480210192628158,0.0927882134244349,0.09282135526428226,5.75,4.290305372447755,688.7726332545896,9.946705483523328,1.583001006170902,10.071883744438832,1.75,1.9985289750486623,200471.53593290175,0.2812430517604421,0.8798244202045816,0.9236821231093816,2.5,3.6657736854630874,61927.282124975536,-0.030353400297297703,1.2361729440357774,1.236545541610049,1.75,2.153238885715812,122249.92325552877,-0.16446287852338448,1.5830010061709063,1.591521355166276,1.75,1.9985289750486521,200471.53593290295,0.20532313823955595,0.8798244202045797,0.9034647760067156,2.5,3.6657736854630856,61927.282124975274,0.11172482970269904,1.2361729440357732,1.24121149895502,1.75,2.153238885715808,122249.9232555279,-0.02905258465231632,0.3618805249784757,0.3630448554017494,2.5,3.2875081223276967,10476.635053955923,-0.032723333364842275,0.3375015045524084,0.33908418146773806,1.75,3.070596335973726,9112.589642250146,0.021196403657822886,0.4835904715550244,0.4840547817208671,2.5,2.9026696541099355,18708.817112025026,10.384975350298205,5.051905286209269,11.54856961043793,0.75,2.186334110135321,2041753.0695321981,-2.8650352686492875,2.8483541972553827,4.039993653909205,0.75,2.431960613316108,649060.221814466,5.84578244029668,4.1046483421022915,7.142920295761678,0.75,3.17313665569971,1347879.6761261537,3.553006860298248,5.051905286209285,6.176212817751323,0.75,2.186334110135327,2041753.0695322105,0.3656478863506935,2.8483541972553854,2.871727704677987,0.75,2.4319606133161153,649060.2218144672,-0.3784810747032891,4.104648342102292,4.122060884585725,0.75,3.173136655699711,1347879.6761261544,-0.05546685639839684,0.8309220301164051,0.8327712724941274,1.75,4.971737847638067,55234.585595130244,-0.01723361401708253,3.111272646094722,3.111320374983802,1.75,1.9187006588179143,774403.9531267836,-0.09949851262450096,1.8340562873175272,1.836753227590315,1.75,2.12729333758536,269101.3264407061,9.01599785218736,4.722120681779114,10.177752256954042,0.75,1.8505112256220257,1783873.8995218042,2.7967730536188595,2.490533075495026,3.7449558760529174,0.75,1.887885228413555,496221.80728269514,7.6816632243766625,4.184967449467442,8.747679832152231,0.75,2.0841937536317077,1401116.5300757473,2.365808662187407,4.7221206817791215,5.281616642597897,0.75,1.8505112256220195,1783873.89952181,0.6544799686188667,2.4905330754950286,2.5750920429099375,0.75,1.8878852284135739,496221.80728269595,0.6112528743767127,4.184967449467451,4.22937142250901,0.75,2.0841937536317054,1401116.5300757526,0.06580087894046105,0.8662146350114058,0.868710279424205,2.5,5.222033752639647,60026.23077963893,-0.11344028160411038,3.2578518082961128,3.2598262380545187,1.75,2.4841848957683625,849093.2719424,0.02492639090834305,1.2546394511634296,1.2548870376967751,1.75,2.3074379809481758,125929.78051778249,4.0,CIPN_12_3,CIPN_12,neuro,gait_full,4.0,0.5
9.218463619721526,1.4383497521776831,9.330001153146709,1.5,2.114063372650691,165508.3657946933,-0.7021575903925971,0.5373091540160522,0.8841529328885268,0.75,1.8299183707662805,23096.112331026892,2.665896358930588,0.7052702218870167,2.7576093781462103,1.5,2.5478227709911487,39792.49875327099,-0.5905293797215702,1.438349752177689,1.5548552851966517,1.5,2.114063372650694,165508.36579469458,0.12635964039260073,0.537309154016054,0.551967286811089,0.75,1.8299183707662758,23096.112331027045,-1.5193635610693912,0.7052702218870159,1.6750736451231099,1.5,2.547822770991149,39792.49875327089,0.011408338188364326,0.11745983693156511,0.11801255641756922,0.75,2.49975517060659,1103.745278056205,-0.012866869944264806,0.1578799847301192,0.15840342774241123,4.75,3.872426284307798,1994.0874796178157,-0.0014413129707989169,0.07046972678417966,0.07048446478563004,5.5,4.575397885138882,397.2787888365048,9.82960887401454,1.4988277091234392,9.943223577781081,1.5,2.2143392731372464,179720.03369538186,0.16279880272489186,0.7989602472923277,0.8153777817196615,2.5,3.5418140125290742,51067.02756077754,-0.14740639683386308,1.2143825221548847,1.2232961848803425,1.5,2.3562641882417013,117979.68577084629,-0.047366269014593634,1.498827709123448,1.4995759617560578,1.5,2.2143392731372336,179720.033695384,0.32376738727510684,0.7989602472923265,0.8620689054921099,2.5,3.5418140125290685,51067.02756077737,-0.005328166833867174,1.2143825221548812,1.2143942109039636,1.5,2.3562641882416906,117979.68577084562,0.003053744441719639,0.3527759251034668,0.352789141964038,2.5,3.0508600386322002,9956.08291564414,-0.025453721055584255,0.34911483434387236,0.3500415110733653,1.5,2.8663084273073047,9750.495610126802,0.015179316440823685,0.4478149595762617,0.44807214783771104,2.5,2.8819556126222428,16043.065460108166,9.924823833432479,4.940264020378004,11.086403236203832,0.75,2.101293883144681,1952498.6653832868,-3.2857640278478795,2.7660295090234857,4.2950162387920985,0.75,2.0423402115384457,612076.1299698432,6.097532390057638,3.805981263076637,7.18786439929778,4.0,2.76078714852485,1158840.8323939964,3.0928553434325248,4.940264020378022,5.828547226062489,0.75,2.1012938831446757,1952498.6653833007,-0.055080872847899226,2.766029509023492,2.7665778766090114,0.75,2.042340211538459,612076.129969846,-0.12673112494233954,3.8059812630766356,3.8080906177400213,4.0,2.7607871485248414,1158840.8323939957,-0.04345682890308736,0.9858760294809871,0.9868333402776318,3.25,4.534683605352814,77756.3674780365,0.31237647881466674,3.1463388857225163,3.1618076235480004,1.5,1.6957044503130783,791956.5486731315,0.037368455373364584,1.8222483303366241,1.8226314435100712,1.5,1.8983416422395032,265647.1350870436,8.887897081399503,4.136612694222855,9.803381004100345,0.75,1.8381578131704936,1368925.209883727,2.565632227542992,2.337729727352045,3.4709435324062365,0.75,1.82168409559868,437198.43443084,7.351602189764188,3.6368306092005063,8.201987054157263,0.75,2.025510305490554,1058122.9537330463,2.23770789139956,4.136612694222854,4.70307358960473,0.75,1.8381578131704779,1368925.2098837264,0.42333914254300103,2.3377297273520448,2.375751735294433,0.75,1.8216840955987001,437198.4344308397,0.281191839764237,3.63683060920052,3.647684982391959,0.75,2.025510305490553,1058122.9537330547,0.07169990743543243,0.8825319635425967,0.885439745776414,2.25,5.149026469016576,62309.0138501957,-0.014059240228309022,2.8119247314685696,2.811959878390939,1.5,2.1075777363867947,632553.6557078287,0.020589279249677926,1.135457588275716,1.1356442458767302,1.5,2.2627180168871166,103141.1161579492,4.0,CIPN_12_3,CIPN_12,neuro,gait_full,4.0,0.5
9.002484161207658,1.626949236879413,9.148315959354335,1.75,2.228463327566615,211757.12837176418,-0.80297615183758,0.6791572356039655,1.0516773512314073,0.75,1.4486851212222507,36900.37545949376,3.195129795943659,0.8253012531743099,3.2999964502129475,1.5,2.407502609329898,54490.429667504424,-0.045640241207699946,1.6269492368794172,1.6275892758924209,1.75,2.2284633275666077,211757.12837176534,0.13834865183758396,0.6791572356039657,0.6931052590613475,0.75,1.4486851212222476,36900.375459493785,-0.31556018905632266,0.8253012531743127,0.8835725162137815,1.5,2.4075026093298812,54490.42966750479,0.011866598886873483,0.1435526977551408,0.14404233128466354,0.75,1.957701466567477,1648.5916499848156,-0.03777532156714375,0.17847119965930686,0.18242517377635492,3.25,3.515153171658346,2548.1599105978376,-0.01769845490980204,0.08396353356166006,0.08580856760460642,1.75,3.68764489384044,563.9990066206377,9.767832699217179,1.544127389847005,9.889129639961855,1.75,2.1511400654431463,190746.67241843912,0.26595975446967113,0.7917833574191595,0.8352577303344904,2.5,3.0381344189222963,50153.67175420327,-0.27607766268819434,1.2407043301801686,1.271049216499187,1.75,2.042037834057451,123147.79618069626,0.01883421578276529,1.5441273898470056,1.544242249052874,1.75,2.1511400654431325,190746.67241843932,0.22674259053032478,0.7917833574191594,0.823609790766452,2.5,3.0381344189222963,50153.67175420325,0.040255597311801956,1.2407043301801652,1.24135722015975,1.75,2.0420378340574485,123147.79618069559,0.0072851785083098445,0.2993722108497889,0.29946083960175557,3.25,3.262721414221739,7169.899123133416,-0.02289737871677143,0.2988699807232201,0.2997458178684019,1.75,2.898674915557743,7145.898198836264,0.03628818533642847,0.41830066645525604,0.4198717422641376,2.5,2.8059132731125542,13998.04807206013,9.916531399657236,4.881884142208319,11.053071418313237,0.75,1.9271450428526982,1906623.4223477468,-2.9355132866389457,2.5302332445483,3.875476554935045,0.75,2.110546867499134,512166.4363431865,6.194306447333929,3.757375849438918,7.244812325894268,1.75,2.6075036103107228,1129429.8634016153,3.0791575996572673,4.88188414220831,5.771828505895863,0.75,1.9271450428526953,1906623.4223477396,0.31763476836103766,2.530233244548301,2.550092570454883,0.75,2.1105468674991372,512166.43634318706,-0.02484115266604544,3.7573758494389065,3.7574579647432547,1.75,2.607503610310721,1129429.8634016085,-0.018897025667387764,0.7227884544625324,0.7230354399912983,1.75,4.579329457214296,41793.855226334716,0.04025861114834786,2.9991293345153314,2.9993995267256364,1.75,1.8270659691856137,719582.1445992381,-0.07066370293889747,1.735236717249488,1.7366749332571758,1.75,2.113445911376717,240883.74523110746,8.688025186324593,4.69479831630066,9.87536899912859,0.75,2.3882029183936946,1763316.9269386658,2.8149394751217676,2.355027900241244,3.670155399913401,0.75,2.5498396249078366,443701.983333044,7.886977674165655,3.8395435690958912,8.771916076420995,0.75,2.5232483354627027,1179391.1257265133,2.0552928913246276,4.694798316300664,5.124974156019628,0.75,2.388202918393688,1763316.9269386695,0.5011430651217741,2.3550279002412333,2.4077584560404475,0.75,2.549839624907835,443701.9833330398,0.8521236691656946,3.839543569095893,3.932964475626246,0.75,2.523248335462679,1179391.1257265145,0.040275536686602234,0.7814770165719298,0.7825141828015375,2.5,5.710889209926371,48856.9746228564,0.13766058174881382,2.9954973765750332,2.9986588616972303,1.75,2.108834154943442,717840.9261904137,-0.0986051778924435,1.3404263717854201,1.344048302437463,1.75,2.425966781930412,143740.05377807657,4.0,CIPN_12_4,CIPN_12,neuro,gait_full,4.0,0.5
9.115215796015692,1.6789694909549333,9.26855423242975,1.75,2.383661354765386,225517.2958776594,-0.5589620677596475,0.5722748097984919,0.7999606559850558,0.75,1.7109026502168705,26199.87855642143,3.0362566464473786,0.7614169612679461,3.130273184883772,1.75,2.6472088887421976,46380.75982441271,-0.15837187601573954,1.6789694909549338,1.6864223085188994,1.75,2.3836613547654033,225517.29587765943,-0.10566543224034945,0.5722748097984919,0.5819481433086972,0.75,1.7109026502168694,26199.878556421427,-0.4744333385526008,0.7614169612679504,0.8971303035995865,1.75,2.6472088887422003,46380.75982441321,0.016982803612617482,0.13339587894354482,0.13447258507839283,0.75,2.130143722377165,1423.5609791447562,-0.02892069010481329,0.15068745466174813,0.1534376593557626,3.25,4.060484972927353,1816.5845745138022,-0.006601349306552533,0.06896137001780576,0.06927660764933458,1.75,3.7205411561026462,380.45408288276576,9.7880725652597,1.668867898737253,9.92932447884675,1.75,2.202036296845515,222811.3389577377,0.1135754185445072,0.7616670732611655,0.7700883755698366,2.5,3.420849876868281,46411.126840383564,-0.15077733605057006,1.2514133778162293,1.2604639016028707,1.75,2.1960938946538966,125282.88331527504,-0.0014056502597581044,1.668867898737257,1.6688684907111049,1.75,2.2020362968455083,222811.3389577388,0.3791269264554888,0.7616670732611646,0.850807826041706,2.5,3.4208498768682847,46411.12684038345,0.16555592394942664,1.251413377816225,1.2623169990664636,1.75,2.196093894653899,125282.88331527417,0.010456284240488127,0.3464497005138883,0.34660745644933955,2.5,3.1676710428040264,9602.278512350187,-0.014695329247807063,0.3642706569161138,0.3645669543332178,1.75,2.8373775154406737,10615.507515460205,0.01928445876141338,0.4735064074582982,0.47389894308152297,2.5,2.81866659806282,17936.772237883928,10.754928939744534,5.30720059660741,11.993117804457045,0.75,2.068066898910381,2253316.925109078,-2.5264107281859403,3.0013906707189317,3.9231488788690716,0.75,2.302156230336905,720672.9138013222,5.9753182926240065,4.237727222960943,7.32548706328742,0.75,2.6485203422929042,1436666.585460107,3.9175551397445747,5.307200596607402,6.596485158443783,0.75,2.0680668989103803,2253316.9251090703,0.7267373268140429,3.001390670718932,3.0881212897914914,0.75,2.302156230336898,720672.9138013225,-0.24382930737596417,4.237727222960937,4.244736122229467,0.75,2.648520342292903,1436666.585460103,-0.06171330600912153,0.9768706856415504,0.978818097812034,2.5,4.648668391894235,76342.3471972032,0.23123994800704178,3.313330047071672,3.3213894553909613,1.75,2.0833656898372137,878259.7928995345,0.052323102468424844,1.919329068937157,1.920042130245869,1.75,2.087858074074422,294706.72224232706,9.196885381630693,4.906778648858655,10.42397128889693,0.75,1.823057343539409,1926118.9211122768,3.033979650825953,2.6925237622326845,4.05644138769607,1.5,1.927857131816411,579975.111290915,7.400535881812,3.9948078136935203,8.409900166252493,0.75,2.3513593124743273,1276681.5119225807,2.564153086630734,4.906778648858663,5.536366837608682,0.75,1.8230573435394117,1926118.9211122836,0.7201832408259612,2.692523762232684,2.787175651184229,1.5,1.9278571318164186,579975.111290915,0.3656818768120394,3.9948078136935186,4.011510027829366,0.75,2.3513593124743193,1276681.5119225795,0.030053239749610196,0.8037506131609046,0.8043122810053179,3.25,6.034272355923602,51681.212252520185,-0.09981269665829912,3.1124218978851492,3.1140219403288083,1.75,2.2523376090336154,774978.7880719785,0.023516581944208362,1.2515694033572176,1.2517903183226333,1.75,2.387610680388672,125315.06926672824,4.0,CIPN_12_4,CIPN_12,neuro,gait_full,4.0,0.5
9.248374470857529,1.7059023048825668,9.40438902996962,1.75,2.295680501230487,232808.25721526315,-0.643944879071187,0.5539836765016379,0.8494485982755385,0.75,1.782522077680906,24552.041484919395,3.0487641818426114,0.776940944093479,3.1462041044877096,1.5,2.5904598034531423,48290.98525736581,-0.29153055085758056,1.705902304882569,1.73063362266165,1.75,2.295680501230502,232808.2572152638,-0.020682620928810548,0.5539836765016368,0.5543696281712727,0.75,1.782522077680914,24552.04148491929,-0.46192580315736775,0.7769409440934851,0.9038875362739853,1.5,2.5904598034531414,48290.98525736656,0.002126755933712779,0.14340457520702737,0.14342034472525,0.75,2.0832859572484796,1645.1912732065825,-0.018440889475381302,0.17393167638906518,0.17490653062751466,3.25,3.284452948547701,2420.1784655909814,-0.004001498160337547,0.07029064078530359,0.07040444708635789,4.0,3.483428802751239,395.26217125302475,9.942924923599259,1.6476868847957793,10.078523111381914,1.75,2.1009393040873237,217190.00352765305,0.14736124981513782,0.7552463833138537,0.7694884258101196,2.5,3.64071641119376,45631.86667603281,-0.10383857266724233,1.3345358611439804,1.3385695401632578,1.75,2.366281959396527,142479.23417660955,-0.1562580085993144,1.6476868847957855,1.6550796462948432,1.75,2.100939304087349,217190.00352765463,0.34534109518486017,0.7552463833138541,0.8304562429966648,2.5,3.640716411193762,45631.86667603285,0.21249468733275578,1.3345358611439782,1.3513474596949318,1.75,2.3662819593965216,142479.2341766091,0.009622226957022084,0.35352046179240865,0.3536513878914238,2.5,3.110134529452393,9998.137586044793,-0.02006733782545913,0.3410954551454183,0.3416852463426847,1.75,3.033233384418942,9307.728365260271,-0.020121015212694212,0.47904668934950895,0.479469066603795,2.5,2.6335890534819533,18358.862503032502,10.159136849824028,4.853474912908066,11.258964440110844,0.75,2.164872335431536,1884498.906629825,-3.0243389109346865,2.8166015069980412,4.132779923661221,0.75,2.16244195514839,634661.4165274063,6.324919550052279,3.640875756169307,7.297984899031714,0.75,2.65530470722232,1060480.9707650833,3.3217630498240736,4.853474912908063,5.881354307419716,0.75,2.1648723354315234,1884498.9066298224,0.22880914406530067,2.816601506998046,2.825879982170432,0.75,2.162441955148387,634661.4165274088,0.10577195005230175,3.640875756169307,3.6424118352101935,0.75,2.65530470722232,1060480.9707650833,-0.010485634937869682,0.8698826143121124,0.8699458093597127,2.5,4.510243506996391,60535.68140973056,-0.2002499115593567,3.279619364629675,3.2857271956042675,1.75,1.8801663074047568,860473.5635021115,-0.21142473747940801,1.9320920772641732,1.9436255335442638,0.75,2.1479903296787937,298639.5102637366,9.478450154996155,4.7692970793205784,10.61071213310221,0.75,2.1902012475173005,1819720.9303081601,2.8447166203923837,2.7449908800989027,3.9531490715836677,0.75,2.1370877263347876,602804.8276801223,7.101183233375341,4.205376837110204,8.252999312739222,0.75,2.4457019761004233,1414827.838969398,2.8457178599961903,4.7692970793205856,5.553764918460014,0.75,2.190201247517302,1819720.9303081662,0.530920210392396,2.7449908800989062,2.7958632301364945,0.75,2.1370877263348045,602804.827680124,0.06632922837537877,4.2053768371102045,4.205899892845751,0.75,2.44570197610042,1414827.8389693983,0.0521008075852376,0.8950847637359196,0.8965998150921185,2.5,5.089176745537364,64094.34569272185,-0.1518651839001541,3.0199619446021257,3.023777964885332,1.75,2.112134326201933,729613.6339077218,0.008689237208617424,1.1593121936084807,1.1593447567883228,1.75,2.408137444361567,107520.45560476294,4.0,CIPN_12_4,CIPN_12,neuro,gait_full,4.0,0.5
9.246213090006167,1.4927323698013586,9.365933292184724,1.5,2.476934975970035,178261.39153099278,-0.9060464602525917,0.6214140248668022,1.0986699133212896,0.75,1.873066835391872,30893.037572807727,2.7873982704516256,0.75273986782446,2.887248937436656,1.75,3.004197284697248,45331.01171311336,-0.28936917000621437,1.4927323698013681,1.5205211094894058,1.5,2.4769349759700403,178261.39153099505,0.24141896025259327,0.621414024866799,0.6666622118213975,0.75,1.8730668353918647,30893.037572807414,-0.7232917145483561,0.7527398678244616,1.0439196391229972,1.75,3.0041972846972365,45331.011713113534,0.3689316972026216,0.7057218145006708,0.796337790553058,0.25,1.125967277828252,39844.20929129051,-0.047260930990519645,0.19663376998968843,0.20223361515447513,3.25,3.2351840214821763,3093.2045011158148,0.1065534512705719,0.25088206256798823,0.2725719121553762,0.25,1.3425884350020152,5035.410647711809,9.869659579508662,1.4274025469678342,9.972344671464047,1.5,2.433069798231426,163000.1094557436,0.17833123253164745,0.8825828974765992,0.900419124305146,4.0,3.2746436382967357,62316.724725251406,-0.0914584637010911,1.2616726929509983,1.2649832547195192,1.5,2.230607784867426,127345.47027393221,-0.0829926645087159,1.4274025469678449,1.4298132092873346,1.5,2.433069798231415,163000.10945574607,0.3143711124683505,0.8825828974765981,0.9369000839325267,4.0,3.2746436382967263,62316.72472525124,0.22487479629890786,1.261672692950998,1.2815563421670928,1.5,2.2306077848674253,127345.47027393214,0.3328018636600273,0.8003159443075052,0.8667541122881397,0.25,1.5800438077382464,51241.2752519891,-0.0020284787229271207,0.3222067033203537,0.322213088484158,1.75,3.5071871348692603,8305.494268416258,0.015683134230254706,0.4478873504880355,0.44816184512570517,2.5,2.947106027641574,16048.387318660823,10.094514461074048,4.8215381640713995,11.186887523901817,0.75,2.125449946808882,1859781.894080374,-3.478765645876596,2.6787791160394065,4.390634119516231,1.5,2.0210450185120283,574070.6197599532,5.766928815600771,3.7020874198240965,6.852949673551262,4.0,2.492253702682154,1096436.2748506628,3.25714066107409,4.8215381640714075,5.818607698893202,0.75,2.1254499468088754,1859781.8940803814,-0.22561759087660832,2.6787791160394145,2.6882635380188957,1.5,2.021045018512028,574070.6197599565,-0.4522187843992056,3.702087419824095,3.7296049513297413,4.0,2.4922537026821487,1096436.274850662,0.09555230126330161,0.8755380719340792,0.8807367130321965,1.5,3.963755034937336,61325.3707033443,-0.015441964068302703,3.1643250055665875,3.164362683876213,1.75,1.8978828978347548,801036.6315350116,0.04570668162723205,1.91093958693129,1.9114861248898725,1.5,2.026424139484341,292135.2263511016,9.012593198729942,4.66183792184879,10.146899475967063,0.75,1.9072511615083967,1738618.7844820349,2.9621581844807365,2.50932445399054,3.8821502193090285,0.75,1.8625193641485904,503736.7805588992,7.286564223081078,3.6590764792501287,8.153702156571986,0.75,2.2713200506864606,1071111.3438819111,2.3798609037299667,4.661837921848805,5.234163804342581,0.75,1.9072511615084042,1738618.784482046,0.6483617744807484,2.509324453990535,2.591733436525199,0.75,1.862519364148583,503736.78055889707,0.25171021808111826,3.659076479250136,3.667723914758037,0.75,2.2713200506864624,1071111.3438819156,0.37346700822248524,1.424054103963582,1.472211838441117,0.75,3.0439159920855747,162237.03978287507,0.11367510405352353,2.960500770375152,2.9626823725592732,1.5,2.4569786292608127,701174.5029883786,0.19584984414439213,1.4113966645735954,1.4249202455649412,1.5,2.0040422431540565,159363.32715048795,4.0,CIPN_12_4,CIPN_12,neuro,gait_full,4.0,0.5
9.279655443644854,1.0565001027160104,9.339603718563572,1.5,2.00586996847386,89295.43856897141,-0.8309948263905079,0.914247294986734,1.2354758265050556,0.75,1.074412589552274,66867.86291919336,2.5383299361251384,0.710364223734173,2.6358558752311367,0.25,1.3844397129773183,40369.38830007321,-0.3228115236449047,1.0565001027160121,1.1047170437885392,1.5,2.0058699684738404,89295.4385689717,0.16636732639051008,0.9142472949867336,0.9292611062994545,0.75,1.0744125895522745,66867.8629191933,-0.9723600488748417,0.710364223734174,1.2042015591292596,0.25,1.3844397129773212,40369.388300073304,0.7523341275944615,0.8044435004644294,1.1014245253229036,0.25,0.35833507785465263,51770.350283616994,-0.04890421783167368,0.17418245865411966,0.180917526581926,1.5,2.7770487603610436,2427.1656692845245,0.2267577388200391,0.2690487740332336,0.35186121542955406,0.25,0.6811235881121455,5790.983290459265,9.796782327219551,1.0287895120142827,9.850652355400221,1.5,2.2276497055159417,84672.77332384422,0.45054834052377457,1.0356296093490072,1.1293903199997353,0.75,2.202794706062472,85802.35134010568,-0.21240678890333808,1.0349262215977317,1.0564984278846725,1.5,2.1108723053992504,85685.81822847485,-0.01011541221959864,1.0287895120142945,1.0288392399179682,1.5,2.227649705515916,84672.77332384614,0.04215400447622379,1.0356296093490056,1.0364871672402682,0.75,2.202794706062467,85802.35134010544,0.10392647109666012,1.0349262215977313,1.0401312395775646,1.5,2.1108723053992575,85685.81822847475,0.7932518122616813,0.8847402956771399,1.188281880889932,0.25,0.6915245013764327,62621.24995363835,0.011963840220085011,0.26873815652452515,0.2690043312755613,1.5,3.0343531751758523,5777.634175496316,0.04513042909984012,0.33038149609313716,0.33344967924932134,2.25,2.812381199939508,8732.15463722053,9.490853010089824,4.270155242180419,10.407233861668143,0.75,1.9027898485006267,1458741.0266849669,-3.617849246006565,2.5647878940363644,4.434745777181118,0.75,1.9978971335806,526252.3549061343,5.4441799309418775,3.4398896381397646,6.439870793971849,0.75,2.4922987552890636,946629.2066578133,2.6534792100898597,4.270155242180417,5.027442462196857,0.75,1.902789848500619,1458741.0266849652,-0.36470119100658926,2.5647878940363675,2.5905875588594047,0.75,1.9978971335806008,526252.3549061355,-0.7749676690580987,3.439889638139759,3.5261048780015924,0.75,2.492298755289062,946629.2066578105,0.5858106736960399,1.3271573463352815,1.4506966489752138,0.75,2.1187242076313937,140907.76819384136,0.06091489985817675,2.7024797971560153,2.703166232228634,1.5,1.7638644661994833,584272.0835096795,0.33691111100305726,1.7993240149257173,1.8305944409960708,1.5,1.9559781394158884,259005.36045765778,7.784083035524889,3.4946321545756183,8.532549595504276,0.75,1.8715309088135657,976996.3680070468,2.64345174817469,2.08033750584194,3.3638729588289285,0.75,1.992246142856061,346224.8622637362,7.291581379996488,2.6331028721025733,7.752444114999237,1.5,2.0834881824346083,554658.5473506129,1.1513507405249086,3.4946321545756134,3.67941060816825,0.75,1.8715309088135785,976996.368007044,0.32965533817470083,2.080337505841937,2.1062945615938258,0.75,1.9922461428560503,346224.8622637351,0.2567273749965221,2.633102872102579,2.6455887208988957,1.5,2.0834881824346065,554658.5473506153,0.6006694382321028,1.5263970169489702,1.640332779461773,0.75,1.7138891956738753,186391.0319014459,0.20370988066847154,2.2173731752861916,2.226710918363839,1.5,1.9320487677134057,393339.50420348137,0.4760669032918301,1.3237465409466627,1.4067496582825698,0.5,1.925684388942416,140184.40205830848,4.0,CIPN_12_4,CIPN_12,neuro,gait_full,4.0,0.5
9.18429616133525,1.2927210328681518,9.274827418768348,1.5,2.1386935478576725,133690.7071445771,-0.6289068338210838,0.8620851799612527,1.0671057413094944,0.75,1.4520459063397921,59455.72325429355,2.7465889751058152,0.7374976993274994,2.843880070376767,0.25,1.9391144926756978,43512.5800906488,-0.22745224133530667,1.2927210328681586,1.3125784513346903,1.5,2.1386935478576525,133690.70714457857,-0.035720666178913306,0.862085179961254,0.8628249089479819,0.75,1.4520459063397968,59455.723254293734,-0.7641010098941627,0.7374976993275022,1.0619572542407902,0.25,1.939114492675717,43512.580090649135,0.41514651955618304,0.6584430061264662,0.7783918197260746,0.25,1.1276449772891752,34684.50618515038,-0.024435568873468216,0.16288360609901817,0.16470630273911843,3.25,3.2431150833921527,2122.4857901771425,0.12044666703962985,0.20286814768479536,0.23592983055564506,0.25,1.3540518857408999,3292.4981410375754,9.765349096759778,1.2344770465163755,9.843067436524185,1.5,2.10381559847302,121914.89000640679,0.39225990013755535,0.9095703595458021,0.9905483674309926,0.75,2.3772808505622147,66186.10901143923,-0.25052658722078486,1.0775059324418133,1.1062470815110859,1.5,2.1737638991400776,92881.85946515079,0.021317818240175215,1.234477046516373,1.2346610983384503,1.5,2.103815598473063,121914.89000640629,0.10044244486244289,0.9095703595458019,0.9150994064549622,0.75,2.377280850562215,66186.10901143918,0.06580667277921336,1.077505932441811,1.0795135722303668,1.5,2.1737638991400803,92881.85946515035,0.45588841025683025,0.7516894485995115,0.8791309741684328,0.25,1.1016570732726398,45203.38103809882,-0.023835296449968398,0.27734338034804745,0.2783657162434692,1.5,2.742053603112712,6153.564787969234,0.041396065872205956,0.38095647921030085,0.3831989996359651,2.5,2.8438608409665576,11610.26054314242,9.465140935487144,4.372007287862776,10.426089422873739,0.75,1.9414644525782516,1529155.8217031797,-3.4061406228459132,2.8080543539261837,4.414404059123377,0.75,2.010845782138564,630813.5455789289,5.614790965969485,3.268669439039889,6.49692831215228,0.75,2.681975658694481,854735.999102794,2.6277671354871712,4.372007287862766,5.100941858468061,0.75,1.9414644525782623,1529155.8217031725,-0.15299256784593987,2.808054353926181,2.812219049153155,0.75,2.0108457821385675,630813.5455789277,-0.6043566340304803,3.2686694390398854,3.3240708239762236,0.75,2.6819756586944914,854735.9991027919,0.41285653779392767,1.30122938108578,1.3651550911893018,0.25,1.8738352707788568,135455.83938887686,0.00023980210155780668,2.4911274243134147,2.491127435855387,1.5,1.7539156551783972,496457.2732022502,0.14181635047999522,1.6373876241977716,1.643517602321158,1.5,1.9999620633753608,214483.0597856019,8.001508379959777,3.521391436821607,8.74210123516578,0.75,2.367506144667788,992037.2236135341,2.6424065753624046,2.154301975082159,3.4093004428124787,0.75,1.9660534589760477,371281.42735187686,7.715688828453882,2.853286320849991,8.226365961120239,0.75,1.9337350071156567,651299.9570724117,1.3687760849597952,3.5213914368215797,3.7780610929520737,0.75,2.3675061446677796,992037.2236135188,0.32861016536241616,2.15430197508216,2.1792204203848704,0.75,1.966053458976055,371281.4273518772,0.680834823453917,2.853286320850004,2.9333903397906798,0.75,1.9337350071156447,651299.9570724177,0.35527316993894276,1.148007185398999,1.2017235634729797,0.75,2.90486456252932,105435.31021732796,0.19185147992223456,2.610829574959033,2.6178689921058154,1.5,1.9294483645104148,545314.5600035794,0.16839666096540803,1.2545263496790067,1.2657779416087294,1.75,3.0289707883579857,125909.11996028373,4.0,CIPN_12_4,CIPN_12,neuro,gait_full,4.0,0.5
9.087829013647003,1.5895731519821772,9.225799639423503,1.75,2.192264271668918,202140.50843923335,-0.54579342728623,0.6153982974334948,0.8225603502192975,2.5,1.778541332031492,30297.205197839656,3.065478151495079,0.6736528948388197,3.1386246223494787,1.75,2.873166875360519,36304.97997285227,-0.1309850936470502,1.5895731519821825,1.5949607832985413,1.75,2.1922642716688996,202140.5084392347,-0.11883407271376648,0.6153982974334942,0.626766783837325,2.5,1.7785413320314944,30297.205197839587,-0.44521183350489985,0.6736528948388227,0.8074786680882168,1.75,2.873166875360512,36304.9799728526,0.02801939648763503,0.146394889617951,0.14905217303274498,0.75,1.7092689841069346,1714.5180849299654,-0.01454749361446314,0.16999347006183702,0.1706147984030914,3.25,3.384348506852002,2311.8260072882363,0.0005950080245351219,0.08118454621268342,0.08118672661407524,0.75,2.7714800604681122,527.274590148583,9.802976559603032,1.5190101010812718,9.919966790030772,1.75,2.1405603852989086,184592.26780362724,0.07333854128440612,0.7122205569602909,0.715986496656572,2.5,3.5067214855046225,40580.72808814666,-0.23270538830850476,1.2288914174200227,1.250730152173683,1.75,2.28922668120284,120814.04157162046,-0.016309644603079137,1.519010101081266,1.5190976570629016,1.75,2.1405603852989237,184592.26780362581,0.419363803715591,0.7122205569602899,0.8265132313663431,2.5,3.5067214855046163,40580.72808814655,0.08362787169149423,1.2288914174200225,1.2317336305923619,1.75,2.289226681202839,120814.04157162043,0.0060024871535576015,0.29459039783557633,0.29465154394462584,2.5,3.393702009913263,6942.694047942491,-0.015317654208495686,0.33892346521160893,0.3392694295121441,1.75,2.951163467957536,9189.563090506786,0.009661049595773631,0.47571948097963945,0.475817570569677,2.5,2.823355109126647,18104.782963465193,10.796292058462502,5.595592165199507,12.160204516818892,0.75,2.199130335627078,2504859.7561800955,-3.1739010857400176,3.2380990004789356,4.534195985945506,0.75,2.130047376614042,838827.386132781,5.420594104572194,4.322177638669113,6.9328248201389115,0.75,2.7627165566193645,1494500.2680681827,3.9589182584625315,5.595592165199495,6.854464636748079,0.75,2.199130335627085,2504859.7561800857,0.07924696925996398,3.238099000478935,3.2390685727597015,0.75,2.1300473766140477,838827.386132781,-0.7985534954277657,4.322177638669113,4.39532788597975,0.75,2.7627165566193717,1494500.2680681832,-0.15013210321829407,0.7998482409127406,0.8138162304279476,2.5,5.295922840709042,51180.78530544316,0.20206783261308076,3.2841337173009597,3.2903443105684196,1.75,2.0645071034510596,862850.2804894187,0.054202923500026416,1.8603093998245275,1.8610988743189985,1.75,2.1553214100433378,276861.2321267515,9.139691151184373,4.5607709609209035,10.214430287442237,0.75,1.8378312045779783,1664050.6128187752,2.868889053262565,2.3179485035449,3.6882800415662333,0.75,1.8377528579640297,429831.01042990584,7.434325132401147,3.5459979287660546,8.236703921172868,0.75,2.2512144394757105,1005928.8468341824,2.5069588561843954,4.560770960920893,5.204370707835929,0.75,1.837831204577979,1664050.612818768,0.5550926432625803,2.3179485035449066,2.383487593357748,0.75,1.8377528579640292,429831.0104299084,0.3994711274011944,3.5459979287660675,3.5684280141878193,0.75,2.2512144394757145,1005928.8468341897,0.057121032220362335,0.8415286635102931,0.843465057860336,2.5,5.153238406754067,56653.65075214823,-0.06505564612529433,2.9819185745210266,2.9826281401083663,1.75,2.081969656968488,711348.8607458918,-0.006676467330148377,1.1228122177030406,1.1228320673365322,1.75,2.088947989793886,100856.84324421502,4.0,CIPN_12_4,CIPN_12,neuro,gait_full,4.0,0.5
9.19055174813647,1.6215556874263934,9.332506859499176,1.75,2.1106294369751017,210355.47090058084,-0.6940079410326583,0.6415674447084231,0.9451221129177356,2.5,1.9093223815515437,32928.88619813507,3.1592715944779104,0.7157611166586256,3.23933804716263,1.75,2.7334344274191533,40985.14766292999,-0.23370782813651197,1.6215556874263923,1.6383107752673682,1.75,2.1106294369751097,210355.4709005806,0.02938044103266206,0.641567444708422,0.6422398278096493,2.5,1.909322381551539,32928.88619813498,-0.3514183905220716,0.7157611166586306,0.7973762357366396,1.75,2.7334344274191387,40985.14766293054,0.0006082830165241359,0.12415703787799708,0.12415852795062687,0.75,2.006779235234487,1233.2003367313357,-0.011050432613204802,0.16602773791054792,0.16639507750120666,3.25,3.7178634530629355,2205.2290984458227,-0.005730500349003951,0.07646311603510529,0.0766775504828363,0.75,3.51318002325953,467.7370655623485,9.940586912988861,1.5470039179992399,10.060243003873733,1.75,2.108274062957445,191458.67673305795,0.18499115144425438,0.7532857305752944,0.7756681751889953,2.5,3.4534322534084407,45395.15616341748,-0.15724556272914833,1.2839409857417956,1.2935341595279268,1.75,2.502021457385776,131881.41794729073,-0.15391999798891065,1.5470039179992423,1.5546422379717826,1.75,2.1082740629574492,191458.67673305853,0.30771119355574206,0.7532857305752941,0.8137109871003673,2.5,3.453432253408436,45395.156163417436,0.1590876972708495,1.2839409857417967,1.2937593865516719,1.75,2.5020214573857786,131881.41794729093,0.0053473108606577535,0.30805799698178765,0.30810440314586807,2.5,3.1304709982293177,7591.987431453165,-0.01901346413838335,0.35253758401039725,0.35304993975134663,1.75,3.1644515762406273,9942.649612681987,-0.008784473904520867,0.49593940837568207,0.4960172010745199,2.5,2.713500610215248,19676.473677772574,10.396490592788217,5.269589458480509,11.65571060497226,2.5,2.214587910459685,2221489.2798454342,-3.454875670509142,2.859905396517089,4.484999974994823,0.75,2.0159922138097413,654327.0380340137,5.851429337144037,3.9441346481757584,7.0565872353801735,0.75,2.743641294022215,1244499.4513885383,3.5591167927882568,5.269589458480488,6.358921717212443,2.5,2.214587910459686,2221489.279845415,-0.20172761550915758,2.859905396517093,2.8670111454067637,0.75,2.0159922138097413,654327.0380340155,-0.36771826285593207,3.944134648175761,3.96123905410647,0.75,2.743641294022219,1244499.4513885397,-0.0728107149004051,0.912836221216085,0.9157354241091524,1.75,5.027644341522831,66661.59779508383,-0.16405526369147516,3.352199270381972,3.356211268364122,1.75,1.8524457293673962,898980.0086778785,-0.24857900142082354,1.9484892114819543,1.9642814786096574,1.75,2.1466641156115056,303729.0918764415,9.653652523304537,4.9108979258052265,10.830970661874314,0.75,1.9928620061070708,1929372.110258834,2.8884525193950124,2.6279348411088814,3.9050223412822307,0.75,1.7275271723543293,552483.8047979777,6.990391786849591,4.019192151408191,8.063465934918769,0.75,2.153184069226474,1292312.7139733497,3.020920228304572,4.910897925805225,5.765663662013057,0.75,1.9928620061070603,1929372.1102588323,0.5746561093950247,2.6279348411088863,2.6900318163878683,0.75,1.7275271723543224,552483.8047979798,-0.0444622181503612,4.019192151408197,4.019438075003035,0.75,2.1531840692264814,1292312.713973353,0.033438266421595184,0.8997289646624294,0.9003501138522773,2.5,5.241791322745679,64761.343542331655,-0.10044045404705088,2.961737779329594,2.963440392232881,1.75,2.16187750122269,701752.159727157,-0.00011167088021595716,1.1399515016275916,1.1399515070972914,1.75,2.2663121375069393,103960.25033615627,4.0,CIPN_12_4,CIPN_12,neuro,gait_full,4.0,0.5
9.168203985164979,1.5151423017625214,9.292557264186497,1.75,2.323063193630348,183653.59334932867,-0.7746264413700602,0.6248062240926947,0.9952029648944049,0.75,1.7002148325513868,31230.639674125,3.0544878783058085,0.72731005306015,3.139884729094283,1.75,3.285446307806773,42319.07093221226,-0.21136006516503167,1.515142301762523,1.5298134761260282,1.75,2.3230631936303316,183653.59334932902,0.10999894137006425,0.624806224092694,0.6344151517480526,0.75,1.7002148325513857,31230.639674124937,-0.4562021066941726,0.7273100530601506,0.8585454416829433,1.75,3.2854463078067404,42319.07093221232,0.006900477263322484,0.13498172219099944,0.135157988709916,0.75,1.7811901762844884,1457.6052521231854,-0.03118302740940865,0.15441222867175655,0.15752941808371784,3.25,4.125618103521006,1907.4509687795826,-0.005574172363410974,0.07571135191405176,0.07591627102400647,0.75,3.1891666421963536,458.57685536855803,9.892368886470184,1.5103566685915628,10.007004519453476,1.75,2.271897480877284,182495.6365896102,0.16390166810566587,0.6790560377768359,0.6985562677759003,2.5,3.5275204391358708,36889.37301424437,-0.028720329153366652,1.2198659499602267,1.220203996542809,1.75,2.102901609979853,119045.84394195335,-0.10570197147023404,1.5103566685915786,1.5140509149733854,1.75,2.2718974808773225,182495.63658961406,0.3288006768943302,0.6790560377768352,0.7544713298511377,2.5,3.5275204391358703,36889.37301424431,0.28761293084663114,1.2198659499602287,1.2533132624617678,1.75,2.102901609979856,119045.84394195375,-0.009022331811941271,0.3071425220535373,0.3072750092746438,2.5,3.0166007626874127,7546.924503661493,-0.03799000654964078,0.3592540557426622,0.3612571344142474,1.75,2.870943856457393,10325.144966396356,0.02641949063348476,0.4753974570274872,0.47613100259648533,2.5,3.033492920700322,18080.344532070914,9.946711595773097,4.766527804671448,11.029816810908194,0.75,2.188518965542943,1817588.1025830517,-3.2849620971574724,2.8672794477420513,4.360305885050403,0.75,1.993879144631872,657706.6267462316,5.979012833858096,3.6467742014045457,7.003396072154536,0.75,2.815421763785401,1063918.5166234886,3.109337795773147,4.766527804671447,5.6910252890783575,0.75,2.188518965542943,1817588.102583051,-0.03181404215749309,2.867279447742058,2.8674559394561583,0.75,1.9938791446318698,657706.6267462346,-0.24013476614186557,3.6467742014045363,3.654671911668639,0.75,2.8154217637853947,1063918.5166234833,-0.032566145986515506,1.0086762645733685,1.0092018433287262,2.5,4.32117465244409,81394.49924067686,0.053394266212082826,3.063937932529089,3.064403139610544,1.75,1.905005621737154,751018.5955496306,-0.15442211173038894,1.7360605499380748,1.7429149209420876,1.75,2.0372156528760836,241112.53117021962,8.777561176257707,4.537042313597806,9.880806301022375,0.75,1.7408604092164526,1646780.3741832657,3.1384615046930695,2.6000488215495823,4.075560635161947,0.75,1.667704540854365,540820.3403475145,7.5308945357389,3.765554864536561,8.4198441758893,0.75,1.9358258804523434,1134353.0081899755,2.1448288812577427,4.537042313597794,5.018470273425375,0.75,1.7408604092164508,1646780.3741832583,0.8246650946930799,2.6000488215495814,2.7276961694526234,0.75,1.6677045408543572,540820.3403475143,0.49604053073894006,3.7655548645365644,3.798086313654648,0.75,1.9358258804523434,1134353.0081899783,0.08535984424653062,0.8090793700548913,0.8135697450484572,2.5,4.897512401389613,52368.8540845819,-0.023410535068564275,3.036658591394618,3.0367488295614673,1.75,2.5510288477937215,737711.5594929184,0.01321118804632559,1.2095384861439036,1.2096106336143384,1.75,2.5230866012133792,117040.21525240173,4.0,CIPN_12_4,CIPN_12,neuro,gait_full,4.0,0.5
8.945136473467457,1.3669283839180066,9.048975618030942,1.75,2.2481656560717798,149479.52982375832,-0.7276482651987215,0.6060055541837241,0.9469502254861294,0.75,1.7134690358535345,29379.45776840402,3.4201332107378746,0.7963605522324377,3.5116237424223162,1.75,2.158765115588543,50735.33946874571,-0.33466893846749834,1.3669283839180004,1.4073011423059525,1.75,2.2481656560717513,149479.52982375698,-0.06551966480127333,0.606005554183725,0.609537167182769,0.75,1.7134690358535383,29379.457768404114,-0.7251607692620987,0.7963605522324344,1.0770553701777577,1.75,2.158765115588526,50735.33946874529,0.004859860389742947,0.13649991268370504,0.1365863990508092,0.75,2.28828530107886,1490.578237279589,0.03126873576611986,0.184936866730716,0.18756166589307643,3.25,3.3315007671211583,2736.1328531765894,0.004628966771871503,0.08967535548913275,0.08979474770540548,1.75,2.9269982447610223,643.3347470578688,9.781412417984868,1.3890309721795713,9.879546342438134,1.75,2.1793550318151924,154352.76151732527,0.3445260037083892,0.9806368659994468,1.0393973398986982,2.5,3.222304981785361,76932.02766129065,6.004940111085766e-05,1.2196705289470888,1.2196705304253284,1.75,2.255011774759945,119007.88364759408,-0.02968381798492107,1.3890309721795686,1.389348109986939,1.75,2.1793550318151773,154352.76151732466,0.19854578629160827,0.9806368659994483,1.0005344033122363,2.5,3.2223049817853577,76932.0276612909,-0.5973395205988861,1.2196705289470873,1.3580908298237546,1.75,2.2550117747599496,119007.88364759376,0.0010945801901255281,0.3458785215241209,0.34588025349462265,4.0,3.294645896825962,9570.567837526514,-0.03725944052807922,0.293638607830496,0.29599307072480147,1.5,3.01233712609146,6897.901204565895,0.026176636676597958,0.3910257448660269,0.39190094342286264,2.5,2.969893851392984,12232.103321101295,10.019550765344173,4.841795432825462,11.128089708150204,0.75,2.0014186094409054,1875438.6411462713,-2.6432938012057865,2.3778830613272812,3.555464804050258,0.75,2.1484767538051326,452346.2319350012,6.079411043739513,3.761326007261554,7.148902850902654,0.75,2.5222541666391476,1131805.8938436792,3.1550228853441986,4.8417954328254345,5.779026944077598,0.75,2.001418609440908,1875438.641146251,0.6624505687941965,2.3778830613272883,2.4684344450365683,0.75,2.148476753805127,452346.231935004,-0.07834557626045069,3.7613260072615557,3.7621418583330613,0.75,2.52225416663916,1131805.8938436802,-0.011778545952049333,0.6539424709882528,0.6540485375772707,1.75,5.151055663842114,34211.2692250688,0.019218826032929962,3.079469257830699,3.079529229151501,1.75,1.8887702052332376,758650.5286883196,-0.0337416067069519,1.7622378282437767,1.762560824288487,1.75,2.1296533952006547,248438.59066162334,8.834184660730177,4.914218921666976,10.109023999870118,0.75,2.598958054749611,1931996.2630784954,3.4601743130463456,2.1849825275506296,4.092304353584577,0.75,2.138469828440853,381934.51059216703,7.422641972028347,3.764971294555066,8.322897493886401,0.75,2.392400716890173,1134011.7077578045,2.2216511557302194,4.914218921666989,5.393077179850783,0.75,2.598958054749621,1931996.2630785063,0.940122653046361,2.184982527550636,2.3786507201505,0.75,2.138469828440848,381934.5105921691,0.44415622702839225,3.7649712945550715,3.7910794772507455,0.75,2.3924007168901706,1134011.7077578073,0.07790510496594592,0.7958906320702055,0.799694381371325,2.5,5.074005606127153,50675.6771819511,0.10931911759967523,3.001102620336634,3.003093006762225,1.75,1.9806646534911032,720532.2172565907,-0.13581743784911676,1.4345331434930517,1.4409482003888812,0.75,2.2806614261980798,164633.45405531992,4.0,CIPN_12_5,CIPN_12,neuro,gait_full,4.0,0.5
9.034005822899903,1.6572009805547,9.184746937076754,1.75,2.280421643744135,219705.64727597215,-0.6444826393044712,0.6460480929139455,0.9125437034589648,0.75,1.9147870277137893,33390.520957701236,3.3369507285201765,0.8142705409055258,3.434861959141577,1.75,2.3152303951853543,53042.977941013465,-0.42353828789994113,1.6572009805546908,1.7104677054152886,1.75,2.2804216437441283,219705.6472759697,-0.14868529069552477,0.6460480929139454,0.6629369909930797,0.75,1.9147870277137904,33390.52095770122,-0.8083432514798023,0.8142705409055239,1.1473688709388594,1.75,2.3152303951853255,53042.97794101318,0.0026856283104811896,0.12321098289784357,0.12324024872611528,0.75,2.5486658827978945,1214.476621527739,0.016452003697836472,0.16849054382572828,0.1692918538629762,3.25,3.9088813781009653,2271.1387986626364,0.010642677063548506,0.08400023251752657,0.08467175230309995,3.5,3.1815182280011203,564.4847699225743,9.819632578702942,1.5824552058978325,9.946323363906751,1.75,2.1258406237780485,200333.32498723024,0.21429685117472622,0.9365832232394294,0.9607867996995804,2.5,3.685549176578703,70175.43304200076,-0.004789615783276355,1.1873870031862734,1.1873966631901198,1.75,2.342673444514807,112791.57160858472,-0.06790397870300816,1.5824552058978412,1.5839114334447104,1.75,2.1258406237780423,200333.32498723245,0.32877493882527004,0.9365832232394308,0.9926132653018099,2.5,3.6855491765786974,70175.43304200094,-0.6021891857832736,1.1873870031862712,1.3313600980989313,1.75,2.3426734445148023,112791.57160858427,-0.010507754890767882,0.36096598820140985,0.36111889669617786,2.5,3.5944251129549105,10423.79614880266,-0.026172040693305972,0.3397831136781529,0.3407895832546421,1.75,3.036167041199083,9236.24499472613,0.0289174630081369,0.4532861602310374,0.45420762072407445,2.5,2.728198799827634,16437.487898846994,10.908328831364534,5.415943442912641,12.178837435075943,2.5,2.1011266899353687,2346602.85271113,-2.2792800906576804,3.0738756809507417,3.8267256804752634,0.75,2.1633801007569193,755896.941085273,5.869254369786308,4.242411580619735,7.241975067385424,4.25,2.7245248106716,1439844.853692985,4.043800951364565,5.415943442912606,6.759050932718662,2.5,2.10112668993536,2346602.8527111,1.0264642793423042,3.073875680950748,3.240731494386127,0.75,2.1633801007569153,755896.9410852763,-0.2885022502136594,4.242411580619738,4.252209962802262,4.25,2.724524810671605,1439844.8536929865,-0.04842966515883559,0.8547945342426626,0.8561653626715621,2.5,4.542240424643655,58453.89862284173,0.21862740047719928,3.3543910735739355,3.3615082053613845,1.75,1.9994492006199127,900158.845698131,0.015398660554282025,1.9936820345102273,1.9937415011670159,1.75,2.4435022662952566,317982.8002286595,9.284961499363177,5.24008633823396,10.661567186713345,0.75,1.9239849807090164,2196684.007542057,3.5588761242794202,2.2269383293283753,4.198196468794423,1.75,2.070782809011465,396740.9410975654,7.167878770303848,4.170261305224375,8.292741731154077,0.75,2.272854333554468,1391288.1210417026,2.672427994363218,5.24008633823398,5.882208447275786,0.75,1.92398498070902,2196684.007542074,1.0388244642794333,2.2269383293283727,2.4573177633788625,1.75,2.070782809011465,396740.9410975644,0.18939302530388724,4.170261305224385,4.174559745875672,0.75,2.2728543335544673,1391288.1210417096,0.08477623473810925,0.8440752010565546,0.8483218463620008,2.5,5.356159472690664,56997.50831735406,-0.2416465533809398,3.2383911553264517,3.24739439114769,1.75,2.1971024832743904,838977.2420588443,0.062128582729272755,1.4089163633680086,1.4102855312872222,1.75,2.1297773650374334,158804.1046323231,4.0,CIPN_12_5,CIPN_12,neuro,gait_full,4.0,0.5
9.20713581957209,1.647749349907866,9.353417980619128,1.75,2.178962123601859,217206.28216492225,-0.6870022277967913,0.6627660782186181,0.9545841688583786,0.75,1.7301165910708067,35140.800710766736,3.1445775550891675,0.7498012908654909,3.232734133168721,1.75,2.357126021661073,44976.15841262963,-0.596668284572122,1.6477493499078533,1.752452841572632,1.75,2.1789621236018535,217206.28216491887,-0.10616570220320382,0.6627660782186175,0.6712153385923075,0.75,1.7301165910708045,35140.800710766685,-1.0007164249108085,0.7498012908654902,1.2504540530822494,1.75,2.357126021661061,44976.15841262955,-0.0011032699795590585,0.13146592365933465,0.13147055293201515,0.75,2.4810447163047136,1382.6653973861569,0.031009138288441065,0.17456353530266316,0.17729634659167623,3.25,3.7722886458814493,2437.8006792997585,0.003694669302156278,0.0825354964314255,0.08261815026030388,0.75,2.912179302265748,544.9688206804266,9.9577594525076,1.520766505480724,10.073217166238228,1.75,2.071566296975364,185018.72560374014,0.19364287992765675,0.853169712251139,0.8748692032809066,2.5,4.2058787322278315,58232.937747293436,-0.026554591951351833,1.307673856875392,1.3079434476723624,1.75,2.267870336741227,136801.19901766127,-0.2060308525076749,1.520766505480735,1.5346594007717562,1.75,2.0715662969753583,185018.72560374285,0.34942891007233956,0.8531697122511396,0.9219539690771092,2.5,4.205878732227836,58232.93774729348,-0.6239541619513482,1.3076738568753916,1.448906384888883,1.75,2.267870336741227,136801.19901766127,-0.009781062587705693,0.33645648516461524,0.3365986268460874,2.5,3.6783577957946614,9056.274626786148,-0.029917233342787116,0.33474706966004686,0.3360813019149905,1.75,3.1306305255514886,8964.449374061636,-0.016074002284044535,0.5080733651721292,0.5083275695324415,2.5,2.648830924142081,20651.1027178796,10.438891165512281,5.173976346085376,11.650771648060969,2.5,2.137973431661914,2141602.562821919,-2.896881552254229,3.0615778787282064,4.214876253854764,0.75,2.0819877513006206,749862.5305347536,6.260396963006835,3.819699303761723,7.333667084452566,0.75,2.756741600616555,1167209.5417878681,3.5743632855123133,5.173976346085339,6.288569322721104,2.5,2.137973431661914,2141602.5628218874,0.4088628177457557,3.0615778787282086,3.0887583122110605,0.75,2.081987751300621,749862.5305347549,0.10264034300687275,3.8196993037617295,3.821078095403234,0.75,2.756741600616559,1167209.5417878719,-0.023416307078241775,0.9139760299087148,0.9142759466839748,2.5,4.330035509888164,66828.60244965953,-0.1711348532153127,3.3954051918615926,3.3997152167359084,1.75,1.930654183286632,922305.3899325927,-0.20405762452574552,2.037619885893641,2.047812079639219,1.75,2.3702645280060097,332152.35994791775,9.882017623119056,5.324325177941305,11.225092912938198,0.75,2.2326760882355488,2267904.754160098,3.514300560035498,2.492527152559376,4.308480014171073,0.75,2.030298799340955,497015.4894978982,6.713171886116323,4.41899608891053,8.037051897701618,0.75,2.387564020157577,1562206.6172716594,3.269484118119099,5.3243251779413185,6.248036891623871,0.75,2.2326760882355603,2267904.7541601085,0.9942489000355065,2.4925271525593686,2.683509359303136,0.75,2.0302987993409642,497015.48949789506,-0.2653138588836416,4.418996088910532,4.426953566226136,0.75,2.3875640201575705,1562206.6172716606,0.01708498733396133,0.9060812224722018,0.906242284661735,2.5,5.487238133790555,65678.66100767288,-0.11342094862577255,3.115661644022505,3.1177254195358817,1.75,2.100134859162824,776588.2355018328,0.027966296163302998,1.3090812554636135,1.3093799475810235,1.75,2.281398751089308,137095.94792792198,4.0,CIPN_12_5,CIPN_12,neuro,gait_full,4.0,0.5
9.0984893576992,1.4265469157725152,9.20964411337733,1.5,2.3624719360475788,162804.06712838207,-0.8101653753035746,0.6370655873835123,1.0306408190873682,0.75,1.4916575410154578,32468.20989306629,2.987177018964819,0.6798722678807885,3.06356864510409,1.5,2.465221511793732,36978.29787034899,-0.48802182269923905,1.4265469157725015,1.5077139656880294,1.5,2.3624719360475948,162804.06712837896,0.01699744530357953,0.6370655873835128,0.6372923001065903,0.75,1.4916575410154622,32468.20989306634,-1.1581169610351538,0.6798722678807912,1.342930078623109,1.5,2.4652215117937444,36978.29787034928,0.17734011024368054,0.39223478958221897,0.43046212941424744,0.25,1.1372442640484355,12308.03504980147,0.020822579978371576,0.1805419794267953,0.1817387855475574,3.25,3.541322413507859,2607.6332866517346,0.05043209282140839,0.14936490435819366,0.15764920120406412,0.5,1.6530836150224304,1784.8242585469748,9.829872932003651,1.3698072590370287,9.924856360988233,1.75,2.2710843204057105,150110.49509651333,0.18646714637780554,0.8515255982825689,0.8717028399682822,4.0,3.50072409655676,58007.91866665152,-0.08296149294483547,1.194049493301983,1.1969280687519857,1.5,2.4888938894024375,114061.37420550553,-0.07814433200371791,1.3698072590370332,1.372034425054582,1.75,2.271084320405696,150110.49509651432,0.356604643622191,0.8515255982825694,0.9231807604057819,4.0,3.500724096556772,58007.91866665161,-0.6803610629448298,1.1940494933019843,1.3742799454354793,1.5,2.4888938894024384,114061.37420550578,0.0813546711374049,0.42548465599940216,0.4331925380322298,0.5,3.0448998227088,14483.415570376868,-0.023555027888381725,0.3168189382787999,0.31769337259522507,1.75,2.9805041754615336,8029.981511067877,0.0005384928943041967,0.4596804082127468,0.45968072362155316,2.5,2.741429606646649,16904.521180624957,10.17349090618245,5.046780893964783,11.35649217891973,0.75,2.072366285284521,2037604.4995392535,-2.7489973156341847,2.7158612980047714,3.864309618982945,0.75,2.2716948685576446,590072.5371408414,5.994981836965578,3.8238099609276066,7.110649045117919,0.75,2.731460818524027,1169721.963365335,3.3089630261824925,5.046780893964776,6.034835018484822,0.75,2.0723662852845233,2037604.4995392475,0.5567470543657995,2.7158612980047687,2.7723401437314905,0.75,2.2716948685576503,590072.5371408402,-0.16277478303438325,3.823809960927611,3.827272951760968,0.75,2.731460818524025,1169721.9633653383,-0.03104240090382929,0.8171596336375211,0.8177490431058185,3.25,4.583739049250356,53420.02666549189,0.012358949511700992,3.132476999841599,3.132501380393895,1.5,1.8379725964988172,784992.9954707563,-0.018423961015952485,1.821563637016671,1.821656807974795,1.5,2.0546930171632924,265447.5827297171,9.317903711689368,4.969026589812533,10.560045209684402,0.75,2.019551437317359,1975298.093914825,3.658755304865853,2.3517623020877334,4.349399534005242,0.75,2.7287182638049123,442471.0106111016,7.104351875918355,3.900259377523779,8.104556668246994,0.75,2.4020226287253585,1216963.7709766496,2.7053702066894094,4.969026589812533,5.657760440802233,0.75,2.019551437317354,1975298.093914825,1.1387036448658663,2.3517623020877334,2.6129354979317423,0.75,2.728718263804918,442471.01061110164,0.1258661309183932,3.9002593775237786,3.902289775871923,0.75,2.4020226287253497,1216963.7709766491,0.24628228843480823,1.1202149032462483,1.1469683496294425,0.75,4.632972236019819,100392.29011795216,0.22186035316140795,3.0356118535232404,3.0437084849827043,1.75,2.1421705484355704,737204.322217615,-0.04814319010716115,1.4001643800361527,1.4009918122086646,0.75,2.106145410494532,156836.96624454163,4.0,CIPN_12_5,CIPN_12,neuro,gait_full,4.0,0.5
9.224520147558914,1.054377483595805,9.284583126378596,1.75,2.2492891650556173,88936.95058871403,-0.7415905526260009,0.7469065953976677,1.0525331396173103,0.75,1.3868745704872363,44629.58978636064,2.5516086619312013,1.029580552651487,2.751498296935776,0.25,1.0858800043607393,84802.8961923662,-0.6140526125589634,1.054377483595798,1.2201526498370174,1.75,2.2492891650556244,88936.9505887128,-0.051577377373994746,0.7469065953976677,0.7486853064574693,0.75,1.3868745704872387,44629.58978636062,-1.5936853180687722,1.0295805526514894,1.8973320762128356,0.25,1.0858800043607422,84802.8961923666,0.7520385799960798,0.934992714905542,1.1999055807558177,0.25,0.4397889158977858,69936.91032691413,-0.01466772861728714,0.1632246352424065,0.16388234747161462,3.25,3.121289493458259,2131.3959360423064,0.21629086208176238,0.30030153688472333,0.37008478768438835,0.25,0.5628277080472831,7214.481141462253,9.748671725400794,1.0277291678677611,9.802694917833314,1.75,2.36871308164865,84498.38351633055,0.4090897992462561,1.1050404688997002,1.1783331030542306,0.75,2.1028256490272863,97689.53173584276,-0.1195456194415797,0.8254678147806797,0.8340792938123219,1.75,2.465675150276599,54511.99881116868,0.00305687459915188,1.0277291678677567,1.027733714037088,1.75,2.3687130816486084,84498.38351632985,0.1339819907537403,1.1050404688997022,1.1131332407903418,0.75,2.1028256490272903,97689.53173584309,-0.7169451894415757,0.8254678147806799,1.093346933915401,1.75,2.465675150276605,54511.99881116873,0.7623362936141672,0.9708797398017698,1.2344083982697693,0.25,0.5964183158234879,75408.67030672685,0.012536580858412427,0.24780215553976748,0.2481190725232033,1.75,3.022286050622115,4912.472682822362,0.058423876030875184,0.3176286745809714,0.32295715537286934,2.5,2.7812772214598556,8071.046616341294,9.227376911361285,4.456648276860616,10.247253218690755,0.75,1.8317866841883155,1588942.1809563048,-3.673937692911523,3.024108121604598,4.758471193834311,0.25,1.778589413530184,731621.5334885824,5.475479373516357,3.8993641874032683,6.722046967688207,0.75,2.1971316066764297,1216406.2533817657,2.36284903136133,4.4566482768606335,5.044280861396403,0.75,1.8317866841883184,1588942.1809563173,-0.3681933229115399,3.024108121604588,3.046439931164157,0.25,1.7785894135301856,731621.5334885779,-0.6822772464836012,3.8993641874032727,3.958603706747169,0.75,2.1971316066764217,1216406.253381768,0.6170710918084817,1.6861772391575642,1.7955418163325347,0.75,1.7788482443328684,227456.27811414772,0.19743749174603184,2.519845323732682,2.5275684003967984,1.75,1.9030646638430064,507970.725602728,0.4610010966156278,2.0426556694165416,2.094030609824114,0.75,1.8459385527459549,333795.48523449316,7.905950752949905,3.424619290832139,8.615803769539367,0.75,1.9250980553507986,938241.390036653,2.9151254323530775,2.276336671638602,3.698603105092303,1.5,1.6095481562303404,414536.6975089203,7.051280903864884,2.412698396505348,7.452628793768614,1.0,2.299590419194705,465689.0846321223,1.2934172479499382,3.424619290832127,3.6607301818672635,0.75,1.9250980553507993,938241.3900366463,0.39507377235309366,2.2763366716386058,2.310366189210712,1.5,1.609548156230338,414536.69750892156,0.07279515886492102,2.4126983965053515,2.4137963227359642,1.0,2.299590419194695,465689.0846321235,0.5684258422887944,1.257992162062281,1.3804536276137123,0.75,2.1113648642764553,126603.54598868794,0.23240983616222785,2.19563055596336,2.207896707326891,1.75,1.8553159327638022,385663.484809913,0.4396437950776891,1.5171447360345032,1.5795615900076563,0.75,1.8940782225554458,184138.2572066646,4.0,CIPN_12_5,CIPN_12,neuro,gait_full,4.0,0.5
9.17217714153329,1.0974076446045715,9.237593683102885,1.5,2.0170802974789814,96344.4783270981,-0.734941365233285,0.7476347068816113,1.048378016397195,0.75,1.331787322618726,44716.61242948833,2.6905646637509233,1.047397061464426,2.8872441556247774,0.25,1.0288174079726473,87763.43580250788,-0.5617096065333308,1.0974076446045662,1.2328102938037022,1.5,2.017080297478975,96344.4783270971,-0.058226564766711404,0.7476347068816092,0.749898651671332,0.75,1.3317873226187267,44716.612429488065,-1.454729316249053,1.0473970614644237,1.7925618505141592,0.25,1.0288174079726398,87763.43580250753,0.5943904368910677,0.9588637346606098,1.1281487725982096,0.25,0.513024296203225,73553.73145589292,0.01756030516314018,0.17089054474795853,0.17179040311285326,0.25,2.8256830236022545,2336.292588250724,0.1745957356737395,0.3007705587636295,0.3477737769505347,0.25,0.7402883509242847,7237.058114722227,9.75889548276519,1.0192899760803253,9.81198211876034,1.5,2.2249426224291153,83116.42931223637,0.35811615982152534,1.0701184069263967,1.128450525618206,0.5,1.923257904064535,91612.37776571047,-0.1790463853622593,0.9700199016092397,0.9864057064054779,1.5,2.1919265187607455,75275.11072009309,-0.007166882765244549,1.0192899760803347,1.0193151718415754,1.5,2.2249426224291344,83116.42931223792,0.1849556301784721,1.0701184069263983,1.0859843414973387,0.5,1.9232579040645261,91612.37776571073,-0.7764459553622564,0.970019901609238,1.2425002740910776,1.5,2.1919265187607433,75275.11072009281,0.6786427063781088,0.9887129845141102,1.1992119448483671,0.25,0.6490641542305776,78204.43872246332,-0.012367483971035532,0.22211736643697333,0.22246141043486733,1.5,3.1693068082434883,3946.9016636665583,0.059579886984321394,0.31511312382979145,0.32069618604347944,2.25,2.855720173213866,7943.7032196890195,8.66366263382317,3.6581979256224315,9.404332102586132,0.75,1.9598645697281762,1070592.9651091818,-4.308973222269151,2.635713575008596,5.051161874234203,1.5,1.59348372376013,555758.933942866,5.410247839957318,3.3961534384840166,6.387850958459318,0.75,1.7749259537934705,922708.6544470569,1.7991347538232094,3.6581979256224337,4.0766773143631045,0.75,1.9598645697281694,1070592.9651091832,-1.0032288522691735,2.6357135750085896,2.820186905066734,1.5,1.5934837237601314,555758.9339428635,-0.7475087800426451,3.3961534384840153,3.4774455501082464,0.75,1.7749259537934663,922708.6544470562,0.630140503379696,1.6543630290714457,1.7703090368514942,0.75,1.5835632145890377,218953.3665430205,-0.014730965675882373,2.042502593238423,2.04255571398565,1.5,1.9870727092122284,333745.37713338487,0.2808969861852443,1.9826374552590704,2.0024371140797697,1.5,1.8487700913886562,314468.1100816732,7.917361811004543,3.2142720927766617,8.544949568766103,0.75,1.9160401869298276,826531.0489806347,2.6231200984579943,2.373860413724051,3.53779201123814,0.75,1.5971301651538625,450817.5330530164,7.1891621115743884,2.0311865194912953,7.470593720947477,1.0,2.630137150129914,330068.2652742301,1.304828306004576,3.2142720927766635,3.4690232046721223,0.75,1.9160401869298378,826531.0489806351,0.10306843845800834,2.37386041372406,2.376096876571395,0.75,1.597130165153865,450817.5330530198,0.2106763665744224,2.0311865194912904,2.0420830561943712,1.0,2.630137150129937,330068.2652742285,0.3951007351934254,1.0966016596914896,1.1656070482750673,1.25,2.3780335963265293,96204.13009070394,0.309975582123903,2.001500319336256,2.0253612985875358,1.5,1.8071166892054378,320480.93941249803,0.3599820296553482,1.5214249344003645,1.5634324074580064,1.5,1.8941304973195738,185179.13794884714,4.0,CIPN_12_5,CIPN_12,neuro,gait_full,4.0,0.5
9.09325749659687,1.4652314966874664,9.210550213657172,1.5,2.322446534788425,171753.7557511903,-0.690104955993287,0.6529135085170178,0.9500215260142785,0.75,1.5395911693372168,34103.79314610602,3.2576405609879613,0.6631426075095298,3.324451855943848,1.75,2.4773660867066845,35180.65670947361,-0.48278996159691767,1.465231496687478,1.542721454412228,1.5,2.3224465347884102,171753.75575119304,-0.10306297400670852,0.6529135085170157,0.6609977505371003,0.75,1.5395911693372148,34103.79314610582,-0.8876534190120161,0.6631426075095239,1.10801024822799,1.75,2.4773660867066853,35180.65670947298,0.014053981218221519,0.1326010487140063,0.13334373816620113,0.75,2.255733111511822,1406.643051446331,0.038360881321817315,0.158637467227902,0.16320969096309887,3.25,3.796735829239656,2013.2692409052904,0.0031775759037284816,0.0894536407980268,0.0895100599968873,0.75,2.622134513337587,640.1569300575973,9.868580236356992,1.3907927317699003,9.966101559996257,1.75,2.1709838147882596,154744.98246940397,0.11206218787575631,0.7516677215232117,0.7599751953395569,2.5,3.5034449183075083,45200.3852457413,-0.14882373593697548,1.1936719917518872,1.2029136828015365,1.75,2.354524549084103,113988.96017409574,-0.1168516363570443,1.3907927317699147,1.3956929202598045,1.75,2.170983814788267,154744.98246940717,0.431009602124241,0.7516677215232119,0.8664719503268374,2.5,3.5034449183075056,45200.38524574134,-0.7462233059369712,1.1936719917518872,1.4077293938170148,1.75,2.3545245490841022,113988.96017409576,0.011465984699417175,0.28855107301795396,0.2887787917159774,2.5,3.2607211813491603,6660.937919842708,-0.04402400875897111,0.30649727341547145,0.3096428458051763,1.5,2.818074839851384,7515.290828663231,0.019082704930986384,0.4260619210331877,0.42648905048309665,2.5,3.0097567558047253,14522.39847405407,10.15481833243571,5.008136077839364,11.32262170784349,0.75,2.061834824427095,2006514.1966643129,-3.0391023314503216,3.000059469365579,4.270421501533175,0.75,1.7646384413031735,720028.7081996801,5.802393488303185,3.8167726953446404,6.945179911350864,0.75,2.550989313115783,1165421.0821781748,3.290290452435751,5.008136077839366,5.992281555096199,0.75,2.0618348244270885,2006514.1966643154,0.2666420385496568,3.000059469365589,3.011885588207503,0.75,1.7646384413031662,720028.7081996847,-0.35536313169678335,3.8167726953446413,3.833280157162759,0.75,2.550989313115779,1165421.082178175,-0.06246661795653242,0.8229453275438565,0.8253127228421919,2.5,4.757068481542706,54179.31205972435,0.031773230593336574,2.954853689043309,2.955024511207172,1.75,1.9366789962553561,698493.2228158902,-0.08088484587850672,1.850166291090719,1.8519334931312132,1.75,2.1226201791144996,273849.5798837058,8.798711767911955,4.342895947257882,9.812139113542024,0.75,1.8813742849082804,1508860.7952656532,3.1172897972143185,2.0363376217617977,3.723461640680482,0.75,1.8707744481028976,331734.41682238283,7.138289977839329,3.439886899451064,7.9238882935549055,0.75,2.199750693057748,946627.5065634806,2.1861782629119912,4.342895947257879,4.862110715104891,0.75,1.8813742849082822,1508860.7952656506,0.5972381372143355,2.03633762176181,2.12211316907129,0.75,1.870774448102896,331734.41682238696,0.1598042328393491,3.439886899451049,3.4435968512368467,0.75,2.199750693057751,946627.5065634726,0.09186173905607994,0.808183320230615,0.8133872744279862,2.5,4.827938172039982,52254.496421901225,-0.19150078040543897,2.8107875132003777,2.8173034968315105,1.5,2.225911105533209,632046.7949075004,0.06659660409008084,1.318331704008271,1.3200127232226522,1.75,2.049997995043077,139040.28091634234,4.0,CIPN_12_5,CIPN_12,neuro,gait_full,4.0,0.5
9.203456382519683,1.6301104757530311,9.34670367285184,1.75,2.1633343940316294,212580.90525148483,-0.6121026106291274,0.6952707280203576,0.9263212138243145,2.5,2.1094649062845594,38672.49496393181,3.127370737088569,0.7598429049910712,3.2183550095449642,1.75,2.4964900353744737,46189.00356300242,-0.5929888475197355,1.6301104757530396,1.7346169422793567,1.75,2.163334394031631,212580.90525148698,-0.18106531937086626,0.6952707280203586,0.7184608793252651,2.5,2.1094649062845567,38672.49496393191,-1.017923242911406,0.7598429049910689,1.270247601345714,1.75,2.496490035374467,46189.00356300213,0.02011118433427347,0.12936002160684343,0.13091399820282829,0.75,2.601798570363298,1338.7295411983066,0.02398996813000977,0.15178423527183724,0.15366838532351187,3.25,3.9500132117181415,1843.0768724474074,0.005507168481741019,0.08245609887557269,0.08263980364488108,1.0,2.8528750263564384,543.9240558830504,9.955573381721415,1.5249797191983554,10.071693229184765,1.75,2.0734270876081826,186045.1843831302,0.1533710800043603,0.7302274716550485,0.7461600689807976,2.5,3.7781162386400946,42658.68437881473,-0.007529158334204697,1.2516123663972136,1.2516350122714106,1.75,2.2159549985996847,125322.79723087579,-0.20384478172147436,1.5249797191983725,1.5385434147275217,1.75,2.073427087608198,186045.1843831344,0.38970070999563566,0.7302274716550488,0.8277069552268046,2.5,3.7781162386401026,42658.68437881475,-0.6049287283341994,1.2516123663972136,1.390133907968029,1.75,2.2159549985996856,125322.7972308758,-0.00281800758723595,0.31227439517124994,0.31228710995865916,2.5,3.2253944419401113,7801.241951309623,-0.022340391353852514,0.3459018567008461,0.34662254334497056,1.75,2.7645110817702934,9571.85896932107,-0.01816280288872494,0.4686868695782858,0.46903866484957063,2.5,2.7264478976559525,17573.39157181323,10.320508835658895,5.055677076976782,11.49229190951839,2.5,2.131600550814639,2044790.2608959929,-2.9049355150511302,3.1198615262549705,4.262884738016191,0.75,1.9163389910018116,778682.8784470524,6.331158050315911,3.572838919824438,7.269713901185673,0.75,2.7378433048400668,1021214.4108044853,3.455980955658932,5.0556770769767745,6.1240244180233026,2.5,2.131600550814632,2044790.2608959873,0.40080885494884916,3.1198615262549825,3.1455021349875882,0.75,1.9163389910018052,778682.878447058,0.17340143031595073,3.57283891982443,3.577044311026608,0.75,2.737843304840063,1021214.4108044807,-0.020972479226208457,0.9673192699814002,0.9675465957576631,2.5,4.345221398790118,74856.58656944161,-0.11857456472417618,3.3817724423496753,3.383850584649862,1.75,2.050778629904932,914915.7303078416,-0.22170170406494866,1.9761398809880455,1.9885372701603432,1.75,2.169181347203476,312410.974164567,9.62395950697741,5.097065541146125,10.890393644064485,0.75,2.140754271332746,2078430.3394550232,3.6685491834068262,2.194685796998172,4.2749150703400405,0.75,2.176324598706131,385333.64190573565,6.853284663849737,4.127508389298714,8.000239758125332,0.75,2.4433170105082422,1362917.0887522746,3.011426001977457,5.097065541146125,5.9201996331310625,0.75,2.140754271332752,2078430.339455023,1.1484975234068444,2.1946857969981752,2.477032964822465,0.75,2.1763245987061195,385333.6419057366,-0.12520108115024037,4.127508389298694,4.129406835666872,0.75,2.443317010508241,1362917.0887522623,0.004803748074705297,0.8855081240612216,0.885521153769908,2.5,5.4258941798982585,62730.82375321974,-0.10997498525303147,3.054611877736651,3.0565909476067015,1.75,2.0969697095215496,746452.4412574075,0.03452387330473178,1.2889873701423313,1.2894496260864186,1.75,2.1185968638177144,132919.24542644984,4.0,CIPN_12_5,CIPN_12,neuro,gait_full,4.0,0.5
9.117565778757209,1.5845950655100174,9.254239420482014,1.75,2.388100606548799,200877.64749180074,-0.7058057344409697,0.7352586402380495,1.0191991968278145,2.5,1.7457676981754695,43248.460588090216,2.9339237523292443,0.7496007551893306,3.0281693936538834,1.5,2.4505607627027755,44952.14424994733,-0.5070982437572563,1.584595065510003,1.6637578400898205,1.75,2.388100606548809,200877.64749179714,-0.08736219555902444,0.7352586402380501,0.7404305647780888,2.5,1.7457676981754686,43248.460588090275,-1.2113702276707334,0.7496007551893308,1.4245417230349766,1.5,2.450560762702781,44952.144249947356,0.01107556926702432,0.14468193743472554,0.14510524199509295,0.75,2.389668689790619,1674.6353776075052,0.018395951959044917,0.18633228351091274,0.18723816631998577,3.25,3.6864158368822446,2777.577636515682,0.010457879613359684,0.08322701639338287,0.083881484868545,0.75,2.996409110788471,554.1403524251169,9.816518416995393,1.5521541910970578,9.938471535610992,1.75,2.223246067523165,192736.09346364884,0.10912198991740783,0.7263476623309478,0.7344988327132778,2.5,3.7422156250197314,42206.62224131169,-0.07665473990652862,1.2614008247474529,1.2637278147701314,1.75,2.438176226349766,127291.68744036346,-0.06478981699545577,1.5521541910970682,1.5535058266149178,1.75,2.223246067523189,192736.09346365146,0.43394980008258827,0.7263476623309478,0.8461048135812437,2.5,3.742215625019741,42206.62224131169,-0.6740543099065246,1.2614008247474524,1.4302032210064115,1.75,2.4381762263497695,127291.6874403634,-0.01877896019697526,0.33857686671832726,0.3390972486218069,2.5,3.2958258757757233,9170.81261189798,-0.020067532343072614,0.3540656484365924,0.35463388058272843,1.75,3.136477752555992,10029.116155600519,0.007896357319018159,0.45930268886926684,0.4593705611610828,2.5,2.8589627523523884,16876.759667151076,10.314673192454553,5.041218250826132,11.48069529774234,0.75,2.070827058360738,2033113.6997365346,-2.7596983499845815,2.899451969172849,4.002843577314499,0.75,2.0158383995459475,672545.7451173523,5.957876784844212,3.505060358808067,6.9124340070826955,0.75,2.7333520654143153,982836.0968727124,3.4501453124545933,5.041218250826149,6.108795636581327,0.75,2.0708270583607353,2033113.699736549,0.5460460200153964,2.899451969172854,2.9504216609689866,0.75,2.0158383995459475,672545.7451173548,-0.19987983515575228,3.505060358808063,3.510754914172962,0.75,2.7333520654143184,982836.0968727105,-0.03054504067227508,0.8595781605228198,0.8601206970870224,2.5,4.043725143729783,59109.98500051877,0.05968087075757282,3.2614083678159647,3.261954375523112,1.75,1.8395969725147923,850942.7695820642,-0.09083050612521498,1.790746985694667,1.7930490644757882,1.75,1.969435452051173,256542.00361698837,9.37865899403627,5.143618060288319,10.696543894012756,0.75,1.9930412550539485,2116552.5525374324,3.8016439699654154,2.3821404833934987,4.486322564974192,0.75,1.8925886341223028,453967.63881028263,7.445237470915663,3.800023804980501,8.358931864583246,0.75,2.2221707554939765,1155214.6307043212,2.766125489036313,5.1436180602883415,5.840227475982488,0.75,1.9930412550539516,2116552.55253745,1.2815923099654265,2.3821404833934983,2.705008711923998,0.75,1.8925886341222933,453967.63881028234,0.4667517259157073,3.800023804980484,3.8285817337577694,0.75,2.2221707554939725,1155214.630704311,0.04718252929971805,0.8125733378035143,0.8139420251960595,3.25,5.363802967960679,52822.75534969313,0.21192800626767894,3.2668355444954122,3.2737024841331004,1.75,2.3370129564028153,853791.7404491657,-0.09198026159353404,1.4365086507680789,1.4394504063198361,1.75,2.3946794081740395,165087.7643062388,4.0,CIPN_12_5,CIPN_12,neuro,gait_full,4.0,0.5
9.171795349349482,1.461253219691369,9.287469564009735,1.5,2.19602821242493,170821.04738490723,-0.7272179133077928,0.645398351834254,0.9723090691678814,0.75,1.6943328923244538,33323.134663502526,2.747501788296704,0.7168922620665281,2.839489494980471,1.75,2.267470031397282,41114.772984598516,-0.5613278143495235,1.46125321969136,1.5653593476326064,1.5,2.196028212424932,170821.0473849051,-0.06595001669220274,0.6453983518342541,0.6487591519601659,0.75,1.694332892324453,33323.13466350255,-1.3977921917032747,0.7168922620665283,1.5709097767209639,1.75,2.26747003139727,41114.772984598545,-0.001649057877001159,0.13622011559336725,0.13623009683675644,0.75,2.6607862527049546,1484.4908430365242,0.010396928843777506,0.1849425356363528,0.18523454757951122,3.25,3.697805002907516,2736.3009313365574,0.0004400069005844787,0.07547723824478898,0.07547852077997555,2.5,3.6091553614949476,455.7457459852749,9.7648395862444,1.4570739946012399,9.872950763111753,1.5,2.0118376119913655,169845.18260099852,0.15647172457287895,0.739668330330787,0.7560374590489186,4.0,3.5268836080935326,43768.739382087464,-0.1745769726868609,1.1545012423751821,1.1676258981533205,1.5,2.2376886394943147,106630.06112842048,-0.01311098624445298,1.457073994601232,1.4571329807891569,1.5,2.0118376119913983,169845.18260099666,0.38660006542711756,0.7396683303307869,0.8346070030155425,4.0,3.5268836080935357,43768.73938208744,-0.7719765426868593,1.1545012423751846,1.3888199671320256,1.5,2.2376886394943134,106630.06112842094,-0.01402434519459109,0.30986381405453955,0.31018102056470725,2.25,3.4052861866336337,7681.247242291989,-0.01120820204075113,0.3335596928158612,0.3337479475058955,1.5,2.839385341894749,8900.976631430402,0.002746536527670025,0.41379400401756383,0.4138031189150046,2.5,2.8684642954615645,13698.061661615424,10.352111714230375,5.192783196745003,11.581503109368102,0.75,2.2954862915066547,2157217.711112612,-2.6401511243291407,2.585669595508753,3.6954140791574117,0.75,2.167106876699675,534858.2850730565,5.930550348387842,3.7135978252182675,6.9973020688140215,0.75,2.72600427097224,1103268.4105898563,3.4875838342304166,5.192783196745033,6.255256855572192,0.75,2.29548629150665,2157217.711112638,0.6655932456708465,2.585669595508755,2.669962851018916,0.75,2.167106876699679,534858.285073057,-0.22720627161213108,3.713597825218277,3.7205418284607146,0.75,2.726004270972246,1103268.410589862,-0.12880882843577648,0.8417986246873769,0.8515965234831321,1.5,4.681021029558574,56691.01256539655,0.33036027902695175,3.2835963741669056,3.3001731867283595,1.5,1.7524051809344947,862562.6726267646,0.08432956061078734,1.8341284018915813,1.8360660307892456,1.5,1.7805584953481015,269122.16437441343,9.077970565710414,4.823420164166556,10.279831305619425,0.75,1.9456672321486994,1861230.5670361766,3.3893539610399177,2.169707895281303,4.024344993171312,1.5,1.9614492710508205,376610.59953711816,7.187258954956467,3.5697393447166927,8.024944253689261,0.75,2.41300939924194,1019443.1247391822,2.465437060710454,4.823420164166574,5.416988275823874,0.75,1.9456672321487005,1861230.56703619,0.8693023010399239,2.1697078952812965,2.337374347732793,1.5,1.9614492710508171,376610.599537116,0.20877320995651893,3.569739344716689,3.5758390962701165,0.75,2.4130093992419397,1019443.1247391799,0.068372832376131,0.7277360509310942,0.7309409032417863,3.25,6.119076549121762,42367.99526062955,-0.03221855058909394,3.0108381152496255,3.0110104933795863,1.5,2.0374259175376883,725211.7022686547,-0.01706258315337074,1.406302787540019,1.4064062933543398,1.5,1.962326901855822,158215.00971627803,4.0,CIPN_12_5,CIPN_12,neuro,gait_full,4.0,0.5
8.99492564117814,0.8327354446368204,9.033390039795606,1.5,2.1463264629837204,55475.99937881264,-0.12362674536121944,0.5885644181210872,0.6014080531941867,0.75,1.4982449098359873,27712.66209453871,3.702210631403192,0.920679113972201,3.814972292190267,0.25,0.714747873624192,67812.00876179816,0.2864772238217991,0.8327354446368265,0.8806347259352986,1.5,2.146326462983743,55475.99937881345,-0.15344198963877853,0.5885644181210877,0.6082372221942041,0.75,1.4982449098359873,27712.662094538773,0.6305622914032086,0.9206791139722021,1.1159116605916009,0.25,0.7147478736241929,67812.0087617983,-0.026456823255562232,0.14718584878880508,0.14954476781371207,2.25,2.324241871891386,1733.0940905971754,0.016306686441249694,0.2918658088144628,0.2923209851817241,0.25,2.167298478593095,6814.852340189576,-0.022505135068514148,0.1111168074650842,0.11337295094370907,2.5,2.66818607622186,987.7727176225496,9.575147866804084,0.6624069136140655,9.598033110505845,3.0,2.8173414138645376,35102.63981008295,-0.39874640218155905,0.505111350263034,0.6435341245165503,0.75,3.2375336247664,20411.026648999446,2.08565944086655,0.9009460044851478,2.271932878910273,1.5,2.0322327711271466,64936.59580196971,-0.13460227680414452,0.6624069136140726,0.6759442966136936,3.0,2.817341413864487,35102.63981008369,0.09363087718156093,0.5051113502630348,0.513716086302867,0.75,3.237533624766401,20411.026648999512,-0.29347647413343547,0.9009460044851497,0.9475400486879425,1.5,2.0322327711271444,64936.595801969976,0.0022036524544713676,0.18846853356566137,0.18848141613573188,4.0,3.805259770026509,2841.6448905750863,-0.011339383129401283,0.24529034982459555,0.24555231077476714,1.5,2.6217222443137116,4813.388660884927,0.009071956702462088,0.3192033885587487,0.31933227783266577,0.75,2.459542046879822,8151.3079389385475,6.738352303615036,4.312953097709237,8.000434750104132,1.5,1.8434218363365538,1488125.1538879927,-3.0325801859983783,1.467642161540209,3.3690527005139557,0.75,2.19354600635486,172317.88717314677,7.963690205151924,2.349378188549114,8.303007862001758,0.75,2.8242027562046452,441566.2436770827,1.8600109786150671,4.312953097709243,4.696935731262281,1.5,1.8434218363365535,1488125.1538879974,-0.35577944099839515,1.4676421615402113,1.510149835270512,0.75,2.1935460063548686,172317.8871731473,-0.04577748984803787,2.349378188549109,2.349824132016496,0.75,2.8242027562046443,441566.2436770808,-0.05611848783091963,0.46904215582859443,0.4723873713603747,0.75,3.445337980798087,17600.044702835276,-0.006441767912236003,2.0770918272204786,2.0771018162526222,1.5,1.7438715118432058,345144.8416723666,0.038744290076825394,1.0290226882606743,1.029751821056308,1.5,1.9938499234898812,84711.01556523795,5.932816680831585,4.074806094467844,7.197385530584407,1.5,1.8692401528631517,1328325.1428219858,3.5661782031971363,1.6466261724080549,3.927977180256723,0.75,2.398722516991531,216911.16717640124,8.384028910796715,2.117894498830783,8.647393704767515,3.25,3.090789771077468,358839.1930220572,1.5431752208316027,4.074806094467834,4.357227842298458,1.5,1.8692401528631497,1328325.1428219792,0.47776457319714877,1.6466261724080533,1.7145368876350984,0.75,2.3987225169915267,216911.16717640086,0.053906650796753226,2.1178944988307786,2.1185804292444974,3.25,3.090789771077461,358839.1930220558,0.021556565271174666,0.40279641460390536,0.40337282645717676,2.25,3.691337705416957,12979.752378000707,-0.1435175705584769,1.9201670569747673,1.9255229990187464,1.5,1.8065708615411036,294963.32720682217,0.049270582938421986,1.079599316295098,1.0807230330144422,1.5,2.009305038771457,93243.06724224104,4.0,CIPN_13_1,CIPN_13,neuro,gait_full,4.0,0.5
9.22555718375881,0.8364307435082484,9.26339687908758,1.5,2.8930710622185996,55969.913578833126,-0.33684012980717076,0.7372349539595758,0.8105409615733739,0.75,1.8320550039207653,43481.71087523061,3.28728958271225,0.6561153086298434,3.352127697273317,0.25,1.705566683224326,34439.154004874006,0.0558456812411398,0.8364307435082522,0.8382929850589558,1.5,2.893071062218594,55969.91357883363,0.0597713948071733,0.7372349539595773,0.7396539711087712,0.75,1.8320550039207686,43481.710875230776,0.2156412427122669,0.6561153086298429,0.6906434997717165,0.25,1.7055666832243221,34439.15400487397,-0.012424291056956839,0.2023557631478552,0.2027368192692656,2.25,2.115186311619828,3275.8283939981357,0.004689769692003303,0.22029828454414777,0.22034819743501038,4.75,3.4796530898804052,3882.5263089951777,-0.014331291470756844,0.12574492449251629,0.12655896629969926,2.25,2.2740174847493684,1264.943422037252,9.511780832917411,0.7762714320556373,9.543404630931288,1.5,3.0582604633396553,48208.166953950895,-0.426361579630519,0.7224744661190668,0.8389002031106335,2.25,3.257212199710815,41758.01780863446,2.4188543088965275,0.9771983795593236,2.6087876189296564,1.5,1.85005208641723,76393.37358207778,-0.07123524291746905,0.7762714320556413,0.7795330628390479,1.5,3.058260463339627,48208.1669539514,0.12124605463052036,0.722474466119068,0.7325776136065717,2.25,3.2572121997107986,41758.01780863459,0.039718393896543754,0.9771983795593272,0.9780052268915008,1.5,1.850052086417235,76393.37358207832,-0.016492874978904518,0.2815908892626951,0.2820734724160094,0.75,3.082352401418569,6343.4807661937275,-0.004118847171068616,0.31063736386264135,0.3106646692650287,1.5,2.8246229697422183,7719.737099605164,-0.023648824946392696,0.4151322699329606,0.41580532519562274,0.75,2.3306151426223143,13786.872100583536,7.050456071123226,4.418805947806008,8.32074376574619,1.5,1.9038686314997866,1562068.8578809793,-3.098647710871228,1.647242710707236,3.5092771597674677,0.75,2.447914831814706,217074.52433251706,8.244449961777578,2.5237897800081543,8.622091975032967,0.75,2.776156832757636,509561.19309419044,2.1721147461232624,4.418805947806027,4.923812392312693,1.5,1.9038686314997855,1562068.8578809933,-0.42184696587124043,1.6472427107072305,1.700400955831558,0.75,2.447914831814728,217074.52433251563,0.23498226677762393,2.52378978000816,2.53470541076741,0.75,2.7761568327576267,509561.1930941928,-0.0975457603477404,0.5240423179168783,0.5330436439256295,0.75,3.94806682759508,21969.62916030475,-0.16586955063730977,2.4312824649452307,2.436933961390579,1.5,1.9739905927670394,472894.5160583621,-0.03354036866856717,1.1614111789526704,1.1618953838132997,1.5,2.064720232387268,107910.63954526956,6.621750701372612,4.736483974572519,8.14136737854956,0.75,1.8506462208132723,1794743.354146492,3.688447942731605,1.9476124257345264,4.1710720908558425,0.75,2.394411335913649,303456.2670719864,8.43981155664065,2.4936760851067494,8.800502231636465,4.0,3.1563635644556833,497473.9113146392,2.232109241372629,4.736483974572508,5.2360855709970275,0.75,1.8506462208132703,1794743.3541464834,0.6000343127316209,1.9476124257345306,2.0379488063567375,0.75,2.3944113359136385,303456.2670719876,0.10968929664069073,2.4936760851067525,2.4960873701116455,4.0,3.156363564455675,497473.91131464054,0.03843776409511945,0.47396631498604697,0.475522375341145,0.75,3.1174875632370167,17971.55111000461,0.0032721488058270153,2.225897739610056,2.2259001446962903,1.5,1.8332553030615564,396369.6688684795,-0.019706808307216966,1.297536840292574,1.297686483789553,1.5,1.8797672150675127,134688.15373625394,4.0,CIPN_13_1,CIPN_13,neuro,gait_full,4.0,0.5
9.12140425492501,0.8787166437089245,9.163632386870129,3.25,2.4902097387536433,61771.44200571089,-0.47525365663602054,0.7810921112190754,0.9143144559475045,0.75,1.5542151454084598,48808.39372555123,3.4692812178463295,0.6666873075753594,3.53275871445863,1.5,1.8698693623654723,35557.796935146005,0.1599986100749333,0.8787166437089288,0.8931643158775406,3.25,2.490209738753654,61771.4420057115,0.1981849216360228,0.7810921112190753,0.8058425090379315,0.75,1.554215145408457,48808.39372555121,0.39763287784634466,0.6666873075753623,0.7762627593968757,1.5,1.8698693623654692,35557.79693514631,0.016130958472739952,0.22261411031197242,0.2231977820930134,2.5,2.1603560320262782,3964.582630341202,0.01344323347150734,0.2638572567349187,0.2641994936744699,1.5,2.6656577423589285,5569.675015402208,-0.005679611274851723,0.14391244967702832,0.14402448110052898,2.5,2.4284828479393012,1656.8759561866052,9.446812481015833,0.765367496429582,9.477766269330944,1.5,2.849210337276913,46863.0053727614,-0.3277446487961352,0.8413297984077036,0.9029132762913885,2.25,2.938094270219418,56626.96295100583,2.467930142659183,0.9285045751043202,2.6368162497670236,1.5,1.997966046118386,68969.81653808603,-0.006266891015879514,0.7653674964295912,0.7653931529050317,1.5,2.849210337276944,46863.005372762535,0.02262912379613596,0.8413297984077043,0.8416340694937018,2.25,2.938094270219415,56626.96295100594,0.08879422765919932,0.928504575104321,0.9327406718135806,1.5,1.9979660461183901,68969.81653808618,-0.002632619007807464,0.3223233014685326,0.32233405242452257,0.75,2.609469387524675,8311.420767853715,0.02120981402433232,0.30937842612146166,0.31010460615788904,1.5,2.7432920543572457,7657.203389727909,0.006482564750058737,0.41621008308926244,0.4162605637229036,0.75,2.545279175889175,13858.549552561928,7.106782451207548,4.7627098747584,8.555101528322894,0.75,1.8726636909355725,1814672.4289597846,-3.1633391253243355,1.8727525185871683,3.6761279109522724,0.75,2.3457536221841266,280576.17767311994,8.030379364525274,2.564880395678662,8.43004176634553,3.25,2.904819091425949,526288.9399517834,2.228441126207579,4.7627098747584204,5.258265417806015,0.75,1.8726636909355705,1814672.4289598006,-0.48653838032435265,1.872752518587175,1.9349215982574721,0.75,2.3457536221841244,280576.1776731219,0.02091166952531488,2.5648803956786717,2.5649656414968045,3.25,2.9048190914259413,526288.9399517872,-0.07120259359153847,0.5798587513794206,0.5842139855271032,0.75,3.6226596988420687,26898.895062400796,-0.020657474608975903,2.4222357849339313,2.4223238695665197,1.5,1.748602382780743,469378.0958451375,0.05524193380597428,1.146348175174497,1.1476784436315441,1.5,2.1780700833229916,105129.13733057863,6.549996120871738,4.813402719315,8.128425119403135,1.5,1.9186557411542058,1853512.7249257697,3.898659646732588,2.0649711354260836,4.411763007143964,0.75,2.2176070508431645,341129.2252393875,8.42546125243299,2.4453648327136057,8.773152596491308,4.0,3.1348923892908327,478385.2882645805,2.160354660871769,4.813402719315016,5.275981235662194,1.5,1.91865574115421,1853512.724925782,0.8102460167326059,2.064971135426086,2.218243538877991,0.75,2.2176070508431613,341129.2252393883,0.09533899243303673,2.4453648327136013,2.4472226479318477,4.0,3.134892389290831,478385.2882645788,0.031956780832500295,0.5432277403905708,0.5441668988196744,3.25,3.169107445079193,23607.941643948787,0.11906778798165138,2.3035882460674313,2.3066633793327687,1.5,1.842069911398582,424525.248940301,-0.05224817174175971,1.330407424919094,1.3314329828159623,1.5,2.3027089749132696,141601.13549646476,4.0,CIPN_13_1,CIPN_13,neuro,gait_full,4.0,0.5
9.129892505203776,0.8788069896846308,9.172090213342576,3.25,2.7468394368206464,61784.13842653157,-0.17172380760131883,0.8575729321912933,0.8745972788228117,0.75,1.5948058790059165,58834.57395604184,3.3629251394801907,0.599048815619638,3.4158637234589952,1.75,2.0175735417098872,28708.783525846244,0.15151035979616054,0.8788069896846402,0.8917718958591045,3.25,2.7468394368206335,61784.13842653294,-0.10534492739867865,0.85757293219129,0.8640190320564703,0.75,1.5948058790059172,58834.573956041415,0.2912767994802067,0.5990488156196416,0.6661093434344905,1.75,2.017573541709897,28708.783525846586,0.0009339877891699522,0.21198848578218205,0.21199054327354488,2.5,2.137694015668635,3595.1316103388217,-0.019450901335986724,0.28009547698030884,0.28077003719700755,1.5,2.6137795878749523,6276.28221738056,-0.01604244525045326,0.14741593615506426,0.14828627138777134,2.5,2.346659066017681,1738.5170476686749,9.447525945087879,0.7656922366120851,9.478503631075773,3.25,2.914249957660373,46902.79234291527,-0.44107790481536996,0.7463379305976268,0.8669313841158737,4.0,3.4214878208514072,44562.090604316676,2.39330026588928,1.0020691969173714,2.5946153545595774,1.5,2.145037224008966,80332.10103631533,-0.006980355087926164,0.7656922366120904,0.7657240537982197,3.25,2.91424995766038,46902.79234291593,0.1359623798153719,0.746337930597625,0.7586211672328981,4.0,3.4214878208514037,44562.09060431646,0.014164350889292106,1.00206919691737,1.0021692991938729,1.5,2.1450372240089677,80332.10103631517,0.010006164666965531,0.3114802409211765,0.31164092127905246,0.75,2.5697401068146117,7761.605483741312,0.004842807414820147,0.309297119793571,0.3093350305029413,1.5,2.864492407557987,7653.178635148522,0.0118788667395458,0.37836626165317755,0.37855268514754553,2.5,2.571375587647156,11452.88742431876,7.306157100740291,4.937328999506269,8.818001430599981,1.5,2.261553521631049,1950201.47646931,-3.3568061904577977,2.102134560188942,3.9606965939638132,0.75,2.180272869997563,353518.1186801887,7.912895637788429,2.4909344108187286,8.295701996427548,3.25,3.022942135878547,496380.9432709336,2.4278157757403234,4.937328999506289,5.501954842626334,1.5,2.2615535216310407,1950201.4764693268,-0.6800054454578143,2.1021345601889476,2.2093838767839915,0.75,2.180272869997565,353518.1186801907,-0.09657205721154323,2.4909344108187335,2.4928057287391936,3.25,3.0229421358785533,496380.9432709356,-0.08112455173988221,0.6697805693862756,0.6746756287449549,3.25,3.131303521215575,35888.49934390897,0.2336319229942737,2.572913509034325,2.583499138845091,0.75,1.6444054101545287,529590.8407077809,0.1929632110394369,1.2366506848288623,1.2516148437527994,0.75,2.15004189637287,122344.57541112554,6.774764204741688,4.765414586032077,8.282910491283637,0.75,1.8735071070017724,1816734.0963000148,3.8741632758695834,2.095796410243919,4.404713802426651,0.75,2.095114229035234,351389.0099393051,8.324444129121922,2.3945740053913274,8.662006391487385,3.25,3.1257844947128883,458718.77349609736,2.385122744741729,4.765414586032092,5.328976138457718,0.75,1.8735071070017764,1816734.0963000262,0.7857496458695975,2.095796410243916,2.2382504549704625,0.75,2.095114229035233,351389.009939304,-0.005678130878019054,2.3945740053913234,2.394580737512543,3.25,3.1257844947128963,458718.77349609585,0.02525319681735706,0.6919782760292934,0.6924389203720204,3.25,3.077069523494753,38306.7173141222,-0.00665952095881309,2.3103845048090585,2.3103941025896857,1.5,1.793129729807705,427030.13323549053,-0.0033376100358752316,1.1957740477705603,1.195778705681926,1.5,1.8867743420769587,114390.04590436936,4.0,CIPN_13_1,CIPN_13,neuro,gait_full,4.0,0.5
9.139031453171347,0.8286930259739317,9.176525923973244,1.5,2.8365522798697476,54938.86255697829,-0.10696660429702015,0.8230472388292853,0.8299690426632464,0.75,1.6390929978189834,54192.57494715647,3.386566095569483,0.5464160908021999,3.4303644797525954,1.75,2.1087986615256726,23885.653359422937,0.14237141182859972,0.8286930259739402,0.840833961138532,1.5,2.836552279869699,54938.862556979446,-0.17010213070297742,0.823047238829283,0.8404412485202041,0.75,1.6390929978189859,54192.57494715616,0.31491775556950363,0.5464160908021989,0.6306692770862479,1.75,2.108798661525672,23885.653359422842,0.006646734229537481,0.1732914554670971,0.17341887905825884,2.5,2.335276484091926,2402.399771543851,-0.015670246247311823,0.24349184567742768,0.24399556456798893,4.75,3.1920428154428815,4743.08187459023,-0.01103691290056629,0.12672347684655008,0.12720319583427456,2.5,2.645780205793407,1284.7079793313817,9.45598390272079,0.7203755879155879,9.483384024501984,1.5,2.8405616028750758,41515.36440970741,-0.43765658890491915,0.5773928057602952,0.7245175925784241,4.0,3.5311849170841145,26670.604310611845,2.327172470374569,0.9762573801098373,2.5236501697121567,1.5,1.9488001065902838,76246.31938589607,-0.015438312720851433,0.7203755879155872,0.7205409975597467,1.5,2.840561602875034,41515.36440970734,0.13254106390492093,0.5773928057602928,0.5924099811488591,4.0,3.531184917084105,26670.604310611634,-0.05196344462541733,0.9762573801098383,0.9776393362566096,1.5,1.9488001065902891,76246.31938589623,-0.0009839255750627384,0.25406018078254966,0.25406208605141983,0.75,2.8217911587087103,5163.727707481736,0.006006752284878354,0.31251533765165296,0.3125730592046259,1.5,2.9113952171817754,7813.296820518094,0.004482584592740633,0.354868319390837,0.3548966295583943,0.75,2.4331466098367485,10074.523311904055,7.238713606282695,4.428484617513642,8.485897164197619,0.75,1.8491981745363746,1568918.105031608,-3.166045558623482,1.89819102638033,3.69147310052644,0.75,2.0515221451202885,288250.338834092,7.92015586330102,2.3507452767840147,8.261650697972161,3.25,2.907874053382516,442080.3274843525,2.360372281282726,4.428484617513655,5.018250025038896,0.75,1.8491981745363633,1568918.1050316172,-0.48924481362349204,1.8981910263803279,1.9602269410168527,0.75,2.05152214512029,288250.3388340914,-0.08931183169894247,2.350745276784016,2.3524412765473617,3.25,2.9078740533825065,442080.32748435304,-0.08190885546403709,0.6158827601809387,0.6213055889749586,3.25,3.250983107964366,30344.92792240492,-0.062007204490295634,2.3766799062347115,2.377488647734945,1.5,1.7820370307405584,451889.17895198724,0.038602626496115365,1.107963530581587,1.1086358048841891,1.5,2.187440990317278,98206.70232992762,7.345283814653483,5.428483510654331,9.133544084486394,0.75,2.0496108876624044,2357489.196493489,3.843129262617378,2.105249570396334,4.3819765269613145,0.75,2.33665635114759,354567.16120717494,8.3397473002889,2.8125058998892842,8.801225736770308,4.0,3.438847768762693,632820.8433455627,2.9556423546535187,5.428483510654334,6.180959064260804,0.75,2.0496108876624177,2357489.196493492,0.754715632617393,2.1052495703963303,2.236441691565198,0.75,2.336656351147593,354567.1612071737,0.00962504028895351,2.81250589988929,2.8125223693888426,4.0,3.4388477687627077,632820.843345565,0.08463062142449981,0.7120826542164291,0.7170941699097907,3.25,3.2596479869615,40565.0921661322,0.14190565953890288,2.502109256496097,2.506130073969151,0.75,2.087982981897769,500850.8471301896,-0.0795057839466375,1.2673162678534462,1.2698077383789081,1.5,2.280497058037389,128489.24922360161,4.0,CIPN_13_1,CIPN_13,neuro,gait_full,4.0,0.5
9.198546899390674,0.7491189709076184,9.229000178397628,3.25,2.848768744200213,44894.562950971806,-0.21732868324043988,0.7628178475428138,0.7931726325894477,2.25,1.7011078835935238,46551.31656108417,3.2117191852248568,0.6809976608526607,3.283123198850176,1.5,1.7590190253829283,37100.91035028551,0.08285596560927655,0.7491189709076244,0.7536871656136542,3.25,2.84876874420021,44894.56295097254,-0.05974005175955813,0.7628178475428143,0.7651535416595071,2.25,1.7011078835935256,46551.316561084226,0.14007084522487534,0.6809976608526588,0.6952536628949206,1.5,1.7590190253828986,37100.91035028531,0.27099787636276124,0.534995246602538,0.5997164020438636,0.25,2.1052653995690425,22898.545126271514,-0.020136842580827357,0.24824710376873477,0.24906247601493484,1.25,2.8441058507973738,4930.131047022835,0.059794810058440694,0.17805720273488715,0.18782914245584387,2.5,2.250324700077128,2536.4041207775595,9.489294408216663,0.6607668877977598,9.512272138969847,1.5,2.8102507693239325,34929.10061916295,-0.4303471149820022,0.5981990544093004,0.7369129854124663,0.75,3.5439641608398937,28627.418481910012,2.394241538975804,0.8873726128884235,2.553394348913159,1.5,2.0359163112757686,62994.52492857336,-0.04874881821671651,0.6607668877977555,0.6625626968728756,1.5,2.810250769323898,34929.10061916249,0.12523158998200373,0.5981990544093009,0.6111669655876392,0.75,3.5439641608399057,28627.418481910052,0.015105623975822243,0.8873726128884292,0.8875011740725399,1.5,2.0359163112757748,62994.52492857416,0.14301855069902195,0.4135375173970544,0.4375700905443239,0.75,1.9137396971679124,13681.289005046021,-0.001196708157397759,0.2892953671002366,0.2892978422596246,1.5,2.9478017261800624,6695.344912891732,0.044497290221581415,0.35316662902557494,0.35595881319943706,0.75,2.497281130066257,9978.169229160583,7.323252498300235,4.269061483247817,8.47672773548913,0.75,1.875362913780832,1457994.3952348514,-3.139076517204221,1.8749019182206355,3.656372325654268,0.75,2.088669240451484,281220.92925823224,7.639136173483618,2.3042065837018786,7.979083246676965,3.25,2.8137671625832255,424751.69803260954,2.444911173300268,4.269061483247829,4.9196012636268245,0.75,1.8753629137808205,1457994.3952348602,-0.46227577220423577,1.8749019182206412,1.9310505152673927,0.75,2.0886692404514893,281220.9292582339,-0.37033152151634113,2.3042065837018777,2.33377664231256,3.25,2.8137671625832223,424751.6980326093,0.11952554978048145,0.7885851126371433,0.7975918987322165,0.75,2.4100591898335666,49749.669297424545,-0.07540032673391278,2.2111626918894585,2.212447888488092,1.5,1.7924228151059738,391140.3789442435,0.17379444859005633,1.2528427077753188,1.2648396581332015,1.5,1.7883397703934945,125569.6255341497,6.589253347982654,4.666573076899186,8.074352231971364,0.75,1.9323050847717265,1742152.343511946,3.829222418330195,1.7331051555121715,4.203165213158462,0.75,2.1241856961754997,240292.28386280156,8.351939591729003,2.335175533232345,8.672251133062131,3.25,3.011256749922122,436243.5875266262,2.1996118879826825,4.6665730768991915,5.15899183366238,0.75,1.9323050847717278,1742152.34351195,0.7408087883302127,1.733105155512172,1.8847947211646543,0.75,2.1241856961754984,240292.28386280168,0.021817331729043855,2.335175533232359,2.3352774496771915,3.25,3.011256749922116,436243.5875266316,0.09265134105198385,0.7442509227806301,0.7499958046939665,2.25,2.740563669702472,44312.756393309945,0.05270074390278525,2.2821472230990083,2.282755640953806,1.5,1.7329504986128,416655.69034488715,0.036706577158089185,1.1899932629006855,1.190559254533634,1.5,1.9710952243922402,113286.71738655624,4.0,CIPN_13_1,CIPN_13,neuro,gait_full,4.0,0.5
9.3028664463017,0.6064757131648195,9.322614274353777,1.5,2.853781247492402,29425.295780055945,-0.02469545574064174,0.8145933256785659,0.8149675771307126,0.25,1.3838164661828585,53085.035190234354,2.963039146760441,0.8077637300253176,3.0711696841397838,0.25,0.8056579387063129,52198.59998098868,-0.02146358130175676,0.6064757131648166,0.6068553995648964,1.5,2.853781247492401,29425.295780055672,-0.25237327925935604,0.8145933256785653,0.8527922128655879,0.25,1.383816466182864,53085.035190234295,-0.10860919323954288,0.8077637300253174,0.8150326376290451,0.25,0.8056579387063024,52198.59998098864,0.7320122204163753,0.7441770665809989,1.0438588972001974,0.25,0.49082292256899485,44303.960544483176,0.028665156995955624,0.23916362451912346,0.24087534228045646,1.5,2.1865340036674827,4575.939156056801,0.18031129212039987,0.23978729334817495,0.30001684638928505,0.25,1.1654951621098828,4599.837465906636,9.438144940985392,0.5052007351724436,9.45165634742752,1.5,2.953610045499811,20418.24996305285,-0.33655577540337417,0.817316210992869,0.8838979458676812,0.5,2.0172296458892163,53440.4645573649,2.5921434849968263,0.7705732836170993,2.704254246966422,1.25,1.982320479012988,47502.85000622944,0.0024006490145553404,0.5052007351724305,0.5052064389281428,1.5,2.9536100454997762,20418.249963051796,0.031440250403375475,0.8173162109928701,0.8179207040399263,0.5,2.0172296458892154,53440.46455736507,0.2130075699968405,0.7705732836170988,0.7994719571694786,1.25,1.9823204790129787,47502.850006229375,0.6843284082333583,0.6842736524701977,0.967747798643896,0.25,0.7910274408092219,37458.48751279705,-0.032580409468737914,0.23299955814760626,0.23526639619403866,1.25,2.9421718893361257,4343.1153427398,0.23507447755842675,0.37071732760293646,0.43896622533451274,0.25,1.9796074758276472,10994.55448002346,6.41732165448092,3.0532410122054117,7.1066375942271645,1.25,1.7990814941692583,745782.5057283023,-3.3145614135827297,1.7399714347576531,3.7435034337080753,1.25,1.78068523281734,242200.0559352665,7.500828738001278,1.7524721830755778,7.702830032480239,0.75,2.4176739093409103,245692.73627103915,1.538980329480965,3.053241012205431,3.4191725801928436,1.25,1.7990814941692497,745782.5057283118,-0.6377606685827482,1.7399714347576554,1.8531700580798645,1.25,1.7806852328173275,242200.05593526713,-0.508638956998683,1.7524721830755763,1.824793780412018,0.75,2.4176739093409267,245692.73627103868,0.35590310299101374,0.896091018221124,0.9641815864530928,0.75,1.782955460700417,64238.330325860756,-0.11883065942778487,1.7269170536613931,1.731000645825006,1.5,1.8108945608301161,238580.06144566444,0.6206265735098873,1.4376650361862264,1.5659048821748296,0.75,1.317916269386104,165350.54535678847,5.401712508249295,2.6788679963788837,6.029496808507316,0.75,2.076647111603859,574115.0548544602,3.6775670373135187,1.177832893513063,3.8615786459654395,0.5,2.275795822480192,110985.98195529392,8.087331217894725,1.4484955348569213,8.216024923430737,3.25,3.04582886426381,167857.5080474098,1.0120710482493194,2.6788679963788806,2.863672737714188,0.75,2.076647111603879,574115.0548544589,0.5891534073135328,1.1778328935130649,1.3169631970524096,0.5,2.2757958224801618,110985.98195529424,-0.242791042105236,1.448495534856928,1.468702422081139,3.25,3.0458288642638496,167857.5080474113,0.3783390201130549,0.9520604409178656,1.0244801107395045,0.5,1.9779177456808799,72514.27684103562,0.07807336365299186,1.558517841108487,1.5604721436685602,1.25,1.640074719713876,194319.29182750915,0.5975845859492742,1.4224447668180102,1.5428727919086878,0.5,1.0971606227914847,161867.9662166837,4.0,CIPN_13_1,CIPN_13,neuro,gait_full,4.0,0.5
9.343631397868766,0.7097189063632164,9.370546869062041,0.25,2.3194106986045506,40296.165641117106,0.02666967083861481,0.796263422381714,0.7967099278694096,0.75,1.518345482789144,50723.270110572004,2.899801244193617,0.8780450215819654,3.0298201787815264,0.25,0.8370008412065377,61677.21014281041,-0.062228532868826035,0.709718906363211,0.7124417985719247,0.25,2.319410698604585,40296.165641116495,-0.3037384058386139,0.7962634223817121,0.8522279372353498,0.75,1.5183454827891394,50723.27011057177,-0.17184709580636529,0.878045021581963,0.8947035734040364,0.25,0.8370008412065428,61677.21014281008,0.5065259774346539,0.7074886782670182,0.8701199892498411,0.25,1.2448746919649878,40044.171475288174,0.019272099388670593,0.2531722660117344,0.2539047264080825,0.25,2.0211305977283556,5127.695904635431,0.12015264832103338,0.24102386068057863,0.26931238426022835,0.25,1.7116359796878104,4647.448423482274,9.421222303685575,0.5084410328874652,9.434932007141665,2.75,3.0561314042268934,20680.98541675915,-0.15842740698478613,0.7930613764033502,0.8087308514126931,0.75,2.185952429362934,50315.80124328716,2.5674976828457665,0.8469823081881678,2.7035945298439517,1.5,2.263203567760121,57390.80124985948,0.019323286314373977,0.5084410328874545,0.5088080908531711,2.75,3.0561314042268086,20680.985416758278,-0.14668811801521123,0.7930613764033506,0.8065133295300341,0.75,2.1859524293629216,50315.801243287206,0.18836176784577716,0.8469823081881656,0.8676745852966647,1.5,2.2632035677601254,57390.80124985918,0.5943129780557923,0.6818237984589567,0.9044841668213681,0.25,1.0516880843978467,37190.88336430651,-0.03063375380943082,0.21469441733570002,0.21686889981639265,1.5,2.956025384435338,3687.4967023361673,0.20891802721075245,0.3561844014864858,0.41293349338109986,0.75,1.8044178253004395,10149.41448388041,6.069239005476156,3.009309862499292,6.774334502674688,1.5,2.1938653289016816,724490.0147875309,-3.1329082697031936,1.4193662105222005,3.4394352248511395,0.75,1.9745461346946236,161168.05598746767,7.815275770130975,1.9404128210246516,8.05256091434229,3.0,2.982763388681138,301221.1096176816,1.1908976804761926,3.0093098624992995,3.236384268577996,1.5,2.193865328901679,724490.0147875346,-0.4561075247032097,1.4193662105221985,1.4908502653395594,0.75,1.9745461346945998,161168.05598746715,-0.19419192486898212,1.940412821024644,1.9501057457689668,3.0,2.982763388681152,301221.1096176793,0.18969693681084115,0.6996295454984567,0.724890632281721,0.25,2.079109380974395,39158.546336125015,-0.3436142874346203,1.455867989912244,1.4958684375907927,1.5,2.06348771296014,169564.80483111713,0.36870868835487486,1.2997355624890667,1.3510213282058663,0.75,1.6954397390373976,135145.4291129044,5.23305890797585,3.633675480759883,6.370910691088124,2.25,2.0774388197416163,1056287.8080675565,3.538416335005611,1.4937055508140902,3.840774197003433,0.75,1.8460037656975283,178492.50860128092,8.170050731855522,1.933976270871017,8.395831893111314,3.0,2.234682155074185,299221.14680336905,0.8434174479758676,3.633675480759875,3.7302748546220603,2.25,2.0774388197416145,1056287.8080675518,0.45000270500562733,1.4937055508140904,1.560018816247165,0.75,1.8460037656975272,178492.50860128095,-0.16007152814443507,1.9339762708710169,1.9405893719214942,3.0,2.2346821550741964,299221.14680336905,0.4323977886835252,0.7954660444864459,0.9053916697149996,0.75,1.2926184194720747,50621.29823447811,0.21862289174758562,1.6883551306505875,1.7024508850449223,1.0,1.7568992382675777,228043.44377649325,0.5560348796018268,1.5147467244941262,1.613577524229779,0.5,1.1807185109936167,183556.61116388993,4.0,CIPN_13_1,CIPN_13,neuro,gait_full,4.0,0.5
9.331911694938613,0.8006312853967764,9.366193802035497,1.5,2.7466661304524704,51280.95545666172,0.0048805896270272785,0.7694537824193837,0.7694692608770045,0.75,1.6420634910253153,47364.74530208165,2.768205893878437,0.6965448456004711,2.8544944548616487,0.5,2.034440519467783,38814.728895091794,-0.05050882993866082,0.8006312853967651,0.8022229098310825,1.5,2.7466661304524913,51280.95545666029,-0.28194932462702665,0.7694537824193827,0.8194843164680646,0.75,1.642063491025312,47364.745302081545,-0.3034424461215439,0.6965448456004679,0.7597710444869598,0.5,2.03444051946776,38814.72889509143,0.03257292827346545,0.18627245396867156,0.1890989761046294,2.25,2.323380998727505,2775.798982043497,-0.04706100914838809,0.25579943439612857,0.2600924628270569,1.5,2.7357439870195215,5234.67836468568,0.0008612929638127209,0.15994884609837687,0.1599511650278664,2.5,2.5168797774509306,2046.6982711667545,9.461295859641712,0.6328420245462603,9.482436837211477,1.5,2.9722402802460723,32039.14016558974,-0.2584199924237509,0.7253843637876357,0.7700411467654728,0.75,3.1151828690851473,42094.60257303902,2.4227364038772907,0.977476352714273,2.6124914742038614,1.5,2.120893133153951,76436.83440851147,-0.02075026964176777,0.632842024546261,0.6331821236595492,1.5,2.9722402802460346,32039.140165589833,-0.04669553257624574,0.7253843637876344,0.7268857874454351,0.75,3.1151828690851535,42094.602573038865,0.04360048887730286,0.9774763527142726,0.9784482729025265,1.5,2.1208931331539422,76436.83440851136,0.06537840673579992,0.30628800354091057,0.3131879263004699,1.0,3.2095704300450474,7505.12456533538,-0.013600092632573849,0.2586691314722498,0.2590264119664685,1.5,3.1623138684128285,5352.79287916533,0.02123997447455902,0.33643089942894294,0.3371007069204208,0.75,2.853720435692099,9054.886023724677,6.940408729151252,4.502234463853474,8.27281019334959,1.5,1.8781692187502876,1621609.2228093902,-3.11732261023011,1.7384503517136494,3.5693010354445,0.75,2.149443049221726,241776.77012519512,7.951853375027346,2.5270881823681317,8.343748964308457,3.25,2.8004020438441373,510893.9765222102,2.0620674041512785,4.502234463853473,4.951993249871527,1.5,1.8781692187502839,1621609.2228093888,-0.44052186523012565,1.7384503517136474,1.7933959794532643,0.75,2.1494430492217202,241776.7701251945,-0.057614319972614625,2.52708818236813,2.527744862783933,3.25,2.800402043844135,510893.9765222095,-0.03796174294292707,0.5198592171780511,0.5212434168526648,4.75,3.5896395314776846,21620.290862496502,-0.03062858321863466,2.2083263244646116,2.2085387172140227,1.5,1.8143874073602544,390136.4178863938,0.06987572337231196,1.1160848619790051,1.1182701086300657,1.5,2.199693890175192,99651.63417970297,6.03559306227287,4.717383443117696,7.660423628152516,1.5,1.9579383357422049,1780299.0036983923,3.6070100859536245,2.207239663060437,4.228762075402011,0.75,1.600404454870989,389752.6022884965,8.289552092612999,2.4037680603577307,8.631035556880791,0.75,2.3909333675334294,462248.75938203814,1.6459516022728966,4.717383443117695,4.996284942477328,1.5,1.9579383357422013,1780299.0036983928,0.5185964559536462,2.2072396630604416,2.26734408820427,0.75,1.6004044548709928,389752.6022884979,-0.04057016738695864,2.403768060357725,2.40411040230638,0.75,2.3909333675334303,462248.75938203593,0.10841266338224198,0.48816161081443665,0.5000550608228826,2.25,3.1835555364899317,19064.565616684326,0.025380857477617074,2.199391420908014,2.199537862890764,1.5,1.884986848797621,386987.87161293894,0.07188878662534676,1.1728804332956737,1.1750814901317748,1.5,2.623636220055008,110054.71795792405,4.0,CIPN_13_1,CIPN_13,neuro,gait_full,4.0,0.5
9.378569313637051,0.8301761184684071,9.41524055764747,3.25,2.872374196716001,55135.39589418629,0.01894762495308063,0.7770333039763976,0.7772642845132146,2.5,1.8577105650975902,48302.72908700448,2.5145917113840066,0.5401987697658645,2.5719615443893598,1.75,2.0921530310274608,23345.229507448217,-0.09716644863710235,0.8301761184684068,0.835843111125537,3.25,2.8723741967160343,55135.39589418623,-0.2960163599530797,0.7770333039763968,0.8315085332384429,2.5,1.8577105650975807,48302.729087004394,-0.5570566286159735,0.5401987697658643,0.775968297252889,1.75,2.0921530310274585,23345.229507448214,-0.007877118574555088,0.1819348656534176,0.1821053111179482,2.5,2.3795104597112795,2648.0254299737044,-0.025566588326637843,0.24945385209502094,0.2507605925254372,4.75,3.260015281601415,4978.178858755192,-0.0070747102102824986,0.16094971273613376,0.16110512578562936,2.5,2.5057000622616683,2072.3863786601373,9.463570077806319,0.6627440683067342,9.486748037005455,1.5,2.5736677154349747,35138.43473757816,-0.3656532918410105,0.7363618317181263,0.8221502764370034,0.75,3.3933133091155683,43378.43814703584,2.389063475680734,1.02470899554502,2.5995485793465356,1.75,2.297799265595168,84003.20310137633,-0.023024487806375404,0.6627440683067294,0.6631438962355762,1.5,2.5736677154350085,35138.434737577656,0.06053776684101313,0.7363618317181263,0.7388461060500835,0.75,3.393313309115581,43378.43814703585,0.009927560680746067,1.0247089955450188,1.024757084392175,1.75,2.297799265595167,84003.20310137612,0.023994052040154,0.29074161704656587,0.29173001630987094,0.75,2.4356730035635255,6762.455399293234,-0.007837215794707794,0.3070932489021315,0.30719323799960074,1.5,3.0007879224708764,7544.503356280801,0.006874733759034007,0.3699031138757674,0.3699669926077819,2.5,2.5536513510459513,10946.266189218919,7.086864999524722,4.730751236064484,8.520778296553324,1.5,2.254015006100508,1790427.3023628322,-3.3475045931249294,1.9413241001218944,3.869693303442352,0.75,2.227457157548069,301499.69908265886,8.032893689090487,2.6019266007184716,8.443778955879658,3.25,2.8447646235044686,541601.9821562896,2.2085236745247494,4.730751236064471,5.220879626888731,1.5,2.2540150061005058,1790427.3023628225,-0.6707038481249472,1.9413241001218895,2.053918916024602,0.75,2.2274571575480735,301499.6990826571,0.02342599409052813,2.601926600718477,2.6020320545153814,3.25,2.844764623504456,541601.9821562917,-0.08558384910700717,0.5801732889334147,0.5864517375025726,0.75,3.4864064930202487,26928.08620154616,0.20535465777914846,2.5288330671872434,2.53715731029261,0.75,1.676589882520408,511600.0517235862,0.17228071497713085,1.268454554925484,1.280100622085717,0.75,2.146287350872735,128718.25072157483,6.709451681277747,5.011918278656051,8.374727857986038,0.75,1.7967813287442511,2009545.9984367553,3.617398485799741,2.2063969434447297,4.237187661304194,0.75,1.7846715248460983,389454.9986581066,8.357261926852116,2.579183150327224,8.74619989692345,3.25,2.7135943645480896,532174.8609128515,2.3198102212777783,5.011918278656047,5.522756946912606,0.75,1.7967813287442473,2009545.9984367522,0.528984855799759,2.2063969434447284,2.2689231916721493,0.75,1.7846715248460965,389454.99865810614,0.02713966685215441,2.5791831503272107,2.5793259360632654,3.25,2.713594364548093,532174.8609128459,0.0655782703091676,0.5698108345708082,0.5735720501654724,0.75,2.807202238579074,25974.752856516356,-0.007299065957733628,2.3226638808963287,2.3226753496742174,1.5,1.7926829775153679,431581.41795395344,-0.0329274540738902,1.224563588737002,1.2250062041035685,1.5,1.7896303149190869,119964.47897206403,4.0,CIPN_13_1,CIPN_13,neuro,gait_full,4.0,0.5
9.457891691331957,0.874755382215285,9.49825837844395,3.25,2.707343169039962,61215.81641307507,-0.10381166533614632,0.7485102717869059,0.7556748565556299,0.75,1.7549884894536687,44821.54960233619,2.380214722738442,0.5614094925189845,2.44552708932681,0.25,2.1620602512779064,25214.781725361292,-0.17648882633200824,0.8747553822152874,0.892381804237773,3.25,2.707343169039976,61215.81641307538,-0.17325706966385368,0.7485102717869041,0.7683004875431295,0.75,1.7549884894536658,44821.549602335974,-0.6914336172615392,0.5614094925189856,0.8906520450601355,0.25,2.1620602512778975,25214.781725361394,-0.0015188117824457947,0.1954978098832807,0.195503709577056,2.5,2.5643047851872267,3057.586480328359,0.00655447115441947,0.23943467328352197,0.23952437008058497,4.75,3.2109913132393904,4586.317106554179,-0.008592854459026487,0.1568303916783556,0.15706561973181923,2.5,2.622925536274295,1967.668404773176,9.518697793672416,0.7044785612517511,9.544731412173286,1.5,2.4385973922834676,39703.284992116074,-0.3559531096982772,0.682853697261584,0.770059600399663,4.0,3.37897935372651,37303.13380126307,2.2444405327000694,0.9994551276835285,2.4569134818059566,1.5,1.972970901659259,79912.8829388445,-0.07815220367246284,0.7044785612517375,0.7088002611470879,1.5,2.4385973922834854,39703.28499211454,0.05083758469827991,0.6828536972615837,0.6847434788895542,4.0,3.3789793537265087,37303.133801263044,-0.13469538229992012,0.9994551276835268,1.0084906535341895,1.5,1.972970901659264,79912.88293884425,-0.00023397192789314847,0.27576195202241904,0.27576205127986336,0.75,2.943488390447774,6083.590607877942,-0.011154661880001769,0.3583898757049722,0.35856342463988516,1.5,2.721254902334879,10275.50436421804,0.013033768488325347,0.4019001957145716,0.40211148508394806,0.75,2.4010786802998454,12921.913513343354,7.414767691770485,4.910975774565221,8.89361922848566,0.75,1.8654837878722308,1929414.6678131449,-3.1815594259251245,1.9282413672821672,3.7202735317703737,0.75,2.2685278914380853,297449.1966657864,8.08920210487843,2.675259401638443,8.520105842043542,3.25,3.0034160401266528,572561.0932119369,2.536426366770508,4.910975774565199,5.527308727800076,0.75,1.8654837878722332,1929414.6678131283,-0.5047586809251421,1.9282413672821626,1.9932125066002049,0.75,2.2685278914380813,297449.196665785,0.07973440987847576,2.6752594016384497,2.6764473546426397,3.25,3.003416040126649,572561.0932119398,-0.09564124146436238,0.6172540133097106,0.6246196955074254,0.75,3.4450123716063623,30480.20474357554,-0.0779867965750361,2.4587109832722653,2.4599474871841687,1.5,1.8320174651429069,483621.41667809134,0.048156450488530476,1.2382445757410605,1.2391806458607288,1.5,2.3808622653962845,122660.09649880044,7.079585946050505,5.906371126572754,9.219856672005706,0.75,2.1530342246350727,2790827.61494864,3.7029106376841496,2.4492542036445073,4.4396388754880425,0.75,2.354594959127801,479909.4121562178,8.47247431551463,2.957724987920021,8.973904285829082,3.25,3.004499988951957,699852.4514776706,2.689944486050534,5.906371126572755,6.4900709720962215,0.75,2.1530342246350695,2790827.6149486406,0.6144970076841669,2.4492542036445015,2.5251639009226823,0.75,2.354594959127795,479909.4121562155,0.14235205551466482,2.9577249879200105,2.961148630493862,3.25,3.00449998895197,699852.4514776655,0.06020830057253502,0.5956031663131707,0.5986385981375635,3.25,2.978301437389827,28379.46369397301,0.11888450787585793,2.494308178317863,2.497139726694576,1.5,2.1170547773314468,497730.6561690304,-0.06961411208899355,1.3665706134851952,1.3683425617305198,1.5,2.1147917096207314,149402.57283408524,4.0,CIPN_13_1,CIPN_13,neuro,gait_full,4.0,0.5
9.491876238255633,0.8916204607289436,9.533661498519464,3.25,2.783487794415402,63599.027494064394,-0.19825999069431102,0.7780856737214997,0.8029472831766408,0.75,1.507746378402302,48433.48991259746,2.3794596690260903,0.5674963640821211,2.4461971383697145,1.5,1.981188379304325,25764.172827599297,-0.21047337325568471,0.8916204607289517,0.9161255846444497,3.25,2.783487794415454,63599.02749406554,-0.07880874430568893,0.7780856737214981,0.7820665788982911,0.75,1.507746378402298,48433.48991259725,-0.6921886709738929,0.5674963640821227,0.8950850682873853,1.5,1.9811883793043352,25764.172827599432,0.008806138474266749,0.18899050538873402,0.18919555809245905,2.5,2.308242101686841,2857.3933859979315,-0.005765395729417393,0.21667088188331435,0.21674757402104863,0.75,3.1984952449555335,3755.7217262209424,-0.012504954525604205,0.16069328179951695,0.16117910752695708,2.5,2.6985980270443273,2065.7915759287225,9.611937812858898,0.8499982720495627,9.649447941760913,1.5,2.5104884990748886,57800.053344332184,-0.5271078443594699,0.6824252622539702,0.8622916665187522,2.5,2.8443218967678865,37256.36375684008,2.2194540300363848,0.9144600958089193,2.4004610928468737,1.5,2.30106147274722,66899.47271691427,-0.17139222285894284,0.849998272049552,0.8671057355038967,1.5,2.5104884990748793,57800.05334433072,0.22199231935947064,0.682425262253969,0.7176244340997564,2.5,2.8443218967678896,37256.363756839964,-0.1596818849636034,0.9144600958089191,0.9282971351956155,1.5,2.3010614727472367,66899.47271691421,0.03621672952118876,0.2797533453231627,0.28208790423680286,0.75,2.8045080313439685,6260.9551450497465,-0.03204665670508887,0.34619691725584684,0.3476769962528805,1.5,2.694671086204016,9588.184736264411,0.03489113950302997,0.43184049016197873,0.43324773578076314,2.5,2.5361224180401214,14918.983164272811,7.863241882715199,4.987450483714331,9.31156459643538,0.75,1.915252554941721,1989982.5282804687,-2.9042194034165925,2.003749880828076,3.528385456281662,0.75,2.2732387125628484,321202.2904940359,7.888415684016154,2.7864549166065307,8.366088273865676,3.25,3.01919618174758,621147.6976376681,2.984900557715224,4.987450483714319,5.812425798833982,0.75,1.91525255494171,1989982.5282804596,-0.2274186584166096,2.0037498808280763,2.0166141998693106,0.75,2.273238712562846,321202.290494036,-0.12105201098379975,2.78645491660653,2.7890831094902726,3.25,3.01919618174757,621147.6976376682,-0.05376511542639926,0.5635786413553701,0.5661374149698806,0.75,3.7729589245689064,25409.767322639495,-0.04506219982694414,2.423094227251557,2.4235132011179688,1.5,1.9142163239520065,469712.3428167234,0.04769191044495834,1.133273114822566,1.1342761881929513,1.75,2.461022815196619,102745.39940899868,6.447932810703921,6.064582103601599,8.851835607526665,2.5,2.2388653575920703,2942333.8736812393,3.826385094435234,2.682203214785454,4.67284035425153,1.5,2.392171132110636,575538.0402658244,8.564513264126322,2.9389079205316864,9.054726236433634,3.25,3.0048460206924648,690974.7171605428,2.0582913507039553,6.06458210360161,6.404351596821308,2.5,2.238865357592068,2942333.8736812505,0.7379714644352517,2.6822032147854586,2.781872744703855,1.5,2.392171132110632,575538.0402658262,0.23439100412636207,2.93890792053168,2.948239967875615,3.25,3.0048460206924794,690974.7171605397,0.017652805312920693,0.46760346029864985,0.46793655298414855,2.5,2.995380850376611,17492.239718015488,-0.15840162885409653,2.461165531140109,2.4662576604434108,1.5,2.0789015720397725,484588.98997242213,0.05003531216511477,1.2890074029372371,1.2899781460514985,1.5,2.0941322216543936,132923.87229979993,4.0,CIPN_13_1,CIPN_13,neuro,gait_full,4.0,0.5
9.595674106999372,0.7931737700603378,9.628399981162493,1.5,2.716013253698872,50329.9728251939,-0.448534368220361,0.7163999230387647,0.8452289211833598,0.75,1.3719209183689622,41058.313664367415,1.8147582619776441,0.7625967974641243,1.9684769302480174,0.25,1.4957433024018918,46524.65657704981,-0.31427124199943146,0.7931737700603553,0.8531653081669591,1.5,2.7160132536989003,50329.972825196106,0.17146563322036282,0.7163999230387637,0.7366337713583369,0.75,1.3719209183689567,41058.313664367306,-1.2568900780223364,0.7625967974641243,1.4701450757437287,0.25,1.4957433024018951,46524.65657704983,-0.04024398671021874,0.18841204847991913,0.19266208365615603,2.25,1.8159433406574794,2839.9417401328774,-0.03838687721661437,0.22720386090736658,0.23042384154782558,1.5,2.8699022686720355,4129.746248360278,-0.020430335279601853,0.13245892255884645,0.13402523928382828,2.25,2.5612619340729443,1403.6293384690402,9.541327651118165,0.7813480258122545,9.57326684488805,1.5,2.47872524074066,48840.38426708318,-0.45299440330544954,0.6501716098092164,0.7924184826390461,0.75,2.692282748786184,33817.849776155344,2.3204443091798637,0.8409886919421145,2.468141764968075,1.5,1.9615157875446254,56580.958437171896,-0.10078206111821827,0.7813480258122456,0.7878208941656282,1.5,2.4787252407406695,48840.38426708207,0.14787887830544977,0.6501716098092166,0.6667767878764124,0.75,2.6922827487861944,33817.84977615536,-0.05869160582012158,0.8409886919421193,0.8430342131659079,1.5,1.9615157875446263,56580.95843717255,0.03516826158961314,0.26850271268752196,0.2707960733537202,0.75,2.7010363199601874,5767.496770511529,-0.017945762668461138,0.2758055935801045,0.27638881281236133,1.5,3.0115269199837753,6085.504975201493,0.006046202343641654,0.375945074315655,0.37599369072496897,0.75,2.4332247746667797,11306.778880606595,6.894350035538382,3.9868281051661896,7.964098238512073,1.5,1.8150938733597195,1271583.89975782,-2.9552765285619182,1.71535567467174,3.4170315261784636,0.75,2.0091226117738503,235395.61615649122,7.928978757682618,2.129173492548026,8.209877215960745,3.0,2.9115565045259477,362670.3906514403,2.0160087105384132,3.9868281051661962,4.46755967627852,1.5,1.8150938733597215,1271583.8997578241,-0.27847578356193364,1.7153556746717427,1.7378129509987497,0.75,2.0091226117738534,235395.61615649197,-0.08048893731733564,2.1291734925480172,2.130694307121413,3.0,2.911556504525937,362670.3906514373,-0.06596368049625907,0.4590469333407422,0.4637621094420634,4.75,3.977892493206875,16857.943110002965,0.051964137791851286,2.2127780341734264,2.2133881042729184,1.5,1.76996396769466,391711.254627058,0.033929942979457305,1.012139832804136,1.0127083895077467,1.5,2.049422117153164,81954.24456390992,6.37877110794032,5.0222979799538185,8.11863275724074,2.25,1.9474674925981454,2017881.4185494706,3.565093956035288,2.172627542948418,4.1749497428995985,1.5,2.443511492098835,377626.4940580587,8.253438919550986,2.6423954924105724,8.666112619685407,3.0,2.9276728265344585,558583.8748909719,1.9891296479403495,5.022297979953821,5.401862063748346,2.25,1.9474674925981528,2017881.4185494727,0.4766803260353011,2.1726275429484256,2.2243054137431835,1.5,2.4435114920988226,377626.4940580614,-0.07668334044896774,2.642395492410565,2.643507948354626,3.0,2.927672826534473,558583.8748909683,0.024559218215768407,0.48342016279654204,0.48404360237235333,0.75,2.901714415693399,18695.60486297352,-0.032903309709722016,2.1312874184619814,2.1315413877952714,1.5,1.9005918188741315,363391.17666064866,-0.0367406212935135,1.1976500601100857,1.1982134783646547,1.5,1.9353574917883476,114749.25352880973,4.0,CIPN_13_1,CIPN_13,neuro,gait_full,4.0,0.5
9.496678883724034,0.7703714404235217,9.52787394841001,3.25,2.981466066689768,47477.772565246116,-0.17852997441494048,0.6451695162032737,0.6694151599736635,0.75,1.9579835549008184,33300.00744430436,2.3650413052077566,0.8047440680326624,2.4982060344120067,0.25,1.4026095052981151,51809.444770054855,-0.4855856637240914,0.7703714404235145,0.9106402105302439,3.25,2.9814660666897606,47477.77256524523,-0.5030835405850554,0.6451695162032737,0.8181300345578089,0.75,1.9579835549008182,33300.00744430436,-1.2166240297922215,0.8047440680326623,1.4586936089877214,0.25,1.4026095052981182,51809.44477005484,-0.08985442990976476,0.21111218426072956,0.229438821731949,0.75,1.9440030985013899,3565.4777135115023,-0.0035069249777744814,0.23556512274172528,0.23559122559026646,1.5,2.4632286546633777,4439.290344693936,-0.019955861408633927,0.1558922262494715,0.1571643172274706,2.25,2.497375660022096,1944.21166060664,9.538791258081744,0.7179575981861895,9.565772408857008,1.5,3.096153909099716,41237.13972646879,-0.39272336124790663,0.682841158470914,0.7877205635069797,2.25,3.603960210917465,37301.94715294365,2.2675958916085817,1.002784316514644,2.4794288683259014,1.5,1.997709781677869,80446.47563235842,-0.2100502380818,0.7179575981861956,0.7480536179389227,1.5,3.096153909099716,41237.139726469504,0.09582371124790753,0.6828411584709152,0.6895318929094026,2.25,3.6039602109174633,37301.94715294378,-0.5289359033914036,1.0027843165146422,1.1337325854645877,1.5,1.9977097816778655,80446.47563235814,-0.04260795395377325,0.2691975783233453,0.2725486633892753,0.75,3.0342907057483117,5797.386978099871,0.05593316637623956,0.30162138288796064,0.30676371642702116,1.5,2.7848665778991224,7278.036720419871,-0.014421938110027803,0.3708416898345762,0.37112201661746436,0.75,2.451664910200845,11001.89129616026,6.943992852736355,4.36493747593516,8.201933668817178,1.5,1.874151293131185,1524214.3402815687,-3.1456510831462285,1.649910697407885,3.552087561747319,0.75,2.13630973349678,217776.42592788415,7.980483840482974,2.419998034211597,8.339335274096964,3.25,2.9155711832113718,468511.2444524932,1.788180582736398,4.364937475935176,4.717019076206798,1.5,1.8741512931311821,1524214.3402815794,-0.5050884781462385,1.6499106974078819,1.7254911417266234,0.75,2.1363097334967827,217776.4259278834,0.12316924548303225,2.4199980342116048,2.423130443996132,3.25,2.9155711832113846,468511.2444524959,-0.056996452056586676,0.4526488439584714,0.45622315974090943,0.75,3.383979139373296,16391.280706431466,-0.018011377621248013,2.198301620598281,2.198375405805124,1.5,1.6905183472120593,386602.40243013634,0.051767886183572955,0.954956528908653,0.9563586597846953,1.5,1.9128910931290675,72955.35792613482,6.2667223309779585,4.350946478542475,7.629059183983237,1.5,1.9004589356731663,1514461.773642115,3.8847685973209627,2.0803871058192116,4.406749092561308,0.75,2.2960270642073475,346242.6115118133,8.393643446557013,2.279571367621271,8.697683365586965,3.25,3.0196380177872864,415716.5933207519,1.7562069559779883,4.350946478542489,4.692014293602137,1.5,1.9004589356731707,1514461.7736421253,0.6580732073209811,2.080387105819213,2.181987822205377,0.75,2.29602706420735,346242.61151181365,0.153071771557056,2.279571367621269,2.284704923469619,3.25,3.0196380177872912,415716.5933207512,-0.005211075727047483,0.4555805182312612,0.4556103202322106,3.0,3.445689299653531,16604.298075917734,-0.15014300532433147,2.061875838598766,2.067335216128528,1.5,1.8868611568797595,340108.1012123348,0.023206210858838637,1.1917690047942815,1.1919949198762454,1.5,1.8610483929261374,113625.18455403659,4.0,CIPN_13_2,CIPN_13,neuro,gait_full,4.0,0.5
9.364975327927493,0.914040607052653,9.409475709306646,1.75,3.267484755143325,66838.3986531222,-0.18744878291007044,0.8662200749909418,0.8862698598800365,0.75,1.4012502095369899,60027.04995600165,2.57012663676779,0.801208115591244,2.692115408654054,0.5,1.1713457684669426,51354.76227869451,-0.3538821079275424,0.9140406070526438,0.9801544662207107,1.75,3.2674847551432937,66838.39865312084,-0.4941647320899263,0.8662200749909426,0.997264258237917,0.75,1.401250209536988,60027.049956001756,-1.011538698232188,0.8012081155912423,1.2904049684151635,0.5,1.1713457684669593,51354.7622786943,-0.06764981657974443,0.21944262276387028,0.22963353929415306,2.5,2.1777767658729896,3852.4053067881723,0.06102328169898417,0.2937301677407121,0.3000020872432398,0.5,2.8287170768970795,6902.244606901038,-0.056727129822094595,0.19681223277565582,0.2048243692239566,2.5,2.454499447073987,3098.8077985794307,9.457575368593137,0.7327766629355978,9.485920803504667,3.25,3.3777800505822397,42957.40445536758,-0.45383261190541474,0.7380260005551058,0.8663985325035216,2.5,3.4950885588269096,43574.64432181116,2.5515360073608417,1.0413152698170176,2.7558435166048514,1.75,2.3182810502183813,86747.34741432512,-0.1288343485931786,0.7327766629355996,0.7440160798803089,3.25,3.3777800505822615,42957.4044553678,0.1569329619054158,0.7380260005551067,0.7545265615124316,2.5,3.495088558826908,43574.644321811276,-0.24499578763914356,1.041315269817015,1.0697478334238435,1.75,2.318281050218378,86747.3474143247,-0.06289784351386779,0.3039536532598863,0.3103932377625618,0.5,3.1610684489777756,7391.02586670014,0.025433653686837147,0.3751792562482282,0.37604035030676647,1.75,2.869686177834209,11260.821427134944,-0.035033017988318496,0.3947218506096159,0.3962734557071036,2.5,2.6741520873786193,12464.535140297563,7.10549487479749,4.858387536831997,8.60767023496009,2.5,1.9795902982971718,1888314.6032209217,-3.2828102670519503,1.9103958662347638,3.7982174260024353,0.75,2.1404545256268697,291969.65311166894,8.184613302826179,2.741678990373615,8.63161042929159,3.25,3.0165861339163293,601344.5168962063,1.9496826047975266,4.858387536832008,5.234996821154207,2.5,1.97959029829717,1888314.6032209299,-0.6422476620519649,1.910395866234762,2.0154638238227154,0.75,2.1404545256268626,291969.6531116685,0.3272987078262315,2.7416789903736127,2.761146162447905,3.25,3.016586133916337,601344.5168962054,-0.1129620773668282,0.6553093334571765,0.6649742502075687,2.5,3.3082751786486746,34354.49888168675,0.05063259640448896,2.5741297230016196,2.5746276411665927,1.75,2.3779540891586533,530102.0931556353,0.06464590678191888,1.1342619053037317,1.1361026199630508,1.75,2.784100779521805,102925.93882376155,6.741787655640345,5.289513440947188,8.569168759903466,1.75,1.9061813519799382,2238317.0858603907,3.826184504486622,2.403449104634588,4.518435067691284,0.75,2.2231060803326783,462126.16828603717,8.562941594202819,2.7039239547890226,8.979708987434426,3.25,2.9568896520465473,584897.1333881947,2.231272280640373,5.2895134409471884,5.740864780877098,1.75,1.9061813519799402,2238317.085860392,0.5994891144866402,2.4034491046345874,2.4770859486414225,0.75,2.223106080332676,462126.1682860371,0.3223699192028673,2.703923954789022,2.7230731018628145,3.25,2.9568896520465504,584897.1333881944,0.01260713394797945,0.5713520864077862,0.5714911604468722,2.5,3.349798901729893,26115.48835414847,-0.03744673184148024,2.2682539474334336,2.2685630314745415,1.75,1.8532555836447353,411598.0832755424,-0.061648612158117774,1.282363122524413,1.2838441219211874,1.75,1.8284281911448486,131556.42420995835,4.0,CIPN_13_2,CIPN_13,neuro,gait_full,4.0,0.5
9.244970348782168,0.8746371062062225,9.286251494409047,3.25,2.810739411192401,61199.20766763901,-0.0813332868065097,0.8938022282576001,0.89749514025481,0.75,1.3328568847943003,63910.599863910866,2.9158469556246867,0.6751330682705652,2.9929864898622878,0.25,1.4654230860584647,36464.566234053,-0.23387712878221387,0.8746371062062068,0.9053665439589536,3.25,2.8107394111924013,61199.20766763683,-0.600280228193488,0.8938022282575996,1.0766702260201477,0.75,1.3328568847942972,63910.59986391079,-0.6658183793752944,0.675133068270564,0.9482187375212374,0.25,1.4654230860584836,36464.56623405286,-0.024698451883223768,0.19850680981266441,0.200037414169023,2.5,2.268757603452016,3152.4029720402405,0.04040491233065999,0.2966586592365352,0.2993975902382433,1.0,2.7147191235175807,7040.51708504859,-0.03454753812157624,0.1860756362741711,0.1892555806445331,2.5,2.3056820171638837,2769.9314512989986,9.445798253631017,0.7052158382523075,9.47208709983289,3.25,2.7436891304563242,39786.38764252395,-0.37259831628202345,0.6186143878689351,0.7221587541355821,2.5,3.475018208001364,30614.88277768653,2.400894102911108,0.9903121534823909,2.597115833906579,1.75,2.2097723599866232,78457.85399674324,-0.11705723363105924,0.7052158382522934,0.7148648644794631,3.25,2.7436891304562856,39786.387642522364,0.07569866628202462,0.618614387868935,0.6232287292441953,2.5,3.4750182080013694,30614.882777686522,-0.3956376920888757,0.990312153482389,1.0664179971926293,1.75,2.2097723599866237,78457.85399674295,-0.03943808087315794,0.2477088828798574,0.25082873216707985,0.75,3.2913964636510156,4908.775515313425,0.06902579648637364,0.35652451464095747,0.3631449987546966,1.75,2.6391482227809147,10168.784552991527,-0.019238456128668174,0.37248129743382746,0.37297779442240536,2.5,2.337021249640823,11099.398302301532,7.0714703384776785,4.751654046187653,8.51961905971277,0.75,1.8750083495662802,1806257.3119489243,-3.1479393289008226,1.8644105924231098,3.6586266379039083,0.75,2.2602886808430562,278082.15820375003,8.150784920619994,2.644580528122692,8.569078187992686,3.25,2.985117196062818,559504.5373278807,1.9156580684776932,4.751654046187636,5.123276491657953,0.75,1.8750083495662828,1806257.3119489113,-0.5073767239008411,1.8644105924231134,1.9322158257026711,0.75,2.2602886808430536,278082.1582037511,0.29347032562004144,2.644580528122683,2.660813973532381,3.25,2.98511719606282,559504.5373278765,-0.09993528891247581,0.6155384032605427,0.6235980980235255,0.75,3.133547298409238,30311.002786838075,-0.05078536872776663,2.4012850940058725,2.40182207009004,1.5,1.8214123040307761,461294.005846,0.04238751712173924,1.0763010672084314,1.0771354087958274,1.5,2.265150944056308,92673.98003937746,7.0490203128788975,5.852201922116565,9.161711341698348,2.5,2.4979715730072303,2739902.303416197,3.802951368376035,2.5346631991508732,4.5702250101458795,0.75,3.1611064057812936,513978.8963506517,8.600731256499136,2.9393379271713824,9.089130079200615,3.25,3.7275008841408517,691198.3538717165,2.5385049378789226,5.852201922116543,6.37904966722005,2.5,2.4979715730072254,2739902.303416176,0.5762559783760495,2.534663199150875,2.599343856773068,0.75,3.161106405781289,513978.89635065256,0.3601595814991781,2.9393379271713864,2.9613210522085986,3.25,3.727500884140859,691198.3538717182,0.07668363137232345,0.5991095171300089,0.6039971794935791,3.25,3.2151959755691246,28714.60293940745,0.19436229728664395,2.4660383146940172,2.473685847504782,0.75,1.7720879616902692,486509.01577779884,-0.1706272690095873,1.355555082305083,1.3662515310486611,0.75,1.8442808674355886,147002.64463263276,4.0,CIPN_13_2,CIPN_13,neuro,gait_full,4.0,0.5
9.369991093001467,0.9105159325689366,9.414126212580152,1.75,3.052811293658213,66323.22090973948,-0.08885488922941168,0.8192741174435888,0.8240784373182825,0.75,1.5354626855705817,53696.83700806374,2.8154086459667904,0.6117000746347201,2.8810940326710406,1.75,1.8798717103383706,29934.15936627844,-0.35889787300151754,0.9105159325689232,0.9786965549683259,1.75,3.0528112936582175,66323.22090973753,-0.5927586257705849,0.8192741174435882,1.0112234510425493,0.75,1.53546268557058,53696.837008063674,-0.7662566890331892,0.6117000746347221,0.9804724854865793,1.75,1.8798717103383704,29934.159366278636,-0.03710913309352907,0.20730218222050362,0.21059744184660967,2.5,2.3960394423678033,3437.9374632662934,0.010846390527498863,0.25899406051801255,0.2592210785624559,1.75,3.4725154489691614,5366.234001350513,-0.031017062329723427,0.1927157593693272,0.1951958556549354,2.5,2.3732401284803317,2971.153989851776,9.49014430106123,0.7935876937119674,9.523267311305297,1.75,2.709672611781701,50382.51433570413,-0.3886270804175376,0.6597071790918814,0.7656660954876002,2.5,3.729279133365236,34817.203053716126,2.434554247706031,1.0292335471015899,2.6431753781205667,1.75,2.194148793132459,84745.95737523174,-0.1614032810612809,0.7935876937119513,0.8098348268310029,1.75,2.7096726117817074,50382.51433570207,0.09172743041753964,0.6597071790918819,0.6660536642316239,2.5,3.72927913336523,34817.20305371618,-0.36197754729395226,1.029233547101588,1.091031364913155,1.75,2.1941487931324506,84745.95737523142,-0.009059031885986172,0.2390776911903143,0.2392492601526755,4.25,4.251590990650142,4572.651669610711,0.04388696931087784,0.3359220533859327,0.3387767583915924,1.75,3.012815687030792,9027.49059698044,0.003728404391445048,0.4226685083660606,0.42268495237433845,2.5,2.436550730222399,14291.958649456481,7.7481696684496715,5.24731557062775,9.357801766912777,2.5,1.8017640118169882,2202746.372373999,-3.02291718107395,2.0634009463158622,3.6600070695135645,0.75,2.5025384522219474,340611.6481114051,8.117590456525901,3.0421093352780444,8.66889289515485,3.25,2.9272621656795423,740354.3368123587,2.5923573984496944,5.247315570627741,5.852746157065861,2.5,1.8017640118169904,2202746.3723739916,-0.38235457607396706,2.0634009463158622,2.098527695100043,0.75,2.5025384522219483,340611.648111405,0.26027586152594906,3.0421093352780377,3.0532233347527757,3.25,2.927262165679542,740354.3368123557,-0.06151273616981807,0.47854680323247284,0.4824840511303112,0.75,3.391752511164705,18320.634735783555,0.009193777678224092,2.491339970449281,2.4913569342641813,1.75,1.9621119652814902,496543.828323571,0.09858837705014276,1.1277514686790115,1.1320525796963006,1.75,2.2168125329256356,101746.48905302407,6.87261220482144,5.245170901077001,8.645496879842451,1.75,1.9780665025278126,2200949.4942504726,3.810376291292333,2.2801456125026824,4.440499014239047,0.75,2.363065257129195,415927.0984602168,8.693279004721127,2.718455013116902,9.108408066850405,4.25,3.0122757186423197,591201.3878956445,2.3620968298214597,5.245170901076973,5.752505472831575,1.75,1.9780665025278092,2200949.4942504484,0.5836809012923455,2.2801456125026793,2.3536668007066472,0.75,2.3630652571291955,415927.0984602158,0.45270732972116806,2.718455013116901,2.7558921576730246,4.25,3.0122757186423303,591201.3878956441,0.08244912954490119,0.5276583905562406,0.5340610789854604,3.25,3.199032802139041,22273.983881163826,-0.23332559090978836,2.484372742531096,2.4953053430802576,1.75,1.7893981813254967,493768.9456877922,0.0668623558815279,1.3193773365233739,1.3210704488275937,1.75,1.972071937252098,139261.13622316997,4.0,CIPN_13_2,CIPN_13,neuro,gait_full,4.0,0.5
9.367268571722615,0.9212398597213831,9.412460006497863,3.25,3.08090792860702,67894.73314283605,-0.18503077077613062,0.8437252698098225,0.8637758488460224,2.5,2.026140623582712,56950.414793567485,2.827889386078093,0.5970886597952235,2.8902375763160357,1.5,1.9821001683453408,28521.195221497674,-0.3561753517226651,0.9212398597213715,0.9876961882655091,3.25,3.080907928606984,67894.73314283429,-0.49658274422386606,0.8437252698098232,0.9790131525043801,2.5,2.0261406235827146,56950.4147935676,-0.7537759489218884,0.5970886597952243,0.9616096135278341,1.5,1.982100168345354,28521.195221497757,-0.013246268707152032,0.2242474797576843,0.2246383667416034,2.5,2.48012841230345,4022.965322914364,0.026745233736904076,0.24463058717002162,0.24608825999383063,1.5,3.6216416857579667,4787.542856067527,-0.04706057779976436,0.19343124400949027,0.19907371534661888,2.5,2.4402171823948575,2993.2530990957894,9.483911377974586,0.7866846818021401,9.516482954004486,3.25,2.7436211232949956,49509.8378923376,-0.45178405694110607,0.7291529042940561,0.857771992983346,2.5,3.739576386902805,42533.16523219034,2.5598201593309606,1.07045541114149,2.7746268281264928,1.75,2.1364932318460252,91670.03517142356,-0.15517035797463932,0.7866846818021282,0.8018420222064278,3.25,2.743621123294977,49509.83789233609,0.1548844069411099,0.7291529042940563,0.7454214494860988,2.5,3.7395763869027965,42533.16523219037,-0.23671163566902456,1.0704554111414868,1.0963152765984767,1.75,2.13649323184602,91670.03517142303,-0.011430430556488971,0.2705119376037599,0.2707533252406094,4.0,4.1670538734405245,5854.155994141295,0.02633301991508798,0.3573678362151949,0.3583367107888596,1.75,3.057938377970104,10216.96584635431,-0.0441989167889381,0.416588937533924,0.418927066589113,2.5,2.367670619943336,13883.726035016996,7.083624299975239,4.837433171723417,8.577790677912919,2.5,1.9128395715356494,1872062.4995858527,-3.22088596014005,1.9993385214240107,3.7909709694848948,0.75,2.074739527518093,319788.5809079533,8.32990721716581,2.739795497665146,8.768912909569648,3.25,2.872028102416609,600518.881359851,1.9278120299752688,4.8374331717234185,5.20741960224135,2.5,1.9128395715356508,1872062.4995858546,-0.5803233551400626,1.9993385214240094,2.081857276513201,0.75,2.074739527518093,319788.58090795286,0.4725926221658447,2.7397954976651415,2.780255951446156,3.25,2.8720281024166097,600518.8813598489,-0.0888838324191354,0.5072577747367959,0.5149861995203744,3.25,3.360308383880241,20584.837049969166,-0.13654932515982923,2.5522944479465215,2.555944574363897,1.75,2.111476800461895,521141.4429748528,0.018075242571347773,1.1667325107323523,1.1668725148849088,1.75,2.3500977548788935,108901.65401715135,6.955637264956395,5.316714463037086,8.754903908274366,0.75,2.1934348001297783,2261421.3939323793,3.7463073342898845,2.354792520563816,4.424914288193328,0.75,2.546357802212401,443610.22253328306,8.575320427037088,2.7789419548996532,9.01435737116413,3.25,3.4484609436757947,617812.9024432441,2.4451218899564258,5.316714463037097,5.852014502563364,0.75,2.193434800129774,2261421.39393239,0.519611944289897,2.3547925205638176,2.411440313910345,0.75,2.5463578022123965,443610.22253328364,0.3347487520371341,2.7789419548996612,2.7990311030233244,3.25,3.4484609436757765,617812.9024432475,0.05128503593058143,0.6073628986043096,0.6095242780328195,3.25,3.021489580552164,29511.178830156667,-0.07012564352916315,2.3966472466975306,2.397672961640773,1.5,1.8873832775037687,459514.0539255517,-0.004925993973834916,1.2965408745165556,1.2965502322350586,1.5,1.8917593758207738,134481.6809860438,4.0,CIPN_13_2,CIPN_13,neuro,gait_full,4.0,0.5
9.372817913686788,0.8250580782574183,9.409061402479303,3.25,2.973345861549011,54457.897126594995,-0.33742928746681067,0.6970161351165441,0.7743965500008145,2.5,1.7471569683027657,38866.563183510494,2.693655560757295,0.5474772955181948,2.7487291007130206,0.25,1.6650742906313794,23978.519078733174,-0.36172469368684146,0.8250580782574184,0.9008693504169535,3.25,2.9733458615490256,54457.89712659501,-0.3441842275331854,0.6970161351165449,0.7773636697810241,2.5,1.7471569683027628,38866.56318351059,-0.8880097742426858,0.547477295518193,1.043212705184547,0.25,1.665074290631415,23978.519078733018,0.4640789333354769,0.8044227815995364,0.9286900817399363,0.25,0.6650875246763169,51767.929074003405,0.009886399729822493,0.22279288493691135,0.22301213078693644,5.0,3.3135322750755822,3970.9461859524904,0.10805543747634189,0.2863244444501767,0.306035398373956,0.25,1.152823506389709,6558.537096336521,9.407752169161911,0.6720498235964675,9.431725814598655,3.25,2.7715993445806415,36132.07754148987,-0.40482589168385696,0.8599990543576136,0.9505168994150601,0.75,2.825442073538569,59168.1971553042,2.5739114582706066,0.9336590694570569,2.7380174310979357,1.5,2.0319589447330735,69737.64414406497,-0.07901114916196138,0.6720498235964644,0.6766784517685875,3.25,2.7715993445806264,36132.077541489554,0.10792624168386009,0.8599990543576129,0.8667447416281173,0.75,2.825442073538562,59168.19715530413,-0.22262033672937936,0.933659069457057,0.9598328356046796,1.5,2.031958944733074,69737.64414406498,0.2937546638884213,0.6960279374654502,0.7554777907315396,0.25,1.154639225921642,38756.60061940048,0.0693530546778521,0.31077422367285895,0.3184186933781013,1.75,2.98008438534231,7726.453089837849,0.06295567495024787,0.39865785521579217,0.40359819441332584,0.75,2.047139108526586,12714.250147452447,6.834466021839689,4.089174700410334,7.964375401383159,1.5,1.84403590145055,1337707.978551158,-3.524216126140583,2.389460236764287,4.257889092828392,0.75,1.6131595133984047,456761.6691906396,7.814057152914213,2.5156526795607164,8.209019283275609,3.25,2.5457992352433085,506280.69262797205,1.6786537518397149,4.089174700410316,4.420319914784602,1.5,1.84403590145055,1337707.978551146,-0.8836535211405954,2.3894602367642936,2.5476192353846456,0.75,1.6131595133984014,456761.66919064225,-0.043257442085752655,2.5156526795607266,2.5160245647602224,3.25,2.5457992352433103,506280.69262797607,0.10171144946803548,0.980862756074308,0.986122185738956,1.0,2.223178948868827,76967.34209996562,-0.1215340780305663,2.1457257233742366,2.149164817335476,1.75,1.8325367566722592,368331.11418290634,0.27956923973708564,1.4290010455988211,1.4560916688621277,1.5,1.8341214553023428,163363.51907355714,6.713804077409704,4.907111675223965,8.315943132499315,0.75,1.9361018993467924,1926382.3162648203,3.7143888399432465,2.244923981594261,4.340088494193634,0.75,2.3196827924391425,403176.33694979834,8.273035228569352,2.451496608909474,8.628612143134271,3.25,3.210234875974446,480789.9816962366,2.203288702409738,4.907111675223992,5.379054387091285,0.75,1.936101899346795,1926382.316264842,0.4876934499432602,2.2449239815942654,2.297287222846679,0.75,2.3196827924391497,403176.3369498001,0.03246355356939865,2.451496608909483,2.451711546207067,3.25,3.2102348759744315,480789.9816962399,0.2510717651896212,0.8771871845952472,0.9124113042337697,0.75,2.2525460312299965,61556.7768663971,0.30463389276728753,2.219927698279361,2.2407322004671717,0.75,1.7884403121739656,394247.9361056941,0.1877943223468386,1.5586404341680822,1.5699129627241681,1.5,1.7086985443702585,194349.5172536205,4.0,CIPN_13_2,CIPN_13,neuro,gait_full,4.0,0.5
9.49819412017092,0.5984083948297498,9.517026014015732,1.75,3.1237647001013316,28647.42146902289,-0.1322868988770275,0.7607687701425686,0.7721845279716094,0.75,1.11929301425511,46301.529751486654,2.43803960973695,0.4577172927402753,2.480633439007018,0.5,1.5862392407030292,16760.412890355656,-0.48710090017097846,0.5984083948297584,0.7715956803599314,1.75,3.1237647001013222,28647.421469023706,-0.5493266161229683,0.7607687701425684,0.9383649891195575,0.75,1.1192930142551132,46301.52975148665,-1.1436257252630293,0.4577172927402754,1.2318217888789258,0.5,1.5862392407030348,16760.412890355667,0.7031450798332528,0.7500243561670256,1.0280805115055303,0.25,0.47304795033541097,45002.969966652665,0.04245225487637435,0.244048855378461,0.24771362044834278,0.75,2.323861731656572,4764.840016572078,0.16877977517168358,0.26309899064021014,0.3125822953765959,0.25,1.0722982034836095,5537.705585623489,9.416810354428645,0.4912567838386403,9.429615606107282,1.75,3.088350704954729,19306.70041629156,-0.2576687997830542,0.9053435343375814,0.941297044268441,0.5,2.0169124369117526,65571.75498260866,2.567664067290581,0.6964198997868704,2.6604321903168975,1.75,2.146242332973781,38800.41940505756,-0.08806933442868886,0.49125678383864224,0.4990886046927927,1.75,3.08835070495471,19306.700416291722,-0.03923085021694331,0.905343534337582,0.9061931222292567,0.5,2.0169124369117584,65571.75498260872,-0.22886772770940148,0.6964198997868717,0.7330628305991385,1.75,2.1462423329737796,38800.41940505771,0.6698275875502618,0.7217203457766359,0.9846569222583826,0.25,0.7387029530510685,41670.42108918806,0.02261355889724638,0.2305012204670487,0.2316078273349116,1.75,3.0120982319523337,4250.500780266916,0.20699546383591405,0.36305572691435656,0.4179193497481985,0.25,1.72950348999773,10544.762239533688,6.484194240203498,3.1472420970417745,7.207628442288082,0.75,1.7404803537321725,792412.5276912723,-3.424767132772505,2.164487665808089,4.051424042130638,0.75,1.606394381856914,374801.08371460944,7.5549821512111315,2.020350244931146,7.8204584531414865,0.75,2.6429183778970726,326546.050660152,1.3283819702035302,3.1472420970417674,3.416098868029682,0.75,1.7404803537321702,792412.527691269,-0.7842045277725208,2.164487665808094,2.3021693240972287,0.75,1.606394381856905,374801.0837146111,-0.3023324437888198,2.0203502449311634,2.04284605850777,0.75,2.6429183778970664,326546.0506601574,0.34944412069767794,1.08810604320571,1.142841176520587,0.75,1.9984382749337675,94718.01152473004,-0.2530731072366035,1.5810455033959903,1.6011717214012584,1.75,2.3241980303427336,199978.37272317204,0.5918998862684428,1.5947782647341124,1.7010770673408486,0.75,1.7105109212036103,203466.09880542356,5.516873916844532,3.2107873043919017,6.383185171088471,1.75,1.7331795610414469,824732.4094205229,3.479528050999036,1.5560204017638501,3.8116026745182245,0.75,1.9020199019530188,193695.96396557707,8.243479982931701,1.5381792974932156,8.385759225033375,1.0,2.5512566964427434,189279.645437929,1.0063585418445613,3.2107873043919106,3.364804991197526,1.75,1.7331795610414542,824732.4094205274,0.25283266099904994,1.5560204017638453,1.5764275578576958,0.75,1.9020199019530206,193695.96396557588,0.0029083079317478067,1.5381792974932096,1.5381820469280383,1.0,2.551256696442748,189279.64543792757,0.4234133337420905,0.9206350007658696,1.0133349178952453,0.75,1.6285799312351013,67805.5047096029,0.23576403207178864,1.635807130060434,1.652709788672924,1.75,1.6505428486521436,214069.19759030806,0.5848330337544607,1.4712665374145388,1.5832418960747003,0.5,1.261829795961708,173170.01868376645,4.0,CIPN_13_2,CIPN_13,neuro,gait_full,4.0,0.5
9.225585825172324,0.6627012690780066,9.249357101423758,0.25,2.3173012080298974,35133.85303325783,0.20575414576597015,0.7450887937666177,0.7729761180634738,0.75,1.204280635160654,44412.585344453546,3.097635644893442,0.9265150364601941,3.233230072435496,0.25,0.7191110857732993,68674.4359979098,-0.21449260517237176,0.66270126907801,0.6965486700233057,0.25,2.3173012080299156,35133.853033258194,-0.8873676607659666,0.7450887937666172,1.1586969733152221,0.75,1.2042806351606603,44412.58534445347,-0.48402969010653757,0.926515036460193,1.0453300214245562,0.25,0.719111085773285,68674.43599790962,0.2226077827885499,0.4240693804987977,0.47894578444190145,0.25,1.0545810246171792,14386.984159559308,0.013392827732382791,0.2697386733617,0.2700709531615704,0.25,1.7590477432326277,5820.729275360889,0.033571784143512244,0.15065614601883132,0.15435134927763347,0.25,1.5791316185399693,1815.796479287209,9.43049147644659,0.4760912331942869,9.442501382030942,1.5,2.7062770434319807,18133.02909173979,-0.2630793109064071,0.751441595324365,0.7961627942893443,0.75,2.5251781299372458,45173.2430108145,2.430637176226068,0.8228729851194855,2.5661482872374477,1.5,1.8292019411018232,54169.60109079312,-0.10175045644663658,0.47609123319429014,0.4868429086590036,1.5,2.7062770434319003,18133.02909174004,-0.033820339093590696,0.7514415953243648,0.7522022909563835,0.75,2.5251781299372484,45173.243010814454,-0.3658946187739136,0.8228729851194904,0.9005547299787884,1.5,1.8292019411018188,54169.601090793774,0.40204548459393413,0.5591421842763531,0.6886802987741864,0.25,1.4649373787063222,25011.65259991721,0.0025212011421692137,0.21777772627174047,0.21779231968847845,1.5,3.112822034227412,3794.177567513011,0.13602182825198708,0.35249983034586524,0.37783338676575,0.25,2.0382024842502102,9940.577874509643,6.5811691935053345,3.7704103052990434,7.584707102047441,1.5,1.7387920214829857,1137279.5110178108,-3.3285824336963037,1.6524678991871424,3.716195793517287,0.75,1.9227835996314084,218452.03032710223,7.735340948439496,2.0022563488104552,7.990277221408316,1.5,2.9400231363743945,320722.43975297513,1.4253569235053618,3.770410305299037,4.030835673863405,1.5,1.738792021482994,1137279.5110178073,-0.6880198286963178,1.652467899187137,1.7899780564362404,0.75,1.9227835996314007,218452.03032710086,-0.12197364656046013,2.0022563488104455,2.0059681096186432,1.5,2.940023136374396,320722.4397529722,0.2204021049129078,0.8509776915103541,0.8790563800452913,0.25,2.220622077479501,57933.04458236725,-0.11128037435349772,1.813668390794183,1.817079071884935,1.5,1.709836932617277,263151.4476767711,0.42701343231439354,1.3481424085294234,1.4141529001675999,0.75,1.71625574732267,145399.03711163925,5.39295286653999,3.4577309474082174,6.406234769768153,1.5,2.1172034351966156,956481.2455172933,3.627624720842226,1.6587377927358373,3.988868533847135,0.75,1.9504530313664072,220115.22226724087,8.563595763102304,1.7823601290922895,8.747112667823686,3.0,2.8461753247162194,254145.4811524536,0.8824374915400266,3.457730947408239,3.568557023663785,1.5,2.1172034351966067,956481.2455173053,0.4009293308422407,1.6587377927358344,1.7065038509712644,0.75,1.9504530313664026,220115.22226724017,0.3230240881023463,1.7823601290922868,1.8113950952987108,3.0,2.8461753247162287,254145.48115245285,0.2774386316765395,0.7425968696773193,0.792730916011924,0.75,2.2157517301272,44116.52204938391,-0.051959458490007895,1.769654573844303,1.7704172096019166,1.5,1.8059971760638518,250534.3225436561,0.37520799069038085,1.230934562854625,1.286849227496376,0.5,2.762980941481159,121221.14859680901,4.0,CIPN_13_2,CIPN_13,neuro,gait_full,4.0,0.5
9.207701508226405,0.8099210713419069,9.243253713189876,1.5,2.4383243946567936,52477.81399170382,-0.028214775554900165,0.741589160586881,0.7421257013872841,0.75,1.63854292880728,43996.62302935546,3.03425731992173,1.0365528441791934,3.2064246883833993,0.25,0.7970470401398521,85955.40556213024,-0.19660828822646,0.8099210713419084,0.8334428359539503,1.5,2.438324394656806,52477.81399170402,-0.6533987394450955,0.7415891605868812,0.9883746232114595,0.75,1.6385429288072813,43996.6230293555,-0.5474080150782482,1.0365528441791914,1.172218978582022,0.25,0.797047040139842,85955.40556212993,-0.06542759813466022,0.19877673271859836,0.2092676756404383,2.5,2.404270793061518,3160.990539650511,-0.00775134025025856,0.25564618304397074,0.25576366860957145,0.25,2.348598402687021,5228.401319883801,-0.015680240820741074,0.1324250156274955,0.1333501207953666,2.5,2.612110737028515,1402.9152379330965,9.43484640555429,0.6080079987899462,9.454416979538893,1.5,2.6951735499524143,29573.936555586602,-0.3802826130334643,0.9132377723750811,0.9892512798415578,2.5,3.1137330119855418,66720.57015902553,2.3604253756585667,1.0902982699777057,2.600068897465847,1.75,2.1936377010374857,95100.51912267348,-0.10610538555434039,0.6080079987899468,0.6171969535214762,1.5,2.6951735499523894,29573.93655558667,0.08338296303346564,0.9132377723750802,0.9170365027722938,2.5,3.113733011985546,66720.5701590254,-0.4361064193414164,1.0902982699777113,1.1742823878893787,1.75,2.193637701037487,95100.51912267442,0.005978567987059056,0.3965233074424348,0.3965683757188205,0.75,2.239816409365191,12578.46113144942,0.04223213168112645,0.361017159630506,0.3634789436735094,1.5,3.122283037088541,10426.701852995047,-0.018004321057587706,0.4134950167005573,0.4138868014480999,2.5,2.4313177583275656,13678.250957907483,6.969722318755955,4.6912750353594665,8.401493358799485,1.5,1.9142962049884653,1760645.7833753277,-3.6690411871733852,1.9918958521297787,4.174866742652572,0.75,2.085847700459454,317412.10762487387,7.950861130853383,2.530191954752636,8.343744006740026,3.25,2.966058902769594,512149.7619516659,1.8139100487559845,4.6912750353594594,5.029744637888174,1.5,1.9142962049884769,1760645.7833753226,-1.0284785821733948,1.9918958521297763,2.241744249400721,0.75,2.08584770045945,317412.10762487305,0.09354653585342304,2.5301919547526346,2.531920670610581,3.25,2.966058902769597,512149.76195166534,-0.07023774117912227,0.8370377206181483,0.8399794557151804,0.75,3.0929731639411746,56050.595690164686,0.13412213248300542,2.5649929128364044,2.568497107127585,0.75,1.7957170617799902,526337.2662368853,0.17731538887809506,1.174632835040613,1.1879406737242975,0.75,2.545818930918005,110381.92797758327,6.788450906327073,4.890761864697516,8.36675667895227,0.75,1.918144694791039,1913564.1310280834,3.771916973230253,2.217562097141531,4.375493035947059,0.75,2.04097065627237,393406.5329716918,8.515891527051496,2.5304939503013806,8.8839072559893,3.25,3.028352416935124,512271.9737186605,2.2779355313271092,4.890761864697527,5.395233257428464,0.75,1.9181446947910334,1913564.1310280927,0.5452215832302699,2.2175620971415277,2.2836042191016492,0.75,2.0409706562723677,393406.5329716907,0.2753198520515423,2.530493950301382,2.5454274009379207,3.25,3.0283524169351157,512271.97371866106,0.10015379346586795,0.7107509899286423,0.7177727718645704,0.75,2.8094620301137123,40413.35823920342,-0.08115331245761488,2.3261457020697134,2.327560888007066,1.5,1.8258208587249696,432876.313386647,-0.04445090807068881,1.2927851846505065,1.293549155185126,1.5,1.8749635759638268,133703.48299482494,4.0,CIPN_13_2,CIPN_13,neuro,gait_full,4.0,0.5
9.378706987858227,0.8011398201729956,9.41286193331059,3.25,2.9147677983717664,51346.09326355855,-0.4086222910261749,0.6726481440123184,0.787037294139672,2.5,1.8439503677244444,36196.44233676461,2.5669988826439667,0.6801174793349468,2.6555683100218483,1.5,1.5243654873328314,37004.8648618666,-0.3676137678582812,0.8011398201729958,0.8814561213048454,3.25,2.914767798371833,51346.093263558556,-0.2729912239738216,0.6726481440123174,0.7259336980812645,2.5,1.843950367724446,36196.442336764514,-1.0146664523560165,0.6801174793349454,1.2215186430151872,1.5,1.5243654873328314,37004.86486186645,-0.04172208114110653,0.21986963110235339,0.223793178483684,2.5,2.291307635418076,3867.424423136199,0.0347239524399373,0.24516968514920706,0.24761649256302043,1.5,2.9029094411375738,4808.654495464505,-0.026919200933703476,0.15180507003601362,0.15417335265067084,2.5,2.545019625113376,1843.582411956942,9.450298487148267,0.6866643464335207,9.475212368113962,1.5,2.748630312147716,37720.64656814058,-0.29193168261794633,1.0130744557452762,1.0542978517476609,2.5,2.9859559016414314,82105.99657474628,2.406513792842474,1.088001667457533,2.6410331810735435,1.5,2.2170457728937913,94699.96149298878,-0.12155746714832066,0.6866643464335253,0.6973407649653758,1.5,2.748630312147802,37720.64656814108,-0.004967967382052994,1.0130744557452762,1.0130866367608926,2.5,2.9859559016414243,82105.99657474631,-0.3900180021575115,1.0880016674575355,1.1557948219287513,1.5,2.2170457728937776,94699.96149298923,-0.05468370927416836,0.40804117541769397,0.41168909251549896,0.75,2.2809709995854464,13319.808372476375,0.06035318797826353,0.4158657581939316,0.4202223651084664,1.5,2.961495777491137,13835.557503798174,-0.0328419036075199,0.45336515731055455,0.4545531393531338,2.5,2.4790221490782725,16443.207871799357,7.101837661229872,4.53682225605997,8.427268498721517,0.75,1.934925429111544,1646620.532475489,-3.449860121036122,1.9702561449402347,3.972838296657708,0.75,2.3819421595710257,310552.7422096752,8.041529229016621,2.5833680629776716,8.446299952638531,3.25,3.0126009601701575,533903.2493334119,1.9460253912299081,4.536822256059969,4.936574825361465,0.75,1.9349254291115465,1646620.5324754885,-0.809297516036136,1.970256144940235,2.1299933676274714,0.75,2.3819421595710315,310552.7422096753,0.1842146340166658,2.583368062977673,2.5899277171764674,3.25,3.0126009601701575,533903.2493334124,-0.11301615963968686,0.7745784388247525,0.782779924520228,0.75,3.3132189300527477,47997.74084297106,-0.04750428166427497,2.5195568936982666,2.5200046820113045,1.5,1.7839059127163113,507853.43482759316,0.07670675592096438,1.1066192735162401,1.10927460212588,1.5,2.3877567090492224,97968.5010680615,7.200206918161659,5.259044441826706,8.916306864697479,0.75,2.731323075749496,2212676.697672329,3.8887435164922697,2.3289766355507044,4.532820127249894,0.75,2.7135899146236144,433940.5984441709,8.577578250593676,2.608673098168285,8.965490727125013,3.25,3.389571540554109,544420.786496,2.6896915431616835,5.259044441826694,5.906944137069837,0.75,2.7313230757494846,2212676.6976723187,0.6620481264922878,2.328976635550706,2.421247589721678,0.75,2.7135899146236033,433940.5984441715,0.3370065755937307,2.608673098168282,2.630351452772104,3.25,3.389571540554096,544420.786495999,0.1126540182232052,0.7016966788250522,0.7106821771340145,3.25,2.938852630830237,39390.302507761466,0.11592344033557947,2.591252559630981,2.5938442651426374,0.75,1.7309646865373955,537167.9532557223,-0.20006528114368416,1.4684094501904472,1.4819758534226233,1.5,1.6515603760478135,172498.22177415626,4.0,CIPN_13_2,CIPN_13,neuro,gait_full,4.0,0.5
9.3959820693311,0.8991111668021498,9.438902475259498,3.25,3.4991334470490787,64672.94150132855,-0.33432672426334037,0.7289526214169658,0.8019640159179974,2.5,1.9350724484713082,42509.92466043943,2.7263231423599152,0.5760668436487443,2.786519493008917,1.5,2.3485727667938567,26548.442483902807,-0.38488884933115597,0.8991111668021523,0.9780287912979808,3.25,3.4991334470490867,64672.94150132893,-0.347286790736656,0.7289526214169647,0.8074528093274742,2.5,1.9350724484713075,42509.92466043929,-0.855342192640069,0.576066843648742,1.031243557488601,1.5,2.348572766793891,26548.4424839026,-0.019322911746991203,0.21490526846051047,0.2157722163079994,2.5,2.3891074794741773,3694.762150164084,0.008471932912575798,0.24520078568713888,0.24534709892082565,1.5,3.426418271481893,4809.881228188024,-0.056059476620479,0.14493250235482188,0.15539657382900204,2.5,2.590605244653494,1680.4344923583815,9.454525750242142,0.7602102569337104,9.485039630741612,3.25,3.3499324943711613,46234.42431322439,-0.3228964890329202,0.8210157782378014,0.8822295907218309,2.5,3.1074040282641713,53925.38933160771,2.4426414942063963,1.037729331090322,2.653936629579543,1.5,2.1699255683084533,86150.99530011041,-0.1257847302422006,0.760210256933714,0.7705461914183515,3.25,3.3499324943711923,46234.424313224845,0.025996839032920896,0.8210157782377991,0.821427260172879,2.5,3.107404028264162,53925.38933160742,-0.3538903007935888,1.037729331090325,1.0964125635913473,1.5,2.169925568308443,86150.99530011097,-0.033818285864594275,0.29567463230874746,0.2976023599532309,0.75,3.0108940681595158,6993.8946441543,0.028955163089631766,0.35725315556878556,0.35842463452363604,1.5,3.179180552912706,10210.44243642226,-0.02658293775609902,0.41412107996663383,0.41497339848775333,2.5,2.8596957419247038,13719.817305312092,7.735686212197907,4.970536367900364,9.194948230316955,0.75,1.824189246088036,1976498.595602909,-3.3946544802244953,2.0398627736860893,3.960393815718147,0.75,2.518301959618675,332883.23665084294,7.767968843835969,2.8575124217391914,8.27687846951978,3.25,3.0494399425237786,653230.2833790941,2.5798739421979473,4.970536367900361,5.600176902764063,0.75,1.8241892460880345,1976498.5956029065,-0.754091875224513,2.03986277368609,2.174786125518997,0.75,2.518301959618677,332883.2366508432,-0.08934575116398369,2.8575124217391905,2.858908865921548,3.25,3.0494399425237844,653230.2833790937,-0.0758552170953497,0.7485089364976972,0.7523427689407911,0.75,3.1326143923306695,44821.25027594465,0.02669573899358962,2.4191075829048088,2.4192548770536684,0.75,2.016385203335082,468169.7588059253,0.1272412081623263,1.103269641660947,1.1105828322395783,0.75,2.4154701243909535,97376.64066966227,6.764065579167184,4.837434931788182,8.315849919193997,0.75,1.8854245103647884,1872062.2219079824,3.7873793804295133,2.2185393830997233,4.389323360800289,0.75,2.198067237449936,393753.71109362296,8.517477710231452,2.390929698452489,8.846692679596806,3.25,3.3122791573294585,457324.17547725624,2.2535502041672157,4.83743493178819,5.336596784654684,0.75,1.8854245103647813,1872062.2219079882,0.5606839904295342,2.2185393830997286,2.288292711059604,0.75,2.1980672374499313,393753.71109362505,0.2769060352315079,2.3909296984524846,2.4069112520593112,3.25,3.3122791573294554,457324.1754772546,0.06492421142877072,0.6380137603554228,0.6413085931379016,3.25,2.9769999980134347,32564.931885697177,-0.13237198425035307,2.416861103079124,2.4204834091129848,1.5,1.9174668419225913,467299.9766487413,-0.010163586291834035,1.330993007113936,1.3310318115929871,1.5,1.8990569708500027,141723.8933193201,4.0,CIPN_13_2,CIPN_13,neuro,gait_full,4.0,0.5
9.506883728974282,0.9170697938767611,9.551013309752905,3.25,3.0399832234515363,67281.43042610907,-0.2694725030529263,0.7858980940382434,0.8308136037129826,0.75,1.8044895378197168,49411.038661837374,2.498341094374859,0.571106246464801,2.562785704773866,1.5,2.324336018319271,26093.238466656156,-0.495790508974337,0.9170697938767529,1.0425091057780658,3.25,3.039983223451559,67281.43042610787,-0.41214101194706887,0.7858980940382425,0.8874097294608033,0.75,1.8044895378197203,49411.03866183727,-1.0833242406251207,0.5711062464647987,1.2246443381966479,1.5,2.324336018319292,26093.238466655952,-0.03441021304195563,0.2112471915784304,0.21403139655519432,2.5,2.286432697539168,3570.039612762593,-0.013608246002711205,0.2553680042136818,0.2557303304955228,1.5,3.209969507784342,5217.025728995998,-0.04597783502252202,0.15231484872136178,0.15910303094023562,2.5,2.651667402662018,1855.999933832913,9.491605528993615,0.7479884943996917,9.52103262812267,1.5,3.057114891206563,44758.962776341934,-0.32399973697493406,0.7048865541206478,0.7757840445252193,4.0,3.377349526631766,39749.29677737192,2.4569452432896166,0.9986990258084596,2.652165091519425,1.5,2.2374280165573803,79792.67246044049,-0.16286450899366967,0.7479884943996865,0.765513968549274,1.5,3.05711489120653,44758.9627763413,0.02710008697493449,0.7048865541206452,0.7054073070886961,4.0,3.3773495266317837,39749.29677737161,-0.3395865517103664,0.9986990258084629,1.0548548574345715,1.5,2.237428016557377,79792.67246044101,-0.013087447703140565,0.2544715832393109,0.25480790404479997,0.75,3.512567835928487,5180.475797779828,0.022674923148314496,0.3181844508512038,0.3189913743399092,1.5,3.0152468170329,8099.36404215443,-0.038392931051144705,0.3774287313053117,0.3793764151465338,0.75,2.643856201559426,11396.271802415344,7.029871111532888,4.492572313142379,8.342798920840542,1.5,1.9831186161938865,1614659.8600800585,-3.493174828050959,1.791386546888361,3.925727466304997,0.75,2.2793861250941108,256725.76764100394,7.924060482139507,2.440454842280205,8.291354193484553,3.25,2.982336135295897,476465.910816124,1.8740588415329256,4.492572313142377,4.867782095609989,1.5,1.9831186161938879,1614659.8600800578,-0.852612223050975,1.7913865468883643,1.9839388506878288,0.75,2.27938612509412,256725.76764100493,0.0667458871395544,2.440454842280203,2.441367414106065,3.25,2.982336135295912,476465.91081612324,-0.09321434346510561,0.7296207090800472,0.7355510131500748,0.75,3.0749225824169697,42587.84925105291,-0.1608381065862081,2.425186278255521,2.43051381003464,1.5,1.7326897476800127,470522.7186555582,0.01627301414650348,1.111674401277829,1.1117934994619425,0.75,2.2400474083807027,98865.70661984842,6.982798002754667,4.890940599162295,8.525301630547075,0.75,2.2824248482531972,1913735.830638125,3.593536524117889,2.305702827705635,4.269633506503696,0.75,2.318219795996758,425303.09936360625,8.300674843819293,2.4998872203731777,8.668946820542827,3.25,3.563236729240998,499960.69582366775,2.472282627754711,4.890940599162326,5.480281136587069,0.75,2.282424848253185,1913735.8306381493,0.36684113411790875,2.3057028277056353,2.334702967696464,0.75,2.318219795996755,425303.0993636063,0.060103168819333946,2.4998872203731657,2.5006096267684805,3.25,3.56323672924098,499960.69582366303,0.03037258841740625,0.637029810881228,0.6377534586958712,3.25,2.8413768299427513,32464.60660792378,-0.03607394092831033,2.2180512575613656,2.218344587836537,1.5,1.8301294375513089,393580.14345876547,0.0157160341674936,1.2024001231049788,1.2025028273450429,1.5,2.002414565218659,115661.36057107328,4.0,CIPN_13_2,CIPN_13,neuro,gait_full,4.0,0.5
9.596622451612122,0.723210389066057,9.62383477339667,1.5,3.0638681479907497,41843.1162072561,-0.18898291183054672,0.7485102830333851,0.7719988243324406,0.75,1.5739560848249594,44821.41647025457,1.4676033244495363,1.0492143710041526,1.8040815708434499,0.25,1.1357424453473866,88069.42731471371,-0.5855292316121602,0.7232103890660437,0.930525522447066,1.5,3.0638681479908185,41843.11620725458,-0.49263060316944945,0.7485102830333836,0.8960761993189036,0.75,1.5739560848249607,44821.41647025438,-2.114062010550443,1.0492143710041557,2.360107832446269,0.25,1.1357424453473903,88069.42731471424,-0.10958718269566667,0.19688698440286156,0.2253305022371052,2.25,1.8679346179688017,3101.1772308462437,-0.03885621614213537,0.2425454513548418,0.24563815156813137,1.5,2.727090338090424,4706.2639186640545,-0.02344665001766707,0.1355600486397887,0.13757278867665965,2.25,2.3613098619826496,1470.123622375276,9.504687956568992,0.6203172890582969,9.524908749738879,1.5,3.644894910271227,30784.279128106602,-0.32613728424860566,0.6917189195690114,0.7647487115822924,0.75,3.3177611176542907,38278.01746977924,2.3042663050924133,0.8718101623868838,2.4636753365704025,1.5,2.153537546583192,60804.73662706966,-0.17594693656903487,0.6203172890582922,0.6447874561378012,1.5,3.6448949102712125,30784.27912810613,0.029237634248605166,0.6917189195690107,0.6923365532356172,0.75,3.3177611176542974,38278.01746977916,-0.4922654899075718,0.8718101623868835,1.0011884297148992,1.5,2.1535375465832036,60804.736627069615,-0.08532195387552235,0.26738100470498194,0.28066427897077023,0.25,2.8299392972795143,5719.422376436918,0.06768274797897454,0.2554317755471282,0.2642467527390713,1.5,3.1371687108021185,5219.647839425299,-0.03185424131863803,0.33505929308775834,0.33657008567972047,2.25,2.8689679556451786,8981.318390397908,6.5794870254735205,3.563663893585461,7.482603147623098,0.75,2.0615729644246117,1015981.5138797611,-3.1808241668807216,1.5406016282742396,3.5342744315705983,0.75,2.3140934543835776,189879.63431972437,7.97975991317315,1.8518770191507405,8.1918262167812,3.0,3.707928858849974,274366.2772382452,1.423674755473554,3.563663893585459,3.8375187498978236,0.75,2.0615729644246166,1015981.5138797596,-0.5402615618807382,1.5406016282742454,1.632585658483827,0.75,2.3140934543835776,189879.63431972577,0.12244531817319997,1.851877019150734,1.8559206206088517,3.0,3.707928858850034,274366.2772382432,-0.16063447096887884,0.6392005439350774,0.6590756926411035,2.75,3.238790994453718,32686.625372786006,0.059542577716379344,2.175463383840103,2.176278073452504,1.5,1.5713282318417474,378611.2987811103,0.00755659311337193,0.9866726807167772,0.9867016169908268,1.5,1.9512609706305468,77881.84498785097,6.675783361625353,4.288570204479404,7.934602566613051,0.75,1.9244475665438903,1471346.9054032324,3.7388295688765396,1.9592061276432562,4.22105853971494,0.75,2.3281752718094784,307079.4509237008,8.208324886299874,2.1935656836818374,8.49637145184204,3.0,3.0545427293006697,384938.88075242355,2.1652679866253783,4.288570204479411,4.804187741195519,0.75,1.9244475665438874,1471346.9054032376,0.5121341788765541,1.9592061276432517,2.0250358188852924,0.75,2.3281752718094886,307079.4509236994,-0.03224678870008996,2.193565683681827,2.1938026948675193,3.0,3.0545427293006586,384938.8807524199,0.022041811517825246,0.4647308573214278,0.46525327640081876,0.75,2.990494955571578,17277.991728223722,0.02190024819768805,2.1372469848297713,2.137359187182882,1.5,1.9886857404842406,365428.2295952258,-0.05896816230823055,1.153965144629905,1.1554708127801097,1.5,1.9960007008783835,106531.33402322057,4.0,CIPN_13_2,CIPN_13,neuro,gait_full,4.0,0.5
9.603014780470513,0.7132788444347562,9.629468291855648,3.0,3.1713774876527197,40701.61995311052,-0.6164148368276463,0.5982202672353798,0.8589730724489698,2.25,1.789091311606022,28629.401256817106,1.79557930431892,0.626925054530236,1.9018780355470106,1.5,1.578813706017312,31442.89531029358,-0.2123138004705652,0.713278844434748,0.7442068662599293,3.0,3.1713774876527303,40701.619953109584,-0.7109517381723449,0.5982202672353814,0.929150075144726,2.25,1.7890913116060234,28629.401256817255,-0.6307083756810667,0.6269250545302382,0.8892851506417904,1.5,1.5788137060173124,31442.8953102938,0.04388055877951952,0.18340418015764015,0.18858047814686174,2.25,1.9257013723551142,2690.9731412827714,-0.009187762293232992,0.23720861078791894,0.23738647814880137,1.5,3.2320699559858905,4501.53684708265,0.06092920552206142,0.13027978822370398,0.14382347271972945,2.25,2.5742085095641305,1357.8260163384389,9.53468632237168,0.7090888809922445,9.561017221361356,1.5,2.818545891118251,40224.574662519815,-0.3694598724633227,0.6540083881836554,0.7511508298439119,2.25,3.492579686573528,34218.206520559295,2.2923443628262885,0.9762824647898047,2.4915798459687215,1.5,1.9589262026096572,76250.60430417617,-0.0008868723717316618,0.7090888809922395,0.7090894356069833,1.5,2.818545891118221,40224.574662519255,-0.08477746253667394,0.654008388183655,0.6594802422883794,2.25,3.4925796865735226,34218.20652055926,0.319175677826298,0.9762824647898051,1.027132203940629,1.5,1.9589262026096597,76250.60430417625,0.01602474022533412,0.26835276346542586,0.26883079801023585,0.75,3.1433831507740777,5761.056454460234,0.032013009530623235,0.2789992153114259,0.28082983268093004,1.5,3.2295221808430155,6227.2901599398565,-0.03217288210530605,0.34534737805532456,0.34684276822884624,2.25,2.7027244972127864,9541.215052104963,6.76051939378139,3.931445694921815,7.8205426746366875,1.5,1.9053756826545871,1236502.1258442216,-3.2246329758833916,1.6798037754798705,3.6359315935907,0.75,2.103254547923731,225739.4615329739,8.018208136587708,2.163823805486012,8.305046368493633,3.0,3.016159398614576,374571.547415825,1.9721750087814147,3.9314456949218126,4.398379192086697,1.5,1.9053756826545887,1236502.1258442195,-0.5689335408834026,1.6798037754798718,1.773534915940072,0.75,2.1032545479237332,225739.4615329743,-0.06803752341224777,2.163823805486017,2.1648931996244203,3.0,3.0161593986145765,374571.5474158266,-0.08278234276811527,0.6114582834670902,0.6170365861881272,0.75,3.0707390919839344,29910.501220653427,-0.011250874137647839,2.2069354332849627,2.206964111366007,1.5,1.6995224772809234,389645.1795926406,0.04221924896418302,0.9611488308583681,0.9620756415394309,1.5,2.1125272831894244,73904.56887606556,6.063172521505585,4.065427792088395,7.299983846435903,1.5,1.7895512506849496,1322216.2688341038,3.9624993633136047,2.0737452416460744,4.472339491978495,0.75,2.1147575457330996,344033.54633449635,8.211353193552814,2.0307490894224687,8.458738861878889,3.5,3.09588280825253,329915.3513244289,1.8575421365056035,4.065427792088393,4.469694164210623,1.5,1.7895512506849451,1322216.2688341022,0.5584489833136275,2.0737452416460767,2.147623010263619,0.75,2.1147575457331005,344033.546334497,-0.10136612644714578,2.0307490894224656,2.0332773927285652,3.5,3.095882808252546,329915.35132442793,-0.0071825538233048335,0.5132997395319472,0.5133499894642928,2.75,3.0629273339343936,21078.13026985644,-0.09786382617591977,1.8968669733063488,1.899389808042093,1.5,1.909341438057487,287849.7645446023,-0.028840996398159,1.1317041968498696,1.1320716374156043,1.5,1.839400947213405,102460.39312534858,4.0,CIPN_13_3,CIPN_13,neuro,gait_full,4.0,0.5
9.620715902596631,0.8219906567715991,9.655767350050203,3.0,3.427998813474816,54054.25141846892,-0.6871412162541,0.672328217472012,0.9613471189348084,0.75,1.8583949991605009,36162.2577510219,1.6273874477470787,0.5552813032035482,1.7195136611182191,1.5,2.3853009161339043,24667.45424849373,-0.23001492259669246,0.8219906567716075,0.8535663444847045,3.0,3.427998813474869,54054.25141847002,-0.6402253587458909,0.6723282174720131,0.9283930966947134,0.75,1.8583949991605044,36162.25775102202,-0.7989002322529063,0.5552813032035487,0.9729228678477956,1.5,2.385300916133904,24667.454248493774,0.0914543768371877,0.1638988601671291,0.18768787762336298,2.25,2.355078849123879,2149.028334265088,0.007714470191245516,0.26584939952180614,0.2659613059759568,1.5,3.074278616110389,5654.105554334802,0.05447260403509949,0.15393650773129738,0.1632902722236463,2.25,2.5498981281937922,1895.718957578969,9.500348282678521,0.7211696248291003,9.527680888861092,1.5,3.1657661396182437,41607.67165844276,-0.40920813365092923,0.6964055345707747,0.8077326075050352,2.25,3.5916775487620254,38798.585353680624,2.5107516682254856,1.0349462949205852,2.7156928716014455,1.5,2.0211174538222534,85689.19196958235,0.0334511673214411,0.7211696248290994,0.721945017554184,1.5,3.165766139618196,41607.67165844266,-0.045029201349067946,0.696405534570775,0.6978597979214319,2.25,3.591677548762025,38798.58535368066,0.5375829832254982,1.034946294920585,1.166237238825563,1.5,2.0211174538222414,85689.19196958233,-3.901285751009453e-05,0.2820297846802204,0.2820297873785223,0.75,3.291771896266406,6363.302093914574,0.010885308539544843,0.31424717718635325,0.31443565050991334,1.5,2.948915443181809,7900.105982955069,-0.03198285647350671,0.3875745366626011,0.3888919188893424,0.75,2.359777427364189,12017.127130086597,7.008407459373925,4.234126987617525,8.188138156130435,1.5,1.9897379701586801,1434230.2409673675,-3.256251560147266,1.745555380075948,3.6946092902868077,0.75,2.2372435145186436,243757.80858454388,8.183146765191886,2.4199009662379587,8.533452505701888,3.0,2.952350071926567,468473.7405764995,2.22006307437395,4.2341269876175245,4.78084839766644,1.5,1.989737970158685,1434230.2409673668,-0.6005521251472787,1.7455553800759465,1.8459757419671026,0.75,2.2372435145186507,243757.80858454347,0.09690110519192276,2.419900966237965,2.4218403148405248,3.0,2.9523500719265687,468473.7405765018,-0.1367938052062363,0.6910520950989796,0.7044611723036911,0.75,3.602320329314523,38204.88869066842,-0.14993967755704893,2.4747513259141245,2.4792894207856473,1.5,1.6960568540506116,489952.1072065556,0.014693126683981044,1.0372269032175554,1.0373309677870568,1.5,2.098099553747784,86067.20871452778,6.781216481494567,4.693000463709073,8.2467660522939,0.75,1.867572742669234,1761940.9280813208,3.959642341021538,2.321826302840677,4.5901682811606515,0.75,2.172872399071141,431270.9907035326,8.34968746987117,2.3938040024924656,8.686056553285418,3.0,3.121439742099941,458424.267538283,2.575586096494591,4.693000463709083,5.35330711736492,0.75,1.8675727426692328,1761940.9280813283,0.5555919610215551,2.321826302840675,2.387375087353174,0.75,2.1728723990711423,431270.99070353183,0.0369681498712035,2.3938040024924643,2.394089439944515,3.0,3.12143974209995,458424.26753828255,0.014528332083923751,0.6665344387975385,0.6666927557250719,3.0,3.175646503486333,35541.6212240397,-0.030247476460701358,2.2686176803410585,2.2688193161616654,1.5,1.8060197171381158,411730.1714967907,-0.010631422255501385,1.3158732158181587,1.3159161626968479,1.5,1.8301956661737129,138521.8499824347,4.0,CIPN_13_3,CIPN_13,neuro,gait_full,4.0,0.5
9.609448449382477,0.8485231907772531,9.64683839952894,1.5,3.2374919191042952,57599.75971003262,-0.6668397871258918,0.7114816730751994,0.9751315156510887,0.75,1.6159329714595756,40496.67810568952,1.6593115109830228,0.5061500526684649,1.7347917933564974,1.5,2.2234021290205264,20495.09486651435,-0.2187474693825336,0.848523190777266,0.8762659759731031,1.5,3.2374919191043734,57599.75971003434,-0.6605267878741015,0.7114816730752012,0.970825323434224,0.75,1.615932971459571,40496.67810568974,-0.7669761690169606,0.5061500526684666,0.9189343391430232,1.5,2.2234021290205277,20495.094866514482,0.1276823988565692,0.17273305669855638,0.2148010797323764,2.25,2.4043889947958488,2386.9394469024915,0.009084140939467644,0.24239590045036372,0.24256606145903994,1.5,3.430048242528341,4700.499669499007,0.061117717075659765,0.14109270284341274,0.15376126344499116,2.25,2.633220535270317,1592.5728980760298,9.509172754844565,0.6929020292649838,9.53438407573545,1.5,3.1894648957360014,38409.60068881331,-0.3883570969690783,0.6477713714457551,0.7552674919728536,2.25,3.7697695802223867,33568.71582431615,2.401025110477135,0.9707058267946704,2.5898245854333193,1.5,1.982113089254298,75381.6249867429,0.024626695155388997,0.6929020292649847,0.6933395245287912,1.5,3.1894648957358798,38409.600688813414,-0.06588023803091912,0.6477713714457549,0.6511128592093115,2.25,3.769769580222394,33568.715824316125,0.42785642547715014,0.9707058267946691,1.0608161589055882,1.5,1.982113089254285,75381.6249867427,0.0222824709784798,0.25310121138571073,0.2540801678955306,4.0,3.4523971662108286,5124.819543131996,0.018874152170864973,0.29306413715324386,0.2936712823984401,1.5,3.0570190729602778,6870.938125983838,0.012531000737637056,0.38772559574677135,0.3879280391730861,0.75,2.4650479205431504,12026.583782716138,6.87984542172727,4.458742536645741,8.198332637491346,1.5,1.949502819892507,1590431.7788199824,-3.221123240296162,1.6184752399499558,3.6048712919474823,0.75,2.121198948855925,209557.1969330953,8.206069318467906,2.555513158282169,8.594778715106841,3.25,3.044099156972365,522452.5970791159,2.0915010367272995,4.458742536645751,4.924912343862127,1.5,1.9495028198925142,1590431.7788199896,-0.5654238052961766,1.618475239949949,1.714399656418145,0.75,2.121198948855924,209557.19693309345,0.11982365846794098,2.5555131582821664,2.55832077958999,3.25,3.044099156972363,522452.59707911493,-0.09367144436129142,0.6538454609376935,0.6605211777661298,0.75,3.4498209971417193,34201.120848101535,-0.027395009923503542,2.388855166323802,2.389012241961231,1.5,1.778731914222934,456530.3675977421,0.06667250593762909,1.0854235520850501,1.087469314725216,1.5,2.1010321523928446,94251.54498633304,6.642533001982299,4.6261009041184655,8.094692968699285,1.5,1.9877752897481928,1712070.0603387658,3.976077391293228,2.2447710557412197,4.565981659429515,0.75,2.0808474564798503,403121.45385293075,8.472222096449652,2.3520749095328104,8.792656232994869,4.0,2.984318695239388,442580.51521830866,2.4369026169823282,4.626100904118479,5.2287000238817605,1.5,1.9877752897481935,1712070.0603387756,0.572027011293248,2.2447710557412246,2.316508578516958,0.75,2.0808474564798467,403121.45385293243,0.1595027764496845,2.352074909532806,2.3574769385402092,4.0,2.9843186952394034,442580.51521830715,0.04815222525261818,0.6436748899362101,0.6454734701993344,3.0,3.1062417202981196,33145.416408501485,-0.09509585880573031,2.333269277591094,2.3352063600702326,1.5,2.174877741507125,435538.2138097005,0.07758228408040574,1.343734096296307,1.3459718913678642,1.5,2.03384522946677,144450.78934175931,4.0,CIPN_13_3,CIPN_13,neuro,gait_full,4.0,0.5
9.518069071199891,0.8091447223462427,9.55240043265737,1.5,2.9604014532031577,52377.21506263307,-0.3857455216314051,0.7765372006131447,0.8670695654875589,0.75,1.3789383425952837,48240.820581936525,2.0215884505991415,0.6103681635958416,2.111721846912419,1.5,1.6844777026926196,29803.97460452036,-0.12736809119994863,0.8091447223462467,0.8191079369391454,1.5,2.9604014532032217,52377.21506263358,-0.9416210533685885,0.7765372006131459,1.2205163792768499,0.75,1.3789383425952815,48240.82058193667,-0.4046992294008441,0.6103681635958421,0.7323460666986596,1.5,1.6844777026926223,29803.974604520405,0.12208302451494367,0.18834908209963994,0.22445409687170612,2.5,2.341467952274538,2838.0508613578772,0.015518855692062522,0.23060828732916988,0.23112987056389755,1.5,3.1627978439059454,4254.426577251277,0.059661679108811115,0.14738143670801113,0.1589993831440872,2.25,2.687199539188409,1737.7188617673658,9.511545054589481,0.6836422911035679,9.536081800596667,1.5,2.7796801187048605,37389.343084000626,-0.4050535938613956,0.6668395284277118,0.7802200782944037,4.0,3.7693161554604186,35574.16924287152,2.298546883089723,0.9594485290919971,2.4907547558397396,1.5,2.1689376680679286,73643.78648839309,0.02225439541046456,0.6836422911035648,0.6840044154100297,1.5,2.7796801187048468,37389.34308400029,-0.04918374113860133,0.6668395284277124,0.6686508783110083,4.0,3.7693161554604324,35574.1692428716,0.32537819808973695,0.9594485290919973,1.0131201566294696,1.5,2.1689376680679344,73643.78648839309,0.0691464813793385,0.2445350937942094,0.2541232928798264,4.0,3.7923604908413298,4783.796317697531,0.015376499603431354,0.3031525771112728,0.30354228988603965,1.5,3.185110466312735,7352.135307941418,-0.006115511446723705,0.383913474547234,0.3839621796729265,0.75,2.576288763516725,11791.231343793324,6.680379295050288,4.622716805875614,8.123852423146387,1.5,2.1586148571725667,1709575.3735153407,-3.3671546224686266,1.8619287941984897,3.847662808287296,0.75,2.154313149122566,277343.9824028212,8.31115088434527,2.573801640777234,8.700556528660723,0.75,2.936483983310273,529956.6604783977,1.8920349100503138,4.622716805875627,4.994928104404913,1.5,2.1586148571725707,1709575.3735153507,-0.7114551874686401,1.8619287941984868,1.99322535565888,0.75,2.154313149122572,277343.9824028204,0.22490522434531626,2.5738016407772357,2.583609344696951,0.75,2.9364839833102794,529956.6604783986,-0.06825161302886723,0.6544576152332137,0.6580068790049138,0.75,3.648146380350077,34265.787042849646,0.07261586476904416,2.466130686501455,2.4671995514591627,1.5,1.8661103414814746,486548.4526157584,0.05911036335486889,1.163735174540613,1.1652354232167057,1.5,2.4769900192241154,108343.07869286793,6.5653805466754775,4.59507252784354,8.013670398687932,0.75,1.8854438796984725,1689175.340088038,3.8909378674945385,1.9320321560079072,4.344208298476434,0.75,2.146032825583348,298619.9002525642,8.338656861125951,2.409728184293305,8.679861068575947,3.25,2.993211212659254,464543.2147316189,2.359750161675517,4.595072527843569,5.165569897084959,0.75,1.8854438796984765,1689175.340088059,0.48688748749455735,1.93203215600791,1.9924376219413584,0.75,2.1460328255833505,298619.9002525651,0.02593754112598617,2.409728184293298,2.4098677719362813,3.25,2.9932112126592485,464543.21473161614,0.06102656856290441,0.5024207236267361,0.5061134513132168,2.25,2.8599803425827752,20194.128510664752,-0.021676263474949272,2.241043194912572,2.241148023193065,1.5,1.7961093637858063,401781.9690828135,0.004172054876860915,1.2104817526278364,1.2104889423232472,1.5,1.841399266828641,117221.28688360334,4.0,CIPN_13_3,CIPN_13,neuro,gait_full,4.0,0.5
9.392335766884294,0.8105151717933647,9.427242757116273,3.25,3.032614764364881,52554.82558327009,-0.4898955875448304,0.7787234087153461,0.9200042575864215,0.25,1.455931305142673,48512.86491428913,2.4827246457261634,0.6712715329926187,2.5718723019431513,1.5,1.9006371879533137,36048.681855629846,-0.001634786884350561,0.8105151717933637,0.810516820451854,3.25,3.0326147643648858,52554.825583269936,-0.837470987455163,0.7787234087153445,1.143576758294069,0.25,1.4559313051426752,48512.86491428894,0.05643696572617779,0.6712715329926199,0.6736398163014414,1.5,1.9006371879533033,36048.681855629984,0.11271181180063267,0.1991030354826927,0.22879241958116453,2.5,2.1790707820025577,3171.3621885294347,0.02829217974000149,0.2496130689731615,0.2512113286391377,1.5,2.9509800691574295,4984.534981058308,0.07102326261274136,0.16211585766873113,0.17699111599124606,2.5,2.451595655911969,2102.5249310164036,9.457223717417735,0.7160933355775289,9.484295973162535,1.5,2.763497690045844,41023.17322079148,-0.3582687513660514,0.702847756303971,0.7888925571628342,4.0,3.6195553041745328,39519.85961115522,2.4314102088312555,1.0053367185159072,2.6310563508228366,1.5,1.956064748476923,80856.22867412263,0.07657573258221208,0.7160933355775345,0.7201760257597178,1.5,2.7634976900459107,41023.17322079214,-0.09596858363394561,0.7028477563039703,0.7093693943117583,4.0,3.6195553041745363,39519.85961115514,0.4582415238312629,1.0053367185159028,1.1048471440699483,1.5,1.9560647484769351,80856.22867412188,0.04152948032920006,0.25716838471943715,0.26050004958851325,4.0,3.5341208302539537,5290.847656357563,0.03874382915530585,0.34749320748365214,0.34964641217220005,1.5,2.900731887950984,9660.168820028146,-0.004972605558345258,0.39471192919699805,0.39474325055212134,0.75,2.391841730615232,12463.811500668742,6.886492330579143,4.781981959270078,8.38398044355483,0.75,1.9038644954719863,1829388.120112863,-3.1230881790331284,1.8333153834971185,3.621425833754386,0.75,2.3104937484042822,268883.62511002034,8.374352373996523,2.6628478176570853,8.787521617831862,3.25,2.9634112769211622,567260.6826157309,2.098147945579179,4.781981959270084,5.2220279834871315,0.75,1.9038644954719801,1829388.1201128676,-0.46738874403314007,1.8333153834971165,1.89195600726234,0.75,2.3104937484042884,268883.62511001976,0.28810671399657073,2.6628478176570844,2.678388317375022,3.25,2.963411276921166,567260.6826157304,-0.07687393019051615,0.5245932098131452,0.5301958477062932,0.75,3.75223099193508,22015.843930107974,-0.03141747712557383,2.438159376855306,2.4383617871055128,1.5,1.7447627435026225,475569.70076055493,0.052978216345195575,1.1105135293135862,1.1117765019083807,1.5,2.0167376283916316,98659.22390460182,6.664161726644347,4.874718055605881,8.256750428620292,1.5,2.1068028044808904,1901048.3625074204,3.953006653830108,2.1468635857554097,4.498364687424496,0.75,2.3241695383148584,368723.15358783846,8.469258953010415,2.4591960089082248,8.81906980488176,3.25,3.0911251635049304,483811.62198028277,2.4585313416443744,4.874718055605887,5.4596018608958765,1.5,2.10680280448091,1901048.3625074248,0.5489562738301237,2.1468635857554026,2.2159368778058637,0.75,2.3241695383148664,368723.15358783613,0.15653963301046214,2.4591960089082208,2.464173221779096,3.25,3.0911251635049175,483811.62198028114,0.07043211259199764,0.5455400720241577,0.5500678618755099,2.0,2.8565663939111876,23809.24326089863,0.15354745902794226,2.368389436741954,2.3733616130385204,0.75,1.6353503427650744,448741.5001096488,-0.1281262930290347,1.32165241405879,1.327848429058373,0.75,1.676159325277076,139741.23294381064,4.0,CIPN_13_3,CIPN_13,neuro,gait_full,4.0,0.5
9.456220849565659,0.7530275657742056,9.48615640133432,3.25,3.0305355906204405,45364.22483296458,-0.5851266739696902,0.7275539876324635,0.9336530562852193,0.75,1.4157511172486936,42346.80891838225,2.3289136538150688,0.7063889569201218,2.4336853053311867,0.25,1.2598038953057984,39918.91238853547,-0.06551986956570924,0.7530275657742009,0.7558725872286453,3.25,3.03053559062044,45364.22483296404,-0.7422399010303019,0.7275539876324626,1.0393531043881907,0.75,1.4157511172486992,42346.808918382136,-0.09737402618491808,0.7063889569201248,0.7130687620658775,0.25,1.259803895305798,39918.912388535806,0.6598980569259032,0.7594674549443483,1.006109467530362,0.25,0.798193700573177,46143.64768034947,-0.004933790614665335,0.20086480825933803,0.20092539283746588,1.5,3.4882013385034414,3227.73785134582,0.16305394621866434,0.2117775918861109,0.26727577107279893,0.25,1.5996279540371316,3587.982576859077,9.426260565183021,0.6581694536722444,9.449210298880628,1.5,2.9849658406590174,34655.05779503592,-0.3538685356271133,0.7706153627177157,0.8479805291181124,0.75,2.9915367463141833,47507.88148484534,2.5654873996119534,0.8768998229429782,2.711213546927856,1.5,2.097004432491209,61516.434709511974,0.10753888481693284,0.6581694536722444,0.6668970246558987,1.5,2.984965840659144,34655.05779503592,-0.10036879937288497,0.7706153627177136,0.7771241426851361,0.75,2.991536746314185,47507.88148484508,0.5923187146119622,0.8768998229429715,1.0582035527992626,1.5,2.0970044324912154,61516.43470951104,0.42084649862902906,0.6205269427292069,0.7497769415373947,0.25,1.144399465811286,30804.527446019987,0.03363227165087351,0.3312792690109223,0.33298210728627625,1.5,2.743064635466458,8779.680408012524,0.11955746203615318,0.3900309802297158,0.4079438101840487,2.25,2.237625721544543,12169.962837179599,6.966292473876843,4.603503740310264,8.349938773347008,0.75,1.9634721441651954,1695383.4607582036,-3.3505886949017247,1.9930928887812522,3.898572029052899,0.75,2.2973095481831374,317793.56019145675,7.984544849998351,2.6481166418055486,8.412221954409114,3.25,2.896772878211662,561001.7450765136,2.177948088876879,4.603503740310266,5.092710924929183,0.75,1.963472144165192,1695383.460758205,-0.694889259901737,1.9930928887812462,2.1107558709706713,0.75,2.297309548183142,317793.5601914549,-0.10170081000160262,2.6481166418055406,2.650068829929222,3.25,2.896772878211658,561001.74507651,0.24948683543651934,1.0585953106987707,1.0875972199714175,1.0,1.8614866369854368,89649.93253428565,-0.010510017645835052,2.191826156562364,2.191851354691248,1.5,1.9376894258236224,384330.62960091175,0.46037484814161006,1.491726310997548,1.5611509817195017,0.75,1.8714464052743047,178020.04990585966,6.092964436053064,4.113155599003309,7.35134440769984,1.5,1.8742122613497196,1353443.9230066466,3.4360659770333397,2.298623132001285,4.134031652212823,0.75,2.036174623805705,422693.47146785463,8.44636288994009,2.082302698272709,8.699254600009755,3.25,2.9209447760886,346878.76357388037,1.8873340510530758,4.113155599003285,4.525492106045096,1.5,1.8742122613497365,1353443.9230066305,0.03201559703335896,2.298623132001284,2.2988460804118214,0.75,2.0361746238057115,422693.47146785434,0.13364356994013518,2.0823026982727044,2.0865869574547156,3.25,2.920944776088603,346878.7635738788,0.24744348421271747,0.9381391207448928,0.970223318494938,0.75,2.0777935923230495,70408.40133838843,0.04169115791618151,2.003600130645227,2.004033841074038,1.5,1.7327837859304487,321153.0799859532,0.19928150765421562,1.1697135884247833,1.186567738579859,1.5,1.9151975897429543,109458.39655182994,4.0,CIPN_13_3,CIPN_13,neuro,gait_full,4.0,0.5
9.467994688640964,0.5945819364077283,9.48664593537863,2.25,2.304689199647392,28282.274924537647,-0.16049305780716389,0.69373907703951,0.7120617449462686,0.75,1.1217279476415227,38501.93918249831,2.35832993416868,0.799773698793551,2.490252607202323,0.25,0.9302363589457124,51171.47590342814,-0.07729370864100307,0.5945819364077316,0.5995848534593315,2.25,2.3046891996473176,28282.274924537975,-1.1668735171928275,0.6937390770395107,1.3575226377993084,0.75,1.1217279476415272,38501.939182498376,-0.06795774583130594,0.799773698793555,0.8026557322416606,0.25,0.9302363589457245,51171.475903428654,0.8894002974870887,0.6375288046374381,1.0942924042103932,0.25,0.4719187748285597,32515.43963954392,0.059623177694864304,0.1769069813397684,0.18668423437768525,0.25,2.4399541438001005,2503.68643426887,0.20272772764385016,0.1790088836554929,0.27044909314550286,0.25,1.2766865448812763,2563.5344971526824,9.42889157284077,0.47327648089839663,9.440761988301542,1.5,2.848791696935037,17919.25695613495,-0.10111900683660052,0.8597771521354346,0.8657030696940717,0.75,2.0536970558884677,59137.3925492692,2.5146727844068115,0.6617357092632113,2.6002833233227474,1.25,2.0804294415285685,35031.563114475626,0.10490787715918067,0.4732764808983903,0.48476415921725297,1.5,2.8487916969351503,17919.25695613448,-0.3531183281633969,0.8597771521354337,0.9294672156773628,0.75,2.0536970558884704,59137.39254926908,0.5415040994068248,0.6617357092632096,0.855056044121366,1.25,2.0804294415285622,35031.56311447542,0.7415157611464178,0.549031741853306,0.9226491627867153,0.25,0.7319109535480578,24114.873861079563,0.015191363170690635,0.2443885220350461,0.24486021975293995,1.5,2.870372235799615,4778.064939575521,0.21720563220976394,0.2967838739753931,0.36777568505202357,0.25,2.028552478268343,7046.455839464591,5.7497937264504575,3.1599666390351535,6.560908249361833,1.5,1.903837332401395,798831.1338576498,-3.527214461905429,1.867531028452977,3.991104358759545,0.75,2.1206842524601095,279013.7790068838,7.910062282493406,1.8016120828576403,8.11263775907833,0.75,2.5780870163071343,259664.48810511702,0.9614493414504852,3.1599666390351633,3.3029947011750953,1.5,1.903837332401396,798831.1338576546,-0.8715150269054476,1.8675310284529736,2.06087616909814,0.75,2.120684252460101,279013.77900688286,-0.176183377506551,1.801612082857637,1.8102062533336494,0.75,2.57808701630713,259664.488105116,0.39168439482590534,1.101393713215382,1.168967397603758,0.75,1.7848954469022842,97045.44915293709,-0.18254067982694952,1.46715947114981,1.4784715126022128,1.5,2.002439229994134,172204.5561223953,0.5867538646838749,1.5332635955547391,1.641699531331757,0.75,2.085787320977173,188071.7812039584,5.444794777861409,3.0817359126114976,6.256427607517432,1.0,1.7071156803310459,759769.3651916285,3.30187866161775,1.8425258114275205,3.781177602523223,1.0,2.0287456161388078,271593.98405538633,8.300155377450713,1.6267469055192227,8.458066255618972,2.0,2.6474444718867733,211705.3416259079,1.2391643928614324,3.0817359126114856,3.3215394966212566,1.0,1.7071156803310525,759769.3651916226,-0.10217171838223031,1.842525811427525,1.8453564495277968,1.0,2.0287456161388158,271593.98405538755,-0.012563942549249685,1.626746905519215,1.6267954226849557,2.0,2.64744447188677,211705.34162590592,0.47797700354790296,0.9450624898756936,1.0590586035204463,0.75,2.037008940319023,71451.62577551376,0.24732235238576306,1.4705936759388767,1.4912458233641581,1.5,1.7170501246267225,173011.8307591678,0.5655047813060373,1.2448527384286834,1.367279780459501,0.75,1.4029365154620768,123972.7015754248,4.0,CIPN_13_3,CIPN_13,neuro,gait_full,4.0,0.5
9.222684738925883,0.6644824338699493,9.2465913015845,0.25,2.192421861782484,35323.11030636534,0.06751159815146952,0.6675099691538762,0.6709153261066363,0.75,1.279634767004269,35645.61838930865,3.03490241760451,0.9699076040979913,3.1861188686031165,0.25,0.6267729649450923,75257.73376531365,0.16801624107406937,0.6644824338699503,0.685395040970091,0.25,2.192421861782487,35323.11030636546,-1.3948781731514623,0.6675099691538772,1.5463682216258101,0.75,1.2796347670042798,35645.61838930877,0.6086147376045264,0.969907604097994,1.1450470118368667,0.25,0.6267729649450935,75257.73376531409,0.31745161904329044,0.34888632550758875,0.4716960870723793,0.25,1.2518940811094823,9737.922287677296,0.004865368791804059,0.2376093291878443,0.23765913643404837,0.25,1.85122858534334,4516.658667440393,0.1247936449938329,0.11458557851949704,0.1694205083084531,1.25,2.7322844242532467,1050.4202884166468,9.459130408420247,0.5053228824253491,9.472618397201655,1.5,2.925939104408658,20428.208493098315,-0.1393514993279848,0.813874085003167,0.8257177887176101,0.75,2.2803544156741418,52991.32501810398,2.3997550258912135,0.8020178787243682,2.530228618540956,1.5,2.229182032165274,51459.151892082875,0.07466904157970254,0.505322882425352,0.5108098288728374,1.5,2.9259391044087786,20428.208493098547,-0.3148858356720122,0.8138740850031662,0.8726649504515479,0.75,2.2803544156741444,52991.32501810387,0.4265863408912236,0.8020178787243676,0.9084099207012756,1.5,2.2291820321652875,51459.151892082766,0.39613643025479384,0.45166270185421736,0.6007688970155353,0.25,1.3181152660562008,16320.052833743066,0.013455762936586067,0.24532283496139054,0.24569157679843087,1.5,2.8350969515855584,4814.663713119234,0.1071432531017073,0.30880902533420895,0.32686800212483424,0.75,2.214101070193406,7629.094770385749,5.91465892934192,3.3497756232981684,6.7973661794026325,1.5,2.411767630453697,897696.8858262569,-3.5095600240201823,1.5181602385006645,3.8238491173116307,0.75,2.0552133636842917,184385.01778236122,8.188537136903285,1.7282611307931226,8.36893224842062,3.0,2.8683911831244866,238951.25513355195,1.126314544341943,3.3497756232981644,3.5340601550113435,1.5,2.4117676304536797,897696.8858262547,-0.8538605890202012,1.518160238500668,1.7418060785421352,0.75,2.0552133636842895,184385.0177823621,0.1022914769033301,1.7282611307931257,1.7312856732663733,3.0,2.868391183124494,238951.25513355286,0.111337679575651,0.7022113476491787,0.7109830206556033,0.5,2.5975925537889513,39448.11341139868,-0.047508037294290296,1.8822549255518894,1.8828543805541376,1.5,1.7643269382791575,283431.15619046846,0.3173440188086307,1.2423373295998859,1.2822282428612264,0.75,2.160219697944721,123472.38395621891,5.618986589604468,3.456350944135434,6.596921414052221,1.5,1.7866026098621817,955708.9484263295,3.512152342749404,1.7909069422720685,3.9424055796630584,0.75,2.2254605558197706,256587.81417816423,8.350340706925218,1.821298719159224,8.546655424558976,3.0,2.9197601907828963,265370.3219988105,1.413356204604496,3.456350944135437,3.7341582197491245,1.5,1.7866026098621757,955708.9484263314,0.10810196274942217,1.7909069422720683,1.794166578171761,0.75,2.225460555819777,256587.81417816418,0.03762138692526233,1.8212987191592225,1.8216872380200735,3.0,2.919760190782892,265370.32199881016,0.2706959294475776,0.5837071462624924,0.643420794517391,0.75,1.8273157631697061,27257.12277667091,0.13220099407299432,1.6491119398914924,1.654402397582453,1.5,1.7229544534134975,217565.63823783127,0.39724727708349705,1.3213925581185793,1.379812919131219,1.5,1.3448190959802861,139686.26697017564,4.0,CIPN_13_3,CIPN_13,neuro,gait_full,4.0,0.5
9.313788413605176,0.7514141777278015,9.34405040011538,1.5,2.656482981614317,45170.110953236246,-0.08588266116759055,0.7473742854364327,0.7522925986747746,0.75,1.5216977094202753,44685.573284605016,2.5245512691972234,1.1410542861620196,2.7704447286986302,0.25,1.1423575201330847,104161.91627161144,0.07691256639476973,0.7514141777277992,0.7553401944553026,1.5,2.6564829816143227,45170.11095323595,-1.2414839138324019,0.7473742854364351,1.4490861364447045,0.75,1.5216977094202782,44685.5732846053,0.09826358919724015,1.1410542861620208,1.1452775283443934,0.25,1.1423575201330909,104161.91627161166,0.08252259674910489,0.1367776832105151,0.15974390003581168,2.25,2.3145167741521915,1496.6555664978548,-0.08187040689941813,0.23502102832449398,0.24887275319041838,1.5,2.9949072734324504,4418.800502618236,0.07544856095485745,0.10523026805973264,0.12948318294698363,2.25,2.4675755207885883,885.8731986116105,9.432864786026757,0.6120041268319524,9.452697346404515,1.5,2.7141068062970977,29963.925061801478,-0.37683221701961145,0.6884729869326213,0.7848551290014233,2.25,3.701443990444948,37919.72040671184,2.2802107412671067,0.9943655402768475,2.487593988632381,1.5,2.060432036607544,79101.03921786082,0.10093466397320058,0.61200412683195,0.6202715999066221,1.5,2.7141068062971954,29963.92506180126,-0.07740511798038634,0.6884729869326209,0.6928106566916263,2.25,3.7014439904449463,37919.72040671181,0.30704205626711767,0.9943655402768471,1.0406909493249212,1.5,2.0604320366075393,79101.03921786073,0.04604921260549518,0.25551627188078097,0.25963261578129826,0.75,3.1127389844355355,5223.086784580363,0.0367662214119098,0.2924968831706505,0.2947985442661729,1.5,2.905638290960823,6844.374407335115,0.007919926211947587,0.3445083682951028,0.3445993921302777,2.25,2.558273333645601,9494.881463885491,6.895007912488929,4.248279118001814,8.098704191272528,1.5,1.8553738677683471,1443830.0541819176,-3.417596805577607,1.7348124175008839,3.8326938371606887,0.75,2.4096581999658366,240765.93309898884,8.127800563849647,2.301383154571957,8.447337239027586,3.0,3.0215453236867207,423709.153954438,2.106663527488948,4.248279118001789,4.741930691448603,1.5,1.8553738677683476,1443830.0541819003,-0.7618973705776213,1.7348124175008874,1.8947458212668968,0.75,2.4096581999658477,240765.93309898986,0.04155490384969447,2.3013831545719645,2.301758291867668,3.0,3.0215453236867416,423709.1539544406,-0.04296406800787491,0.6991865624483244,0.7005053606133861,0.75,3.5224931626331517,39108.94844534325,-0.06862260323321694,2.317933078861686,2.3189486453467913,1.5,1.7440140379521176,429825.1994737119,0.06480192580913696,1.0927245780900514,1.0946443683455618,1.5,1.9849085522095078,95523.77071500727,6.3670047003772785,4.593275215392657,7.850918803488342,1.5,1.8890212438670584,1687858.835443277,3.7520454907070575,2.060150622133253,4.280428243787202,0.75,2.181631803929102,339539.1471447093,8.413993472623968,2.105253375857656,8.67337177422476,3.0,3.157427896650248,354574.6689295741,2.1613743153773046,4.593275215392655,5.076388099378647,1.5,1.8890212438670553,1687858.8354432757,0.34799511070707767,2.0601506221332566,2.089335105470656,0.75,2.181631803929091,339539.1471447104,0.10127415262400344,2.105253375857644,2.1076878873660863,3.0,3.157427896650251,354574.6689295701,0.02545802244093549,0.52131978888303,0.521941024626011,2.25,3.729086403751222,21742.25636277517,0.07600139310863546,2.138950677085397,2.1403004954348193,1.5,1.9823946700871404,366009.21043807926,-0.04693879105062054,1.200055543525197,1.200973171078709,1.5,2.0131719964056485,115210.8382452527,4.0,CIPN_13_3,CIPN_13,neuro,gait_full,4.0,0.5
9.628317315092723,0.8116828401349581,9.662469837111209,1.5,3.0840430466967734,52707.193229270466,-0.18029836142668437,0.7475442675023123,0.7689797988300576,0.75,1.5274216906997118,44705.81334324065,1.4858988101969206,0.5437052612048792,1.5822486167497478,0.25,1.6252702985908996,23649.33581734808,-0.2376163350927703,0.8116828401349633,0.8457485179842056,1.5,3.0840430466967583,52707.193229271135,-1.1470682135733068,0.7475442675023127,1.3691559145933039,0.75,1.52742169069971,44705.81334324071,-0.9403888698030641,0.5437052612048812,1.0862534867660276,0.25,1.6252702985908853,23649.33581734825,0.10923577024413403,0.16850354586473923,0.2008130933724679,2.25,1.886818296549733,2271.475753846025,0.013360432350846638,0.24077795319361037,0.24114834417160316,4.75,3.326686352740292,4637.967684794087,0.05800140699605402,0.12130308925853549,0.1344566944305345,2.25,2.2850602285640034,1177.155249366861,9.450680818990138,0.6575194119127418,9.473526255807295,1.5,2.844267263414599,34586.9385143411,-0.3912491870729123,0.6914158417141452,0.7944380356947259,2.25,3.3764970353029127,38244.47159883086,2.2312802014011575,1.0137317317330006,2.450767912530107,1.5,1.9576827152407255,82212.3791271467,0.08311863100981295,0.6575194119127475,0.6627522039669357,1.5,2.844267263414627,34586.93851434171,-0.06298814792708632,0.6914158417141453,0.6942790310477226,2.25,3.376497035302913,38244.471598830874,0.2581115164011695,1.0137317317330028,1.046075321772435,1.5,1.957682715240726,82212.37912714701,0.02841587688183397,0.2720586442522095,0.2735386041700766,0.75,3.028912692940144,5921.281539838735,0.032632392469128337,0.3227038465016284,0.3243495731232058,1.5,3.0535038045584604,8331.079057344912,0.0022598368836917395,0.38732328560447427,0.3873298780551095,0.75,2.6611401625830355,12001.674603241963,7.338452753087665,4.8381250902278605,8.789786299904696,0.75,1.9422339253762742,1872608.03025451,-3.3518657499771454,2.0190979487041876,3.9130244737710638,0.75,2.4981187449155264,326140.62028353807,7.926803817586915,2.669699280338809,8.364299911525892,0.75,3.059457271664404,570184.8513476416,2.5501083680876913,4.838125090227839,5.469049924592296,0.75,1.9422339253762626,1872608.0302544935,-0.6961663149771568,2.019097948704188,2.135744381842156,0.75,2.498118744915529,326140.6202835382,-0.1594418424130436,2.6696992803388166,2.674456196790978,0.75,3.0594572716644186,570184.8513476447,-0.07428921902021834,0.7473474711717492,0.7510307122411455,0.75,3.8377027542647184,44682.790978028155,-0.0705657351827234,2.4137046120718315,2.414735902188624,1.5,1.9205733163548113,466079.066198638,0.04271377387549038,1.1849878966822045,1.1857574717293589,1.5,2.173411201749949,112336.2379654253,6.372800928939675,4.7063279077448,7.9222543543559585,0.75,1.9073753504125772,1771961.7960773783,3.814548496258966,2.091308136966086,4.35021263319991,0.75,2.117733341614098,349885.6256804971,8.532262540219993,2.2163572627879913,8.815426454321674,4.0,3.087003384394242,392979.22344429535,2.167170543939702,4.706327907744801,5.181327102368414,0.75,1.9073753504125772,1771961.7960773786,0.4104981162589872,2.0913081369660924,2.1312152465653877,0.75,2.117733341614084,349885.6256804992,0.21954322022003978,2.216357262787983,2.2272042434086785,4.0,3.087003384394238,392979.2234442924,0.014071762335327618,0.5793620561191446,0.579532921037127,3.25,3.43572718009927,26852.831389714403,-0.000612487400831796,2.195975023581654,2.1959751089971995,1.5,2.076768724064002,385785.9121156335,-0.049979121844844876,1.2798866617975673,1.2808621235978923,1.5,1.9756933481086936,131048.91829890964,4.0,CIPN_13_3,CIPN_13,neuro,gait_full,4.0,0.5
9.687483140999012,0.9174456490994171,9.73082915923363,1.5,2.6149481311837404,67336.54862695832,-0.2515941815088943,0.7386706298514417,0.780342188769937,0.75,1.4904677295670112,43650.767638693564,1.5288957089910957,0.6478371495729586,1.660486393000015,0.25,1.2974856066721698,33575.4714138257,-0.29678216099906335,0.9174456490994165,0.9642542041073627,1.5,2.614948131183736,67336.54862695822,-1.0757723934910965,0.7386706298514409,1.3049599771650804,0.75,1.4904677295670143,43650.767638693476,-0.8973919710088921,0.6478371495729559,1.1067995852899641,0.25,1.2974856066721765,33575.471413825406,0.10993575596811223,0.17053108807256026,0.20289584135583372,2.25,2.1946739984529473,2326.474722839769,0.001194470502820666,0.2495682462186192,0.24957110465841081,1.5,2.897495561245212,4982.754226973574,0.06757870977942299,0.13327989115299085,0.14943363544130409,2.25,2.5162978427278904,1421.0843342083754,9.57550583310493,0.707803324432156,9.601629940062455,1.5,2.629363734358279,40078.901735570864,-0.41791438937326847,0.6797769621866804,0.7979656353283539,2.25,3.5083567369485262,36967.939315360505,2.3309069828971247,1.0075225558308323,2.5393363431074802,1.5,2.232009193505962,81209.09216490472,-0.041706383104982994,0.707803324432176,0.709031006704883,1.5,2.6293637343582934,40078.90173557313,-0.03632294562673005,0.6797769621866786,0.6807467037736954,2.25,3.5083567369485267,36967.939315360316,0.35773829789713746,1.0075225558308343,1.0691484416535608,1.5,2.232009193505978,81209.09216490503,0.01565230266836389,0.27821206658551495,0.278652020578723,0.75,3.28033742515126,6192.169954551127,0.009049001036163858,0.34021482299584477,0.3403351439476189,1.5,2.8093116371337987,9259.69391631384,-0.026220400221894678,0.41898703990820313,0.41980668050762904,0.75,2.2921330652062317,14044.073602524637,6.900090511227481,4.526176226110734,8.252122169050912,1.5,2.0071093930246953,1638906.0348694522,-3.498768533787113,1.782845953448159,3.926820717418265,0.75,2.486458768295066,254284.24622360306,8.160667866478638,2.489485390016007,8.531942190033881,3.25,3.1343831370690043,495803.50550212024,2.1117461262275095,4.526176226110725,4.994571346116383,1.5,2.0071093930246935,1638906.034869446,-0.843069098787129,1.7828459534481638,1.9721321454345377,0.75,2.4864587682950647,254284.24622360442,0.07442220647867936,2.489485390016009,2.490597553182833,3.25,3.134383137068994,495803.50550212094,-0.12323803257670417,0.7146738303072582,0.725221549872468,0.75,3.3940154369316593,40860.86611770295,-0.1952163767759037,2.5095549950043456,2.517136410032792,1.5,1.7328638585112779,503829.7371410906,0.019964235015510683,1.203246511513905,1.2034121231523873,1.5,2.0500253268917987,115824.31741875407,6.690214430745969,5.164547624210949,8.45171706176352,0.75,2.245576379996099,2133834.8677690974,3.6953738992993,2.402451482362824,4.40767074323047,0.75,2.1920923238906824,461744.2909580096,8.610940163135819,2.5829465161325653,8.989989054404177,4.0,3.6248998699560304,533739.6707764787,2.484584045746006,5.164547624210966,5.731117695800595,0.75,2.24557637999609,2133834.8677691123,0.291323519299321,2.402451482362829,2.4200501065069493,0.75,2.1920923238906713,461744.2909580114,0.2982208431358687,2.5829465161325613,2.6001054548771676,4.0,3.624899869956024,533739.6707764771,-0.005969597743674586,0.6348576320036301,0.6348856975948332,0.75,3.2532921861097943,32243.894247129367,-0.06877413409944672,2.293801868472496,2.294832650397201,1.5,1.9376723113544707,420922.17809542076,0.022119639186277972,1.3418669732239432,1.3420492734124623,1.5,1.8897465285942343,144048.56366048887,4.0,CIPN_13_3,CIPN_13,neuro,gait_full,4.0,0.5
9.670036551178391,0.8351525633011823,9.706033520708374,1.5,3.2356248128793994,55799.46436732226,-0.3787016139006273,0.6991004240775791,0.7950825839599247,0.75,1.8601145330476692,39099.59357761525,1.2928963290427908,0.8538803801207728,1.5494168648906335,0.25,1.0759076572754325,58329.38688305848,-0.27933557117844243,0.8351525633011755,0.8806294142907735,1.5,3.2356248128793594,55799.46436732136,-0.9486649610993644,0.6991004240775799,1.1784339656353726,0.75,1.860114533047682,39099.59357761533,-1.1333913509571978,0.8538803801207697,1.419044628607491,0.25,1.075907657275439,58329.386883058076,0.10262003491180018,0.17927128831475317,0.20656492049554406,2.25,2.4863447916033823,2571.07191299017,-0.018271805782498464,0.24035394864700674,0.24104746320333117,4.75,3.7916202070565217,4621.737421852267,0.07683982260266432,0.1469629964614358,0.1658387188401216,2.25,2.669678689039738,1727.8610937499598,9.574141706233599,0.7257605752429506,9.601610168280036,1.5,2.8542947117021726,42138.629228898455,-0.40003649360963406,0.7378942304106241,0.839355164094901,4.0,3.3920423790856677,43559.03423789549,2.3571534171290796,0.9669127347140989,2.5477622472349326,1.5,1.9679596293305455,74793.73489486641,-0.040342256233652736,0.7257605752429697,0.726880946383263,1.5,2.854294711702209,42138.629228900674,-0.05420084139036433,0.7378942304106231,0.7398821706736209,4.0,3.392042379085671,43559.034237895365,0.38398473212909223,0.9669127347140999,1.0403674884676808,1.5,1.9679596293305468,74793.73489486657,0.05098748804534857,0.30783099231004835,0.31202506912708733,0.75,2.8415809925110436,7580.820887604177,0.019514101988780938,0.3116685292000553,0.3122788373715937,1.5,3.1228366903653666,7771.034484078131,0.018470717791612513,0.4152071551570636,0.41561779209913424,0.75,2.2919325109156286,13791.765838829593,6.826670432381963,4.291206604514201,8.063366748138426,1.5,1.9325465505089086,1473157.6592065005,-3.4146782220411,1.8178658517671558,3.8684187486753414,0.75,2.261636317483862,264370.90585293487,8.13213476377054,2.336335653114945,8.461092134006188,3.0,3.1203733629680515,436677.3457230776,2.0383260473819904,4.291206604514197,4.7507080733362415,1.5,1.9325465505089097,1473157.6592064973,-0.75897878704112,1.8178658517671646,1.9699454444729094,0.75,2.2616363174838643,264370.9058529374,0.045889103770592354,2.3363356531149466,2.336786274750199,3.0,3.1203733629680523,436677.3457230783,-0.0599739247069393,0.6999546458358683,0.7025193078285958,0.75,3.4769174270438516,39195.179038965325,-0.03657707818884532,2.364134750398683,2.3644176874426135,1.5,1.7233083295260863,447130.9290935821,0.06850350670998927,1.1256163929379677,1.127698982212118,1.5,1.95011760269771,101361.056622306,6.537491115608783,4.894617050980137,8.166765954918095,1.5,1.9930756527327491,1916586.0179080823,3.8570090597195685,2.200568179152389,4.440610228094433,0.75,2.112043556394911,387400.4837045539,8.647893371035611,2.260175380666946,8.938369678424285,3.25,3.1104728389117855,408671.4261859435,2.33186073060882,4.8946170509801545,5.421701812411041,1.5,1.9930756527327442,1916586.0179080965,0.45295867971958886,2.2005681791523903,2.246702445058397,0.75,2.1120435563949025,387400.48370455427,0.33517405103565195,2.2601753806669356,2.2848926442746884,3.25,3.110472838911788,408671.42618593975,0.06369429395064403,0.6117014081357735,0.6150085981489682,3.25,3.3897092980044548,29934.45341651878,-0.16212921152385662,2.4064817767424156,2.411937068628176,1.5,1.762821630268525,463292.3710517333,0.06823975803089333,1.3532098525689085,1.3549293596589018,1.5,1.8906784717037033,146494.2703975395,4.0,CIPN_13_3,CIPN_13,neuro,gait_full,4.0,0.5
9.722627023042035,0.617544807382058,9.742219347680065,2.75,2.9727150796425175,30508.929294834466,-0.4888338885260901,0.655419067455454,0.817638504814759,0.75,1.6877631680685916,34365.96204303649,0.5433393375224046,0.6184421372410652,0.8232182655982447,1.5,1.5063660736914524,30597.674510118843,-0.33192604304208617,0.6175448073820613,0.701096631837669,2.75,2.972715079642493,30508.929294834797,-0.838532686473902,0.655419067455454,1.0642890680023525,0.75,1.687763168068599,34365.96204303649,-1.8829483424775817,0.618442137241064,1.9819094675474882,1.5,1.5063660736914588,30597.67451011871,0.06265947583967515,0.18572261570278753,0.19600790773840768,2.25,2.0911806312708396,2759.447905515813,0.01044460671785375,0.23939052454023793,0.23961826526611218,1.25,2.3434639354925237,4584.632672723036,0.0602515415561189,0.13591214425592177,0.14866862216396307,2.25,2.537128553913866,1477.7756327986067,9.512635801305729,0.6287934610571825,9.53339504609726,1.5,3.0646833159160707,31630.52329644241,-0.42146631863224415,0.7168451992456257,0.8315653296181349,2.25,3.443932914366003,41109.47557341828,2.279716324941299,0.8502315214884142,2.4331050454792056,1.5,2.253227102374718,57832.37046301363,0.02116364869421801,0.6287934610571888,0.6291495185520933,1.5,3.0646833159161417,31630.523296443065,-0.032771016367753904,0.7168451992456253,0.7175938817989433,2.25,3.443932914366011,41109.47557341823,0.30654763994131035,0.8502315214884164,0.9038058949166546,1.5,2.2532271023747423,57832.370463013925,0.00596223812714447,0.3131621938487784,0.3132189456908133,0.75,2.3413066069720547,7845.648255066931,0.02989365182208938,0.2520276476122909,0.25379433717135097,1.5,3.3800652746909496,5081.447330733862,0.0026709534755630314,0.356452532698065,0.3564625394895426,0.75,2.720449563323363,10164.73167259909,6.544843176459608,3.9188680932536006,7.628400837447584,0.75,1.9755942878355162,1228607.2206464482,-3.170604382727116,1.7539696011813701,3.6234157246494267,0.75,2.415493864963315,246114.20950927582,8.015419596341737,2.025633490210612,8.267414489553667,3.25,3.2461956076988856,328255.7823285799,1.7564987914596377,3.918868093253601,4.294509883178788,0.75,1.9755942878355097,1228607.2206464482,-0.5149049477271324,1.753969601181377,1.827986998603174,0.75,2.415493864963313,246114.20950927777,-0.07082606365821104,2.0256334902106183,2.026871324962729,3.25,3.246195607698893,328255.782328582,-0.03235843374747351,0.6406150491854256,0.6414317652544461,2.75,3.616603865491055,32831.27867813417,0.19758239146421525,2.103051208946837,2.1123122848834335,1.5,1.619238244461091,353827.2397446446,0.07717746928994171,1.0464599060316515,1.0493020045238515,1.5,1.8538671937493358,87606.53212501155,6.133966108425268,3.605027793101422,7.114897441871072,0.75,1.9966566509126913,1039701.8707132331,3.7182491138636946,1.6527873308878023,4.069039497705985,0.75,2.3874404014242243,218536.81138802136,8.267391970374701,1.8181130905689058,8.464945670346271,2.75,3.0830273069634555,264443.51333512954,1.928335723425295,3.60502779310143,4.088362025465935,0.75,1.9966566509127008,1039701.8707132376,0.314198733863716,1.6527873308878014,1.682387234112523,0.75,2.387440401424218,218536.81138802113,-0.045327349625254615,1.8181130905688985,1.8186780305271302,2.75,3.083027306963459,264443.51333512744,0.051589276900884204,0.4488422104257365,0.45179728125677926,0.75,3.331927921553885,16116.763334011912,-0.030506198556555546,2.0578199777520902,2.058046085243473,0.75,1.6868712510934338,338770.02351577405,-0.03024354203482032,1.2086530789381915,1.2090314044976591,1.25,1.7986143922247588,116867.53132026942,4.0,CIPN_13_3,CIPN_13,neuro,gait_full,4.0,0.5
9.588537083299492,0.7289911284245204,9.616208788453545,1.5,3.1831368006481453,42514.77202689547,-0.6727918807659065,0.5707012551162816,0.8822408046649309,2.25,1.732715383618226,26056.07057644818,2.0418702651238054,0.4926800747561811,2.1004684800440394,1.5,1.8228307236770405,19418.7105138297,-0.24018587329954152,0.7289911284245145,0.7675397833691167,1.5,3.1831368006480627,42514.772026894796,-0.4613667442340861,0.5707012551162802,0.7338659245914462,2.25,1.7327153836182247,26056.070576448077,-0.5135268248761795,0.49268007475618203,0.7116484075223997,1.5,1.8228307236770418,19418.710513829767,-0.04069209299599326,0.19263511435553818,0.1968860932497921,2.25,1.8148491275009018,2968.664520739682,0.020146092170672966,0.21934613535585035,0.2202693626569439,1.5,3.150423932754224,3849.0245608786486,-0.002282672283077517,0.12612822732354556,0.12614888156671036,2.25,2.468674711419821,1272.6679930657986,9.550348599597323,0.6543455983383581,9.57273871657925,1.5,3.1251581164316042,34253.99261352235,-0.38131188628224516,0.6358794927235942,0.7414455366960808,2.25,3.5359452829893105,32347.487805917022,2.250637976056053,0.9765851410931864,2.453383344907535,1.5,2.0456771819888755,76297.7833595296,-0.12070682459737254,0.6543455983383542,0.6653858275986644,1.5,3.1251581164316824,34253.99261352194,0.17612102128224605,0.6358794927235947,0.6598191747773912,2.25,3.535945282989311,32347.48780591706,-0.17001385894393642,0.9765851410931861,0.9912735495497733,1.5,2.0456771819888733,76297.78335952955,0.031999171971357716,0.2777727033156287,0.27960976684322886,0.75,3.351645189887644,6172.637370060954,-0.0003848036960370771,0.3019533533957679,0.3019535985889786,1.5,2.82687567564837,7294.074678775112,0.011135192570309824,0.3674830402020729,0.36765170657802776,2.25,2.675705043913158,10803.56167326993,6.532299184855868,4.334752227865029,7.83970723416694,1.5,1.9152277344394524,1503206.1701308095,-3.325435334942634,1.6301528124509364,3.7035008247368775,0.75,2.063743073021412,212591.86816263635,8.283872703286471,2.4446413525895894,8.637060744665733,3.0,3.1085535445015298,478101.71158567857,1.7660076798558857,4.334752227865015,4.680690120301778,1.5,1.9152277344394417,1503206.1701307993,-0.7483434299426474,1.6301528124509361,1.793715719137239,0.75,2.0637430730214223,212591.8681626363,0.14580081328652358,2.4446413525895814,2.448985344983924,3.0,3.108553544501529,478101.7115856755,-0.11604973458074565,0.7322631123361412,0.7414019197334691,0.75,3.215898969149862,42896.741279672155,-0.032911913241064905,2.254572061194217,2.254812270046162,1.5,1.772214012276153,406647.6145299422,0.07505824853378933,1.035157441542576,1.0378750741076366,1.5,2.1901998840877765,85724.07431385484,6.059818166098251,4.216635360566408,7.382507024727667,2.25,1.9613992632446846,1422403.263545299,3.938152905402141,1.9805406535202141,4.4081276735790675,0.75,2.2551991310212878,313803.82660946593,8.363463873971181,2.129205969891798,8.630240207169434,3.0,3.134997260216066,362681.91347420827,1.715709821098268,4.216635360566392,4.552326213507982,2.25,1.961399263244698,1422403.263545288,0.6858534154021618,1.980540653520219,2.095933249811431,0.75,2.2551991310213,313803.82660946745,0.055477878971237196,2.12920596989181,2.1299286037982754,3.0,3.1349972602160556,362681.9134742125,0.05449789839432158,0.5591495875792641,0.5617991475780815,3.0,3.1037769275861824,25012.03482183436,-0.17260253799707573,2.058092518031294,2.065317517695384,1.5,1.8222668910545836,338859.5911832681,0.06267274029112788,1.2989319204082101,1.3004430038379076,1.5,1.8400803722659724,134978.07316793324,4.0,CIPN_13_4,CIPN_13,neuro,gait_full,4.0,0.5
9.34968820430323,0.8123791197687462,9.384914989062139,1.5,3.045578543792479,52797.17682796557,-0.8156508053897817,0.7054881597195544,1.078424675087455,0.75,1.9130618634805623,39817.435071318105,2.6687406256003605,0.6996690744691779,2.758933370072275,0.25,1.1918401884565706,39162.948772099735,-0.0013369943032874865,0.812379119768748,0.8123802199647729,1.5,3.0455785437924114,52797.17682796579,-0.3185078196102118,0.7054881597195541,0.7740547620532634,0.75,1.91306186348056,39817.43507131808,0.11334353560037275,0.6996690744691755,0.7087902163764294,0.25,1.1918401884565641,39162.94877209945,0.030706443434586516,0.21821250404772247,0.22036238923913207,2.25,2.1799437130623525,3809.344104141315,-0.005935494869775384,0.22407264028811577,0.22415123962413516,1.5,3.686928229778424,4016.753545820833,-0.016318632914850997,0.1458504639695042,0.14676053836208594,2.25,2.6488965476048785,1701.8046542897214,9.497618977796677,0.6726343555924035,9.521407628272552,1.5,3.095766152180396,36194.98911491504,-0.3987242049672915,0.8753013207068533,0.961838548644189,2.25,3.327954295024148,61292.43555968185,2.4359778891749966,0.9936996772661182,2.6308605674091243,1.5,2.0195558073837283,78995.43035411561,-0.06797720279672309,0.6726343555923915,0.6760605567722898,1.5,3.095766152180444,36194.98911491374,0.19353333996729205,0.8753013207068543,0.8964416075294914,2.25,3.327954295024147,61292.435559681995,0.015326054175008789,0.9936996772661196,0.9938178588329784,1.5,2.0195558073837216,78995.43035411589,0.011685427992473407,0.3591761438692148,0.3593661803121242,0.75,2.969748667568046,10320.613874469871,-0.014889870091586061,0.3576296032927917,0.35793943814939405,1.5,2.948032431648581,10231.938593623721,0.004281869805316068,0.4230208329490662,0.42304250320499887,2.25,2.6412756859160633,14315.824663985251,6.7879283790132625,4.426393732124279,8.103637032246862,1.5,2.136337939896309,1567443.6483618207,-3.4818758314684546,1.737495595598006,3.891317289875835,0.75,1.9538674851244442,241512.3961857981,8.322553174985625,2.5204279574950403,8.695829370415794,3.25,3.105049972625411,508205.0234310917,2.021636874013286,4.4263937321242715,4.866207673554351,1.5,2.136337939896298,1567443.648361816,-0.9047839264684708,1.7374955955980096,1.9589601574095847,0.75,1.9538674851244506,241512.39618579904,0.18448128498566516,2.520427957495038,2.5271704401232165,3.25,3.1050499726253995,508205.0234310909,-0.19798050463602515,0.9018449748891956,0.9233204421807355,0.75,3.341689347221038,65066.516197354686,-0.04884702242112601,2.477095954526092,2.477577526441694,1.5,2.2175109047480333,490888.27668153006,0.017172259578932376,1.1355084347761881,1.1356382751329384,1.5,2.579742805777411,103151.1601706722,6.678556980218162,4.971830677435382,8.32599685461797,0.75,1.9770919289223932,1977529.9083961556,4.0263442547561565,2.454151486743444,4.715326879198616,0.75,2.177237875331682,481828.76196607633,8.332743783233154,2.3675865266677976,8.662568032533404,4.0,3.3029691386471023,448437.8237851786,2.334448635218178,4.971830677435364,5.492608734978253,0.75,1.9770919289223987,1977529.9083961414,0.7740447647561721,2.4541514867434477,2.5733256338309602,0.75,2.177237875331693,481828.7619660779,0.024757788233206634,2.3675865266678042,2.367715968890086,4.0,3.302969138647097,448437.8237851811,0.06755189606922887,0.6119837969776056,0.6157007604556576,3.25,3.156821228918722,29961.960932822363,-0.0010081279585917357,2.2613086122895867,2.261308837009451,1.5,1.9099262804997572,409081.336579846,0.024895118291299898,1.346752172942028,1.3469822501572961,1.5,1.8646473270377697,145099.32181780084,4.0,CIPN_13_4,CIPN_13,neuro,gait_full,4.0,0.5
9.27384863689418,0.8231998494134823,9.310312912684427,1.5,2.9736806087983605,54212.762570657156,-0.7609812082023104,0.7114786182419869,1.0417745550034205,0.75,1.6244240363666054,40496.245337321874,2.7728919882204663,0.6213711976481311,2.841660103461342,0.25,1.4521292194354898,30888.244082111672,0.07450257310577454,0.823199849413482,0.8265643504735495,1.5,2.973680608798346,54212.76257065711,-0.3731774167976846,0.7114786182419872,0.8034072495461564,0.75,1.6244240363666032,40496.245337321925,0.21749489822047877,0.6213711976481274,0.6583359294604879,0.25,1.4521292194354807,30888.24408211131,0.0832362357812245,0.19532586062562668,0.2123216022362523,2.25,2.278884485745873,3052.1897913112516,-0.06183622128353294,0.23519619747898027,0.24318916417307238,4.75,3.4879297639693263,4425.393755217899,-0.026481444625637014,0.13468549474215566,0.13726415920916835,2.25,2.346639013406146,1451.214857682208,9.477980968892277,0.6825119014912974,9.50252312506323,1.5,2.892931359002504,37265.81751126885,-0.3534555202447908,0.8764221745120832,0.9450114458396808,2.5,3.0851038493797662,61449.382563572566,2.4150856464231505,0.9482656977038959,2.5945802190337037,1.5,2.095190539694288,71936.8515198272,-0.04833919389231677,0.6825119014912867,0.6842215820502966,1.5,2.8929313590025263,37265.81751126767,0.14826465524479146,0.876422174512084,0.8888747020651148,2.5,3.085103849379764,61449.38256357266,-0.00556618857683588,0.9482656977038982,0.9482820339419775,1.5,2.0951905396943022,71936.85151982759,0.017510263971947965,0.3354621503808809,0.3359188349624535,0.75,3.147537801908028,9002.806567681475,0.007074023731325457,0.3411560034674926,0.3412293371233827,1.5,2.9844337273502766,9311.006252110816,0.017494941750044825,0.4214260182867612,0.4217890016061005,2.25,2.6641657141408124,14208.076715331852,6.70751067447876,4.38198077569897,8.012019406294636,1.5,1.8827591846524148,1536140.4692085087,-3.2399477905073844,1.7976916893414308,3.705260732410194,0.75,1.8322407767180118,258535.64960395906,8.267651953713482,2.360558614158501,8.598040811639606,3.25,3.248629256357744,445778.9612670344,1.941219169478789,4.381980775698975,4.7927119027276515,1.5,1.882759184652411,1536140.469208512,-0.6628558855073989,1.7976916893414325,1.9160045237104872,0.75,1.8322407767180162,258535.6496039596,0.12958006371352532,2.360558614158501,2.364112510814556,3.25,3.248629256357733,445778.9612670345,-0.12873290093892667,0.7858132063596113,0.7962879850112801,0.75,3.1527930722301103,49400.1940040533,-0.01901511791471389,2.37539099743805,2.375467104680476,1.5,1.7784134547973809,451398.591778146,0.04388074100353563,1.0337130704228428,1.0346440119161955,1.5,2.4663798142125506,85485.01925944808,6.494835934964506,5.199233894551633,8.319550884053827,1.5,2.05415246633142,2162568.9557429515,4.256345791960366,2.404694359256047,4.888663872897847,0.75,2.0434258389696374,462604.7819715532,8.477348368411029,2.515183172807386,8.842600395368693,4.0,3.185425562479817,506092.0679683339,2.15072758996453,5.199233894551621,5.626514218989325,1.5,2.0541524663314177,2162568.955742941,1.0040463019603818,2.404694359256041,2.605890239038885,0.75,2.043425838969648,462604.78197155084,0.16936237341107152,2.5151831728073852,2.5208788162664337,4.0,3.1854255624798213,506092.06796833343,0.11275817974294057,0.637664953603318,0.6475577195531399,0.75,3.000197401614199,32529.340869185882,0.11946928388053851,2.3498765961443815,2.35291158501505,1.5,1.957069147788176,441757.91929035186,-0.006761397718711848,1.3601014735921548,1.3601182797707931,1.5,2.3734520566655855,147992.98712155147,4.0,CIPN_13_4,CIPN_13,neuro,gait_full,4.0,0.5
9.457666960021985,0.8432910907568633,9.495188475772421,3.25,2.891386494368247,56891.198048173996,-0.4968378244075579,0.6674459063835827,0.8320648182144451,0.75,1.5986272642379153,35638.79930979255,2.152330204940606,0.6677640799860157,2.2535381464752797,0.25,1.3447129558997515,35672.723307869455,-0.10931575002203027,0.8432910907568589,0.8503468686087884,3.25,2.8913864943682417,56891.1980481734,-0.6373208005924367,0.6674459063835817,0.922855265367211,0.75,1.598627264237915,35638.79930979243,-0.40306688505938076,0.667764079986016,0.7799819102716693,0.25,1.344712955899747,35672.72330786947,0.05598366847616987,0.18177576545155474,0.19020147223812,2.5,1.9914047996456647,2643.3987371547246,-0.04230197170787498,0.2597928719908187,0.2632143482935757,1.75,2.875373823246852,5399.391068980395,-0.010081523902155796,0.1424889319893188,0.14284513594675338,2.5,2.377598040546287,1624.2516091466377,9.455130273977726,0.7181092085527917,9.482360957762497,1.5,2.691453802797823,41254.50884808511,-0.3921883433510699,0.7747063107925127,0.8683211183900815,2.5,3.5079757628899517,48014.308762961264,2.394618611756523,0.9951661355870576,2.5931744895378745,1.75,2.1533055339826763,79229.15499736222,-0.025488498977771168,0.7181092085527855,0.7185614093370503,1.5,2.6914538027978345,41254.5088480844,0.18699747835107008,0.774706310792512,0.7969554096004388,2.5,3.507975762889938,48014.308762961155,-0.02603322324346501,0.9951661355870544,0.9955065876887583,1.75,2.1533055339826768,79229.1549973617,0.07447465716695272,0.3092794335469692,0.31811985567592177,4.0,3.0973434152809927,7652.302480348763,0.0027816206765010365,0.3279773709550887,0.3279891663945622,1.5,3.212855295044651,8605.532818206806,0.025211252104142216,0.41756343634871135,0.4183238346162012,2.5,2.462076102820911,13948.786162123888,6.783587319187775,4.83553055154803,8.330630986425913,0.75,2.3188791607789025,1870624.8844069517,-3.45216000229203,2.0154372551492474,3.9974236716751,0.75,1.9958400659451458,324959.14227151684,8.398959953246754,2.553722916251445,8.778612021796526,3.25,3.2688573238138705,521720.16724500625,2.0172958141878015,4.835530551548033,5.239450173147374,0.75,2.3188791607788937,1870624.884406954,-0.87506809729205,2.0154372551492576,2.1972099363378783,0.75,1.9958400659451458,324959.1422715201,0.26088806324679886,2.553722916251438,2.5670144749362853,3.25,3.2688573238138665,521720.1672450033,-0.06101044864921417,0.6957557668057187,0.6984256308926471,0.75,3.3067415275020737,38726.20849039996,0.1954731525476746,2.5640760683547517,2.571516252656492,0.75,1.6153235726324866,525958.888421375,0.18341040121933083,1.1528074630546248,1.1673064816704635,0.75,1.84141837525032,106317.22169735207,6.583944625047895,5.329019000205102,8.470346529525465,0.75,1.946181172127143,2271875.4861145997,4.006226155406109,2.3791032214378554,4.6593969724113435,0.75,2.148163861525871,452810.5717414236,8.617079665389896,2.602618319816499,9.001537872959293,3.25,3.247832885228548,541889.7696489071,2.2398362800479257,5.3290190002051,5.780597725665217,0.75,1.9461811721271405,2271875.4861145974,0.7539266654061296,2.3791032214378425,2.495703819580025,0.75,2.148163861525881,452810.57174141874,0.30909367038993607,2.6026183198165,2.6209084332955213,3.25,3.2478328852285547,541889.7696489076,0.10572394000280128,0.6140570439943408,0.6230919713563832,3.25,2.875451166956968,30165.28882775812,0.007116477733325208,2.311946777397421,2.3119577301009744,1.5,1.8129700949083356,427607.8804862872,0.04829452413611998,1.336852534045824,1.3377245825827808,1.5,1.8928600980121282,142973.97605574923,4.0,CIPN_13_4,CIPN_13,neuro,gait_full,4.0,0.5
9.47940506763696,0.8633045790163507,9.518635155971253,3.25,3.206256522446133,59624.36027901705,-0.4631958763107842,0.6770248743971937,0.8203128064243854,2.5,1.7143745705376936,36669.0767056107,2.2924115487037136,0.7761700994032449,2.420246006470789,0.25,1.6448540669602447,48195.81808614442,-0.13105385763701632,0.8633045790163482,0.8731952300328589,3.25,3.206256522446147,59624.360279016684,-0.6709627486892089,0.6770248743971948,0.9531808279026156,2.5,1.7143745705376974,36669.07670561082,-0.262985541296273,0.7761700994032465,0.8195129151749467,0.25,1.6448540669602505,48195.81808614463,0.06472560530057545,0.17937635593224815,0.1906968302019162,2.5,2.206822788233938,2574.0701864429375,-0.006781302078620959,0.2446569408654417,0.2447509035152225,1.5,3.17533502293574,4788.61391516204,-0.0009110935050173397,0.1430221315514889,0.14302503349031695,2.5,2.453156639309202,1636.4313553386664,9.47904186870894,0.7852763836840289,9.511513746376488,1.75,3.0006773196710967,49333.489917359075,-0.3587714605859944,0.7727083803208014,0.8519361489859459,2.5,3.2467585168839115,47766.28676813037,2.3806419339429246,0.9945540650643059,2.580037559025729,1.5,2.0665415266543126,79131.40209894713,-0.04940009370898053,0.7852763836840287,0.7868286776867769,1.75,3.0006773196710386,49333.48991735905,0.1535805955859955,0.7727083803208002,0.7878231021990556,2.5,3.2467585168839035,47766.28676813022,-0.04000990105706335,0.9945540650643038,0.9953585185843979,1.5,2.066541526654323,79131.40209894678,0.04604224801154084,0.3070739260715811,0.3105064969931727,0.75,3.0696012475290573,7543.574628160562,0.0035779633291687673,0.3652412552048046,0.3652587799426129,1.75,3.4234835751759882,10672.253030964805,0.011971290496154037,0.44144641171653126,0.4416087026016862,2.5,2.531552265610447,15590.112443909844,6.7871915737869,4.902730955343706,8.372737920165022,0.75,1.8469866088738465,1922941.7459068627,-3.3211533518303002,1.9732517533547456,3.863131122352853,0.75,2.3198767487774994,311497.92997577495,8.409093269776736,2.662397501195657,8.820499423171983,3.25,3.264027407211181,567069.2750703742,2.0209000687869203,4.902730955343714,5.302905609994248,0.75,1.8469866088738471,1922941.7459068694,-0.744061446830322,1.9732517533547562,2.1088740879381236,0.75,2.319876748777497,311497.92997577833,0.2710213797767812,2.6623975011956507,2.6761563935369983,3.25,3.2640274072111914,567069.2750703713,-0.12806325322610057,0.6596178152562757,0.6719344157209948,0.75,3.5036325629267657,34807.70622740495,-0.13927884633249954,2.5102553310903897,2.514116231263669,1.75,1.9547120448484063,504114.28429994435,0.04066601341037426,1.1364873265663467,1.1372146534813097,0.75,2.1241207148959007,103328.48406589981,7.413664852671466,5.920527756297008,9.487627493784709,0.75,1.9022341627671042,2804214.3190502934,3.889594767266614,2.8247799051654052,4.807112331345514,0.75,2.2768101468145523,638350.5241993534,8.605824185931594,2.9064372317983507,9.083368719894006,3.25,3.308989912531268,675790.9645786035,3.069556507671489,5.9205277562970045,6.668944899072988,0.75,1.9022341627671073,2804214.3190502906,0.6372952772666288,2.8247799051653977,2.895777405646467,0.75,2.2768101468145563,638350.52419935,0.2978381909316453,2.906437231798349,2.9216579146712376,3.25,3.3089899125312754,675790.9645786027,0.09846511945253113,0.6740923187346319,0.6812457955289221,3.25,3.121784054689531,36352.186134250296,0.09634664410774661,2.5336446952981637,2.5354759154532216,1.75,2.024745951425833,513550.7955233026,-0.01874954468806874,1.4733754625809974,1.473494757086627,1.75,2.1241862982248776,173667.9252438838,4.0,CIPN_13_4,CIPN_13,neuro,gait_full,4.0,0.5
9.42430768425514,0.7837741415311482,9.456842878701295,3.25,2.892929032528498,49144.195960887315,-0.3274758590615378,0.7864876519261073,0.851940881106391,0.75,1.5414097147998125,49485.24278774666,2.5590412496427764,0.537912709760075,2.614965047700388,1.5,1.9533914032369346,23148.011276655827,-0.07595647425520048,0.7837741415311481,0.787446055875683,3.25,2.8929290325284827,49144.19596088731,-0.8066827659384563,0.7864876519261093,1.1266321100937797,0.75,1.541409714799812,49485.242787746916,0.003644159642791607,0.5379127097600742,0.5379250535352745,1.5,1.9533914032369126,23148.01127665576,0.6004490573595913,0.7564400901933687,0.9657850074088816,0.25,0.9708617144837546,45776.61171421529,0.001127658202940096,0.2196093463625628,0.21961224151402567,1.5,2.9743731617892886,3858.267823982487,0.12161291894227745,0.2751233122802181,0.30080315658865575,0.25,1.5448714872762717,6055.50749506547,9.492675135313773,0.6975137573064858,9.518266999104204,1.5,2.5827650787249707,38922.035341906994,-0.3696123801750984,0.7179584450800711,0.8075132447461744,0.75,2.825099059693865,41237.14716818816,2.45223817966983,0.9075285211514229,2.614781081951927,1.5,2.1509277002306884,65888.91528907981,-0.06303336031383235,0.6975137573064908,0.7003560852482625,1.5,2.5827650787249548,38922.035341907555,0.16442151517510056,0.717958445080071,0.7365451537511255,0.75,2.8250990596938554,41237.14716818815,0.031586344669844994,0.9075285211514271,0.9080780329205738,1.5,2.1509277002307186,65888.91528908038,0.45598951281043987,0.6123205555950528,0.7634545818824696,0.25,1.0464986226183444,29995.138950015436,-0.004497712957982668,0.34161780184907575,0.34164740883262495,1.5,2.7779609827224165,9336.223374504798,0.1446802253594234,0.4056151543978974,0.4306460508204896,0.75,2.240202141167686,13161.944236193816,6.644923243132735,4.523184990117008,8.03829629722278,0.75,2.221323371252637,1636754.8679948824,-3.5020092466926758,2.0920480079406363,4.0793055329859005,0.75,2.1110195605088826,350134.52663383866,8.01546934454403,2.618200015518979,8.432242888733025,3.25,2.9856153073429432,548397.8644043808,1.8786317381327562,4.5231849901170165,4.897801513162776,0.75,2.221323371252627,1636754.8679948892,-0.924917341692693,2.0920480079406434,2.28738649040609,0.75,2.1110195605088844,350134.5266338408,-0.12260254545592833,2.618200015518978,2.6210690005064436,3.25,2.985615307342943,548397.8644043803,0.22846007509349647,1.0056711601173471,1.0312945690749549,0.25,2.092684428795195,80909.96295317067,-0.2222956107028235,2.0808328606614377,2.092673106948671,1.5,1.9341337323241994,346389.78103652276,0.36071013476982455,1.6244039726133004,1.6639711738992167,1.5,1.9072637978879687,211095.4031301631,6.3848678320280445,4.776944152981732,7.974066257134615,0.75,1.9171605436699297,1825535.6481380905,3.5793721841890336,2.6646141506090095,4.462294679262223,0.75,1.9969592231427653,568013.7454079794,8.498097070634804,2.186389384778729,8.774847711715852,3.25,3.149593568335333,382424.0217863725,2.040759487028067,4.7769441529817245,5.194602460689494,0.75,1.917160543669929,1825535.6481380858,0.3270726941890456,2.664614150609009,2.6846126571462507,0.75,1.9969592231427602,568013.7454079791,0.19011107563485216,2.186389384778727,2.194639096287164,3.25,3.1495935683353324,382424.02178637177,0.3070337714566495,0.6995749656650989,0.7639861709482826,0.75,2.426069568876895,39152.61116571731,0.12588485044081488,2.2105449043914795,2.2141264123580755,1.5,1.9102194080218742,390921.86511098896,0.2143063779658808,1.3359126576878422,1.3529929240788545,1.5,2.3746972006947056,142774.18029055957,4.0,CIPN_13_4,CIPN_13,neuro,gait_full,4.0,0.5
9.196668482908605,0.7381739259757452,9.22624581991586,0.25,2.5557578666922134,43592.82802021365,0.006185763323814868,0.6759032308305638,0.6759315358193406,0.25,1.203678927393222,36547.689800958484,3.094531609385659,0.9956591740007569,3.2507634599058224,0.25,0.7192180096567002,79307.19109638313,0.15168272709133215,0.7381739259757552,0.753596970992004,0.25,2.5557578666922014,43592.82802021482,-1.1403443883238094,0.6759032308305629,1.325605711148227,0.25,1.2036789273932247,36547.68980095839,0.5391345193856738,0.9956591740007574,1.1322558106563605,0.25,0.7192180096566989,79307.19109638322,0.8160153361750107,0.7254317866888919,1.0918481149003525,0.25,0.5260751980967308,42100.10741132108,0.05791135284898909,0.22873173905004637,0.2359490055873485,1.0,1.9000916268772319,4185.472693594038,0.20950648280061684,0.29083328799716,0.3584368392656148,0.25,0.9394019692431835,6766.732880927817,9.45969455395295,0.5051655221951353,9.473173346820051,3.25,3.057792537637869,20415.600587203717,-0.16535117775956795,0.8253637666426217,0.8417638381832356,0.75,1.831445825995308,54498.18569333082,2.4340739988454074,0.7737839344968247,2.5541060684984593,1.5,2.342911708356567,47899.79844496376,-0.030052778953010364,0.5051655221951427,0.5060586668929696,3.25,3.0577925376380195,20415.600587204306,-0.03983968724043123,0.8253637666426242,0.8263247230755688,0.75,1.8314458259953064,54498.185693331136,0.013422163845424651,0.7737839344968281,0.7739003371027079,1.5,2.3429117083565583,47899.79844496416,0.8013472169751047,0.5517331054389599,0.9729166366092543,0.25,0.7158480145576599,24352.774402630268,-0.0323152803564418,0.27164469841446715,0.27356008393258374,1.5,2.925203731757007,5903.37303907132,0.2502033302685136,0.285012567554116,0.3792543607412372,0.75,2.2580349885639577,6498.65404768298,5.701176707659556,3.2942229976781543,6.5844757582051665,1.5,1.9219986410914198,868152.4643984439,-3.6866468375143007,1.9588263964775658,4.174729423099356,0.75,1.8730790609450783,306960.1197616339,7.969942360169666,1.9579966506226705,8.206931954651289,3.25,2.855456820889171,306700.2730114967,0.9348852026595784,3.2942229976781525,3.42431241281859,1.5,1.921998641091424,868152.4643984429,-1.1095549325143168,1.9588263964775703,2.2512469877390515,0.75,1.8730790609450865,306960.1197616353,-0.1681295298303009,1.9579966506226667,1.965201878344955,3.25,2.8554568208891586,306700.27301149553,0.43524632385560486,1.017681297574762,1.1068489444649932,0.75,1.921079308041878,82854.02618834379,-0.15660935671809967,1.4477294300091683,1.4561754678356345,1.5,2.3140852660891214,167675.40756881458,0.6355332795634502,1.7043746551109056,1.8190094871707219,0.75,2.0225219134751873,232391.52872748225,5.52939935404146,2.917152666572206,6.25172271430551,1.75,1.99341785147095,680783.8500298976,3.360452026637237,1.8987656608315346,3.8597861155876667,1.0,1.9886001242065892,288426.5184922583,8.20992535331666,1.5636787639919074,8.357509532390074,3.25,4.121414684770384,195617.21709227547,1.1852910090414832,2.9171526665722105,3.148760781038143,1.75,1.9934178514709369,680783.8500298996,0.10815253663725546,1.89876566083154,1.90184331792451,1.0,1.9886001242065905,288426.51849226,-0.09806064168330217,1.5636787639919127,1.5667505118577805,3.25,4.1214146847703415,195617.21709227675,0.497976737602873,0.6435289537420344,0.8137016317409705,0.75,2.057289853978486,33130.39340319006,0.3108938099046513,1.5887738274921372,1.618906185040086,0.75,1.7746502593241742,201937.39580928817,0.650673084968692,1.5318132266541882,1.6642797916382297,0.75,1.6298085328173393,187716.3624189332,4.0,CIPN_13_4,CIPN_13,neuro,gait_full,4.0,0.5
8.842863493468094,0.7292886397428043,8.872885476786495,1.5,2.2378815659298206,42548.991273765096,0.179425125717253,0.556487744200517,0.5846982000861917,0.75,1.5109706161223806,24774.30194024758,4.020103364040807,0.8343573800429271,4.105774384352398,0.5,1.0569364663477263,55692.48703099121,0.5054877165318469,0.7292886397428067,0.8873442125931145,1.5,2.2378815659298215,42548.99127376539,-1.3135837507172459,0.5564877442005177,1.4265976586248026,0.75,1.510970616122375,24774.301940247627,1.4647062740408239,0.8343573800429306,1.685679894537114,0.5,1.05693646634772,55692.487030991666,0.26209481841176174,0.4653079075190831,0.5340460117237857,0.25,1.5021218720561027,17321.4157054664,0.013664652088204101,0.2316056777628147,0.23200843236543026,0.5,1.9589345037780503,4291.300137298639,0.08701214785903348,0.2149647160630745,0.23190718623432208,0.5,1.6178441371796715,3696.863641272641,9.485384026593715,0.5780366893239586,9.502980403334726,1.5,2.789937637556975,26730.162154346628,-0.18366625648582247,0.8731655531680355,0.8922731515689337,0.75,2.333422312671576,60993.44936538946,2.362472469663531,0.8687718867013865,2.5171493322885694,1.5,1.9118929462610794,60381.314651285276,-0.05574225159375426,0.5780366893239478,0.5807181870902026,1.5,2.7899376375571023,26730.162154345635,-0.021524608514176684,0.8731655531680377,0.8734308169574359,0.75,2.3334223126715723,60993.44936538976,-0.058179365336452425,0.8687718867013857,0.8707177669449716,1.5,1.9118929462610799,60381.31465128519,0.38364078685880215,0.5643554517058301,0.6824055460001277,0.25,1.4020178022465066,25480.048337238484,-0.039648097293516135,0.26486623599286907,0.2678172783597547,1.5,3.0068445151107044,5612.3576478633695,0.11643097895225368,0.3444948073383305,0.36363834388421357,2.25,2.232989065802149,9494.166819350508,6.051410697102153,3.815333288711748,7.153764011270875,2.25,2.5039632985809908,1164567.927361655,-3.492883623976991,1.7059349606551502,3.8872162405289625,0.75,2.0239431570302404,232818.92943826955,8.23841916574114,1.9814037995366138,8.473341216265819,3.0,3.9832176847480496,314088.11034496175,1.2851191921021736,3.8153332887117504,4.0259532339386865,2.25,2.5039632985809934,1164567.9273616564,-0.9157917189769997,1.7059349606551384,1.9362046799169494,0.75,2.0239431570302573,232818.92943826632,0.10034727574116921,1.9814037995366207,1.9839431928779692,3.0,3.98321768474802,314088.11034496373,0.07986436361739474,0.8141212710762662,0.8180291929967087,0.25,2.8345038450796882,53024.09631083783,-0.035834822341626146,1.8919289462723465,1.892268287594401,1.5,1.6432719502840507,286351.8753725635,0.3295848508858501,1.3245273007621925,1.3649171199738932,0.75,1.9205237094206902,140349.90791034995,5.819632610496387,3.5220697767695066,6.802433331800188,1.5,1.6432561962981374,992398.0639660386,3.7223235902087763,1.7917889596089276,4.131125825486461,0.75,2.30649129574946,256840.86021466588,8.25847300524008,2.0052047828157322,8.498424712810381,2.75,3.0069304936570043,321667.7880477829,1.4755242654964098,3.522069776769517,3.8186577969886217,1.5,1.6432561962981285,992398.0639660443,0.47002410020879787,1.7917889596089347,1.8524120304493703,0.75,2.3064912957494568,256840.86021466786,-0.0495129897598831,2.0052047828157384,2.0058159828813,2.75,3.006930493656996,321667.788047785,0.2681968694408795,0.638317746893855,0.6923720869428054,0.75,2.5086587737151533,32596.136500447345,0.20772229796722605,1.75679787687806,1.769035707179492,1.5,1.8639401552790307,246908.7011148421,0.47087939867763123,1.5944832529751516,1.6625595484424698,1.5,1.5027526633719575,203391.20797050264,4.0,CIPN_13_4,CIPN_13,neuro,gait_full,4.0,0.5
9.111571286400727,0.8257025496821048,9.14890791339129,1.5,2.124365597257927,54542.80987525214,-0.1178739385442749,0.7400349730793999,0.7493637479679461,0.75,1.4284377558979382,43812.19131354792,3.2096843323374604,1.386211293724734,3.496234440666497,0.25,0.8731513779777391,153727.82519839864,0.2367799235992196,0.825702549682102,0.8589816253978756,1.5,2.1243655972579076,54542.809875251754,-1.0162846864557185,0.7400349730794008,1.257173943933387,0.75,1.428437755897936,43812.19131354802,0.6542872423374763,1.3862112937247382,1.5328644905325428,0.25,0.8731513779777439,153727.82519839957,0.03899303333998962,0.16027425601271095,0.16494936735095878,2.25,2.0208942314424925,2055.027022227402,-0.1086668726265478,0.23306890797881086,0.25715677139221854,1.5,2.2939734375645395,4345.69594112008,0.006356189375320042,0.1104007247159007,0.11058354832962732,2.25,2.454730029956134,975.0663240239725,9.53367021241791,0.677923443755409,9.557742825308585,1.5,2.5918224431041463,36766.4448776002,-0.40246972824158567,0.7135571091295122,0.8192347832826207,2.25,3.6517408142243153,40733.15389706273,2.3415499873137295,0.9725402901187506,2.535486335793035,1.5,1.9164840875592932,75666.77825179514,-0.10402843741795685,0.6779234437554019,0.6858586672083434,1.5,2.5918224431041748,36766.44487759943,0.1972788632415882,0.713557109129513,0.7403260753689288,2.25,3.6517408142243157,40733.1538970628,-0.07910184768625766,0.9725402901187489,0.975751873281133,1.5,1.9164840875592948,75666.77825179484,0.04394061101984124,0.319448354400511,0.32245624265315664,0.75,2.626750036209932,8163.781388808664,-0.013031110048360028,0.30694954011103087,0.3072260242939484,1.5,3.0397483888916934,7537.445749161675,0.026898702709616976,0.38210514481178304,0.3830507562962042,2.25,2.483862501256261,11680.348030834764,6.670955334041077,4.4282765494321525,8.006951871156827,1.5,1.9615180590687193,1568770.6723929697,-3.4344593856137187,1.7443334566699673,3.852039781659628,0.75,2.103001121122289,243415.9393048716,8.320066749637327,2.4429537123414096,8.671305181981737,3.0,3.2100458207315268,477441.88609455765,1.9046638290411062,4.428276549432171,4.820516310511606,1.5,1.9615180590687178,1568770.6723929828,-0.8573674806137254,1.744333456669953,1.9436507414841984,0.75,2.1030011211222965,243415.93930486782,0.18199485963735412,2.442953712341418,2.4497234475705896,3.0,3.210045820731523,477441.88609456085,-0.08771970246587113,0.7512071202108996,0.7563113668696604,0.75,3.5831459086081923,45144.97108225155,-0.05585400047370476,2.330221640729266,2.3308909378801723,1.5,1.6835100357556234,434394.6515627481,0.09550174552136297,1.1477114843342435,1.1516780082429028,1.5,1.8978589719394108,105379.34005965696,6.229856676314139,4.232824922136529,7.531794011314698,1.5,1.999454684054497,1433346.6746151396,3.956090796967247,2.115970397413142,4.4864223069811064,0.75,2.215763107204465,358187.0194652459,8.509758645012205,2.106291015831859,8.766553144750448,3.0,3.377626250030619,354917.5778466247,1.8857483313141659,4.2328249221365395,4.633881050535757,1.5,1.999454684054494,1433346.6746151466,0.703791306967268,2.1159703974131503,2.2299446016642346,0.75,2.2157631072044652,358187.01946524886,0.201772650012254,2.1062910158318684,2.1159333745813007,3.0,3.3776262500306085,354917.577846628,0.09406274283811998,0.5736740434042618,0.5813344198187692,3.0,2.959998747570926,26328.16864120316,0.07994342965274466,2.089584070712267,2.0911127517470436,1.5,1.7640816818549636,349309.37176149915,0.03633066604353662,1.2557693284060876,1.2562947597839622,1.5,1.889713733497807,126156.80621510166,4.0,CIPN_13_4,CIPN_13,neuro,gait_full,4.0,0.5
9.394497276143488,0.7849957932981161,9.427237000678575,1.5,2.7366412660758077,49297.68635272754,-0.37293348511701185,0.6964229549486195,0.7899900736723767,2.25,1.5915497460203827,38800.39820078041,2.4988753484278603,0.9711034716280147,2.6809363960356167,0.25,0.9095319858084414,75443.41992520481,-0.04614606614354942,0.7849957932981129,0.7863509743850123,1.5,2.736641266075805,49297.686352727134,-0.7612251398829809,0.6964229549486204,1.0317308979424975,2.25,1.5915497460203818,38800.398200780495,-0.056521741572126256,0.9711034716280147,0.9727469660082876,0.25,0.9095319858084313,75443.41992520481,0.06483861810545732,0.18017685522687515,0.19148823869175793,2.25,2.091104237178269,2597.0969119951365,-0.06828727883056812,0.26569046553453374,0.2743256749304392,0.25,2.128075206481666,5647.324559155527,-0.007269625369179146,0.12740669391572434,0.12761392207570177,2.25,2.375513651516349,1298.5986422550673,9.5126528485874,0.6147527748206286,9.532496272849396,1.5,2.6138306104872426,30233.685908901214,-0.3323235197856968,0.6629510118198553,0.7415813953139091,2.25,3.5536561669867,35160.51869263554,2.279300688841928,0.9237569623100127,2.4593776764806803,1.5,1.8811935110211309,68266.15527321723,-0.08301107358745478,0.6147527748206401,0.6203320179450826,1.5,2.6138306104872515,30233.685908902335,0.12713265478569916,0.6629510118198547,0.6750309296512486,2.25,3.5536561669866886,35160.518692635465,-0.14135114615805797,0.9237569623100125,0.9345090004576834,1.5,1.8811935110211249,68266.1552732172,0.05574953492973569,0.26375763183590295,0.2695850496532876,0.75,2.9677225947542016,5565.447822661665,0.0017595038021690557,0.2951244660772445,0.29512971102721675,1.5,2.935112586062594,6967.877080096483,0.028925892235015235,0.37752546424787087,0.3786319894002118,2.25,2.4221347430442184,11402.046665754675,6.877915947313815,4.592221042566013,8.270079919934254,1.5,1.9500497576818843,1687089.265074156,-3.4042306477470543,1.7429937883531714,3.824501751770819,0.75,2.1718567920010154,243042.93223787236,8.134552148798786,2.562014810010558,8.528473400805117,3.0,3.0130792241299145,525117.62431136,2.111624442313856,4.592221042566042,5.054448722577335,1.5,1.9500497576818872,1687089.2650741774,-0.827138742747066,1.742993788353169,1.9292967231587084,0.75,2.1718567920010234,243042.93223787172,-0.003519741201172568,2.5620148100105586,2.562017227750735,3.0,3.0130792241299127,525117.6243113601,-0.08802073781017274,0.7328333657631154,0.738100529914688,0.75,3.360920400625447,42963.76835256705,-0.06567759579319409,2.337433262972762,2.3383557910293864,1.5,1.7701822967433547,437088.1004020339,0.07152192791916748,1.1309715720234341,1.133230816249908,1.5,2.2625720520251633,102327.74070044965,6.335370866058179,4.5850532005411475,7.820462701291489,1.5,1.8769858703236808,1681817.0459735638,3.856792957283336,2.1572056088121627,4.419093567015865,0.75,2.0180034920985856,372282.8856798395,8.40173348780234,2.2817317102937364,8.706056811083837,3.0,2.9554453313182645,416503.9687702759,1.9912625210582005,4.585053200541148,4.998783780037269,1.5,1.876985870323685,1681817.0459735645,0.6044934672833585,2.1572056088121707,2.2403009598442227,0.75,2.0180034920985905,372282.88567984226,0.09374749280238762,2.281731710293738,2.2836567583957796,3.0,2.9554453313182716,416503.9687702763,0.0588196633106009,0.6834921131667892,0.6860183828099473,1.5,2.7252055363298733,37372.91765415086,0.041563763733640686,2.077352404076965,2.0777681673324513,1.5,1.847757005814221,345231.6817403649,0.0736976432878941,1.261559881689492,1.2637106780092484,1.5,1.843223214618483,127322.68452946952,4.0,CIPN_13_4,CIPN_13,neuro,gait_full,4.0,0.5
9.366548220576805,0.7498086363914903,9.396512042220653,1.5,2.782421615692177,44977.17155631013,-0.36327118382833967,0.7186691144203217,0.805264707423424,2.25,1.6689501242301266,41318.83051935971,2.695618933412263,0.6308373972911925,2.768450334752602,1.5,1.7493769993885313,31836.776301815637,-0.018197010576859664,0.7498086363914859,0.7500294143573263,1.5,2.7824216156922623,44977.17155630961,-0.7708874411716531,0.7186691144203217,1.0539225507492798,2.25,1.6689501242301252,41318.83051935972,0.1402218434122796,0.6308373972911895,0.646233693945975,1.5,1.7493769993885284,31836.776301815342,0.059877102257522505,0.18452914434586123,0.19400070228680488,2.25,2.201640233264928,2724.082773008548,-0.007766681682127228,0.2330057826118834,0.2331351884099176,1.5,2.683740468592078,4343.336339787511,-0.017733693981935764,0.12671851777391918,0.12795337685682237,2.25,2.448034374696458,1284.6066601968223,9.502462072808418,0.5858378882883486,9.520503740691279,1.5,2.717387792020493,27456.59085407488,-0.32307877026002496,0.7033755306064046,0.7740265039703558,2.25,3.430722782265421,39578.9710566467,2.2947875464990433,0.931638766752726,2.4766914776135605,1.5,1.8931622963325312,69436.13907517001,-0.07282029780846827,0.5858378882883517,0.5903463620003677,1.5,2.717387792020436,27456.59085407517,0.11788790526002636,0.703375530606404,0.7131862977248211,2.25,3.430722782265419,39578.97105664664,-0.125864288500943,0.9316387667527246,0.9401024469898938,1.5,1.893162296332519,69436.13907516975,0.034560518876157305,0.24749081289215674,0.24989224063785928,0.75,3.325704150737803,4900.145808627852,0.002016400345804559,0.28430576155427156,0.28431291198837394,1.5,2.92062208321561,6466.396285679833,0.018506366866124044,0.3784496471876171,0.3789018620579944,0.75,2.546435559574448,11458.021609689407,6.685776808863912,4.251285844155793,7.922944078223823,1.5,1.8061752674882992,1445874.5066162667,-3.2784840973963933,1.6328740444930447,3.662613223104525,0.75,2.019536320400344,213302.21775214712,8.215118698268485,2.2576687463443075,8.519697376953031,3.0,3.10360937619681,407765.547862488,1.9194853038639514,4.251285844155806,4.6645316121202605,1.5,1.8061752674883005,1445874.506616276,-0.7013921923964087,1.6328740444930447,1.7771405832780125,0.75,2.019536320400348,213302.21775214706,0.0770468082685293,2.2576687463443035,2.258983040858038,3.0,3.1036093761968035,407765.54786248656,-0.11346659075333669,0.6300606756227773,0.6401961591445359,0.75,3.2626628212722038,31758.11664980187,-0.04750568049997076,2.2733751602822365,2.273871458343248,1.5,1.711330520063555,413459.24723584886,0.04486326621634425,1.0993861885592757,1.1003011879710438,1.5,2.1020071046913746,96692.09358655021,6.810417247967464,4.991576073634666,8.443791493771906,0.75,1.6522736196391299,1993267.0944700728,3.6534265461539563,2.4860842348865932,4.419065551798715,0.75,1.9561513841974405,494449.3026311474,8.17578401536009,2.6422339860827146,8.59213854072594,3.0,2.76362411977338,558515.5870935281,2.466308902967486,4.99157607363468,5.5676306723541655,0.75,1.6522736196391337,1993267.094470084,0.4011270561539758,2.486084234886598,2.518237029775084,0.75,1.9561513841974365,494449.3026311493,-0.13220197963986408,2.6422339860827093,2.6455392268177054,3.0,2.763624119773388,558515.5870935256,0.012413629152998906,0.6855672601058557,0.6856796382552118,2.25,2.6119614767808534,37600.19918398981,0.09791329935995828,2.106685345357203,2.108959496655721,1.5,1.929474854781861,355049.85156734183,0.03622260260934972,1.2844773502857563,1.28498799229289,1.5,1.8757405716802156,131990.65064761433,4.0,CIPN_13_4,CIPN_13,neuro,gait_full,4.0,0.5
9.498579981811616,0.6941853286036075,9.52391279576419,3.0,2.7151882357112997,38551.464643403204,-0.26921059524502355,0.6698083719136865,0.7218847551222032,2.25,1.6866510815485976,35891.48270754046,2.255964014664718,0.5953917775874706,2.3332091642801593,1.5,1.8121186311087958,28359.395327288665,-0.1502287718116688,0.6941853286036174,0.7102548516754775,3.0,2.7151882357113535,38551.4646434043,-0.8649480297549695,0.6698083719136841,1.0939736510824491,2.25,1.686651081548597,35891.482707540206,-0.2994330753352669,0.5953917775874694,0.6664469486939695,1.5,1.812118631108805,28359.395327288563,0.0587243697949311,0.17474897621797733,0.18435226143729025,2.25,2.1750043167864557,2442.97653581312,-0.05864274847626777,0.20916602431601036,0.21723120788002961,1.5,2.954363496796296,3500.034121976845,-0.0030374135793019997,0.10889744454404907,0.10893979672037199,2.25,2.6924508176797453,948.6946282992542,9.517879338129278,0.6220332342916665,9.538183917274377,1.5,2.599387260236743,30954.02757402227,-0.3770351217614942,0.6784798796872714,0.776202570326947,2.25,3.5494527324516274,36826.80839690625,2.28555683976488,0.9440611576378133,2.472856958490821,1.5,1.8609381994843484,71300.11795108258,-0.08823756312933201,0.6220332342916755,0.6282604651817312,1.5,2.5993872602367785,30954.02757402316,0.17184425676149534,0.678479879687273,0.6999038474836148,2.25,3.5494527324516323,36826.80839690642,-0.1350949952351061,0.944061157637812,0.9536782094071453,1.5,1.8609381994843492,71300.11795108237,0.06058528702156701,0.2642330319644968,0.2710897862049333,0.75,3.22888828463854,5585.532896709896,-0.0077159916392874365,0.2891862659036499,0.2892891856158368,1.5,2.9412010352082913,6690.300132458352,0.024947719277682676,0.3802690402940237,0.3810865147224392,0.75,2.2810689302410116,11568.365411654142,6.549328882476957,4.0140852024227165,7.681574631750698,1.5,1.8555881407072425,1289030.563702702,-3.2364354413020577,1.6183271311933976,3.61849375697578,0.75,1.913111286725979,209518.6173433139,8.281641994650728,2.1690858350226008,8.560988697998509,3.0,3.001611697301559,376394.6814144374,1.7830373774769868,4.014085202422712,4.392277575676314,1.5,1.8555881407072299,1289030.563702699,-0.659343536302073,1.6183271311933944,1.7474886558773324,0.75,1.913111286725976,209518.61734331312,0.14357010465076261,2.1690858350225897,2.173832039198308,3.0,3.0016116973015663,376394.6814144333,-0.08914262653927782,0.6312698693571476,0.6375327880387889,0.75,3.5280155379038853,31880.15556924514,-0.019992644452180065,2.2591662323570705,2.2592546937551403,1.5,1.6893426123394304,408306.5984400022,0.06172866298113486,1.0885014853460233,1.090250389329872,1.5,1.9052020098528524,94786.85874134689,6.6264543011955395,4.75629708591783,8.156730875500509,1.5,1.7632444544944867,1809788.9817700782,3.7993171484228863,2.4613545499576137,4.526927988702412,0.75,1.9359755692506708,484661.29809466575,8.369897140814281,2.4112787796755595,8.710306739783894,3.0,2.9254428426736294,465141.22827524145,2.2823459561955635,4.7562970859178435,5.275553528614112,1.5,1.7632444544944914,1809788.981770089,0.5470176584229012,2.4613545499576124,2.521407253742147,0.75,1.9359755692506666,484661.2980946654,0.06191114581432546,2.4112787796755613,2.41207345312901,3.0,2.9254428426736383,465141.22827524215,0.05907073900520261,0.5400042551931749,0.5432255036661628,2.25,2.8146686053103185,23328.371578792747,0.11540918774600874,2.150008155891383,2.153103423204668,1.5,1.903628922568572,369802.9536723021,0.01971482871980566,1.2474612733737036,1.2476170498348416,1.5,1.8593520350009347,124492.78256554248,4.0,CIPN_13_4,CIPN_13,neuro,gait_full,4.0,0.5
9.685948659210293,0.6365853962965494,9.706845130918476,1.5,2.773845663940214,32419.46296457109,-0.2712902342243353,0.626102785819529,0.682351148307431,0.75,1.5861270726280716,31360.424324884232,1.441321957047599,0.83013512785826,1.663289906892894,0.25,1.252070238222784,55130.17602186586,-0.33759744921035206,0.636585396296558,0.7205643652661308,1.5,2.7738456639402815,32419.462964571958,-0.8628683907756582,0.6261027858195269,1.06608937627703,0.75,1.5861270726280727,31360.42432488402,-1.114075132952389,0.8301351278582594,1.3893479522305174,0.25,1.2520702382227769,55130.176021865766,0.0481465276533286,0.1826876502942131,0.18892555596078955,0.75,1.6693339897597606,2669.9887008179558,-0.05170282539755726,0.24090151957726152,0.24638734604018123,1.5,2.3068555734753144,4642.6886120496965,-0.004399319199439611,0.10235035358898374,0.1024448577977858,2.25,2.469802535882664,838.0482699518407,9.500333358888435,0.6015803814621227,9.51936094942137,1.5,3.015587780666381,28952.04580786732,-0.3765244684375731,0.6377808939144797,0.7406315845105106,0.75,3.5345613436173213,32541.15815418287,2.3291024555914714,0.8737406623596952,2.4875974340119784,1.5,1.8553914642463425,61073.858774162305,-0.0706915838885032,0.6015803814621379,0.6057196178041426,1.5,3.0155877806664995,28952.04580786878,0.17133360343757423,0.6377808939144801,0.6603935737946405,0.75,3.534561343617325,32541.15815418292,-0.09154937940851149,0.8737406623596966,0.8785237810844081,1.5,1.8553914642463485,61073.858774162516,0.07918523569162744,0.2567756475746439,0.2687080846177061,0.75,3.362888750126762,5274.729266844493,-0.02624249405822465,0.25865900412376674,0.25998682449057825,1.5,3.411189096620497,5352.396436180366,0.033847358417290516,0.3620057139335458,0.36358462645217104,0.75,2.5969914684105837,10483.947316448568,6.385261719985071,3.818149196903525,7.439746670587766,0.75,1.9334227526391201,1166261.0987993458,-3.215867043451849,1.5730394158178527,3.579979587215032,0.75,1.8128285898312597,197956.34594552135,8.270355835592916,2.05862836752838,8.522718838664007,3.5,2.9611901244300003,339036.1225263355,1.6189702149851,3.8181491969035286,4.147207234612705,0.75,1.933422752639116,1166261.0987993476,-0.6387751384518623,1.5730394158178542,1.6977887622495242,0.75,1.8128285898312535,197956.3459455218,0.132283945592956,2.058628367528369,2.062874159480931,3.5,2.9611901244299985,339036.122526332,-0.05914410176186441,0.7000741479435362,0.702568030436972,2.25,3.346031416602057,39208.34051961662,0.024225773304187008,2.2047048490301475,2.2048379440288195,1.5,1.7805196191132284,388859.30371917563,0.06460052958989951,1.0377206889192345,1.039729511283731,1.5,1.949608216686737,86149.31169653618,5.87480911412255,3.812953086327676,7.00371282720195,0.75,2.001695087268401,1163092.0834884772,3.9679266866584224,1.8112298957210031,4.361765230482907,0.75,2.2710253381819907,262446.53783352155,8.433397364784103,1.8054984581907727,8.624500901204469,3.0,3.2567694256120068,260787.96609041674,1.5307007691225758,3.812953086327672,4.108729254055098,0.75,2.001695087268408,1163092.0834884748,0.7156271966584388,1.8112298957209945,1.9474794016242383,0.75,2.271025338181979,262446.53783351905,0.12541136978413855,1.8054984581907747,1.809848804237635,3.0,3.2567694256120245,260787.96609041726,0.08648835551791927,0.47833101869893974,0.4860872340329043,0.75,3.1246216345154827,18304.306074468317,-0.006436636981510033,2.0253490845947977,2.025359312508429,1.5,1.7718369317885319,328164.49952170387,0.05977620866590171,1.1557638139444542,1.1573085970241042,1.5,1.9740974298556762,106864.1038441427,4.0,CIPN_13_4,CIPN_13,neuro,gait_full,4.0,0.5
9.647949245410587,1.072905776153234,9.707422492429268,1.5,1.9027444365668504,92090.15985240968,-0.3070315600016906,1.4689973032857357,1.500740302616624,0.75,1.5611677919171079,172636.41628597802,0.7896302531747446,1.6216429212176084,1.8036744996434335,0.25,0.9085016603010538,210378.07496328946,-0.1049725404106301,1.0729057761532301,1.0780287745432524,1.5,1.9027444365668298,92090.15985240904,-0.07180120999830782,1.4689973032857366,1.4707509955182718,0.75,1.5611677919171083,172636.4162859782,-0.9683266518252442,1.6216429212176084,1.88875151054083,0.25,0.908501660301057,210378.07496328952,-0.11809389837869676,0.35135670334890534,0.37067195985465184,0.75,1.6674206010963615,9876.190701907553,0.07263939571875837,0.39081734916435945,0.3975106064223233,0.25,1.7216554480508552,12219.074203486867,-0.004043235461468844,0.2798567996595854,0.27988600548920306,0.75,1.9949595054243252,6265.621766552828,9.892888587907926,1.3655728677481804,9.986692839468372,1.5,2.3075937388858194,149183.15019651296,-0.02991677155109972,0.6600695574953479,0.6607471785427048,5.75,4.278714506734399,34855.49091395442,-0.2098321573463671,1.266277916651548,1.28354559578381,1.75,2.474256886296026,128276.8603834336,-0.12361480290798674,1.3655728677481893,1.3711564012278081,1.5,2.3075937388858256,149183.15019651485,0.16903238155109895,0.660069557495346,0.6813690385869747,5.75,4.278714506734399,34855.49091395422,0.28899653265363107,1.2662779166515499,1.298837464075167,1.75,2.474256886296031,128276.86038343394,0.009533937517973677,0.31213758672717606,0.3122831551852613,0.75,2.4188331302113433,7794.470741941289,-0.003019104158318066,0.2571557583479101,0.25717348043958094,1.75,2.3191702852617175,5290.328192513723,-0.009268511985074876,0.4223219648904967,0.42242365859808023,2.5,2.606341476431113,14268.517408276763,9.499030555963001,4.5973097057228465,10.553048755381178,2.5,2.175738121389855,1690820.8882700598,-0.38895261670098646,2.872554225487876,2.898767309807187,0.75,1.4623422586159414,660126.4372110382,7.06953769492066,3.9073864872774524,8.077501617509126,1.5,2.7210917806062183,1221415.1859237866,2.616368890963043,4.597309705722844,5.28967321334056,2.5,2.1757381213898515,1690820.888270058,-0.2580970267009851,2.872554225487875,2.8841258387178836,0.75,1.4623422586159405,660126.4372110376,0.07205488492070045,3.907386487277459,3.9080508015376947,1.5,2.7210917806062227,1221415.1859237908,-0.059832013706469706,1.0289641259149318,1.0307022083434434,1.5,2.7676666502788287,84701.54774509823,-0.27371702377695656,3.0230885393973748,3.0354547148888695,1.5,2.1918744817758764,731129.9565217763,0.046310267288946126,1.1150493228552405,1.1160105883262508,1.5,2.2911348297413654,99467.15256768017,10.230223284327977,4.77133119457011,11.288182750801129,0.75,2.0746368883623094,1821248.125406689,1.649449562140709,2.1541084561155257,2.7130917969642296,0.75,1.612594719294217,371214.6655941172,6.317494705677507,3.7061281213160275,7.32435150766761,0.75,2.796468194002693,1098830.858298679,3.228066009328021,4.771331194570099,5.760730121161437,0.75,2.074636888362311,1821248.1254066802,0.335934707140717,2.1541084561155195,2.180145721774145,0.75,1.6125947192942058,371214.665594115,-0.6457561093224594,3.706128121316036,3.7619657898945347,0.75,2.7964681940027,1098830.8582986845,0.09528222033042709,0.6891641515975512,0.6957197204034601,2.5,3.781722894857777,37995.78022425246,-0.051895376045048104,3.514157268088373,3.5145404301150376,1.5,1.8637489111996426,987944.1059382922,-0.06770824553178183,1.0441504428461679,1.0463434205884992,1.5,1.9923456515317322,87220.01257112935,4.0,CIPN_14_1,CIPN_14,neuro,gait_full,4.0,0.5
9.439398783679854,1.3897498652917892,9.541155804482768,1.75,1.989423727520533,154512.90344017994,-0.49782897266252973,1.5258956946708404,1.6050518237855238,2.5,1.7925669668242026,186268.6143517361,1.7122155601013695,1.0475836304341892,2.0072652009654637,1.75,1.7027597480379428,87794.54677342704,0.10357792132010048,1.3897498652917777,1.3936043462416108,1.75,1.989423727520525,154512.90344017735,0.11899620266253126,1.5258956946708415,1.530528590802247,2.5,1.7925669668242064,186268.61435173638,-0.045741344898616275,1.0475836304341937,1.048581772389173,1.75,1.7027597480379473,87794.54677342778,-0.09653303510992056,0.35363572270439403,0.36657448252734703,0.75,1.5382125134384097,10004.664844587407,0.05082647928194998,0.2840112256558594,0.28852332192518165,1.75,2.4927360772664358,6452.9999306741865,-0.013444241734822237,0.2837054649430717,0.28402383434210027,2.5,2.2959360214265208,6439.117924415382,9.804067488904368,1.6861759058581531,9.948011284296383,1.75,2.3001534438038873,227456.17361578328,0.07995860843119525,0.6579944177059599,0.6628348457907584,6.0,5.220124525572013,34636.834256004455,-0.06392630782049244,1.357589377753463,1.359093628643956,1.75,2.6927298278985097,147443.91768519438,-0.03479370390442264,1.6861759058581665,1.6865348461647618,1.75,2.300153443803905,227456.17361578665,0.059157001568803304,0.6579944177059607,0.6606483213986226,6.0,5.220124525572028,34636.83425600455,0.4349023821795051,1.3575893777534624,1.4255486665191202,1.75,2.692729827898513,147443.9176851942,-0.004745788376463053,0.33714742465574904,0.33718082457239196,0.75,2.61106045555937,9093.478135136844,-0.003607160160396963,0.2921353630628962,0.2921576320350248,1.75,2.5781503126020295,6827.445956517373,0.017858893299890852,0.5060132980024801,0.5063283498138769,2.5,2.630901727278413,20484.025084485438,10.667083238464224,5.2632374547634235,11.89488685618947,0.75,2.3157399588023466,2216133.9354630103,0.19139789532163246,3.281214348553722,3.286791863731011,0.75,1.5802831819307763,861311.1282366932,6.620217802425686,4.716853596044654,8.128714018716206,1.75,2.9406284415716377,1779896.9622972468,3.7844215734642637,5.263237454763433,6.482554677820033,0.75,2.315739958802352,2216133.935463018,0.3222534853216314,3.2812143485537173,3.2970008962626527,0.75,1.5802831819307848,861311.1282366909,-0.37726500757427656,4.71685359604467,4.7319168137721475,1.75,2.9406284415716324,1779896.9622972584,-0.10718384104448905,1.2507517632556666,1.2553359506794226,1.75,3.081215892857421,125150.5564031931,-0.070498690869434,3.4414752674158606,3.4421972752370507,1.75,2.00779583721726,947500.2022690892,0.084653182552355,1.2070188901419217,1.2099837860383413,1.75,2.455474180073915,116551.78455557532,11.180919925444845,5.475647784946035,12.449726464625398,2.5,2.684687524750262,2398665.6396800783,2.003355042269313,2.535315354925782,3.231293142738418,0.75,1.6814894265739693,514227.79628826835,6.518809489791147,4.156376673464265,7.731128262802847,4.25,3.107126509260982,1382056.7580175519,4.178762650444888,5.475647784946037,6.888016837489411,2.5,2.6846875247502435,2398665.6396800806,0.6898401872693202,2.5353153549257796,2.62748994915189,0.75,1.6814894265739637,514227.7962882674,-0.4444413252088152,4.156376673464269,4.180071188780315,4.25,3.107126509260977,1382056.7580175546,0.24673509972407717,0.7859714334787776,0.8237895991577794,0.75,4.077393360437791,49420.09919508389,0.22538782414162029,4.202789542418673,4.208828769281907,1.75,2.2493720389617313,1413089.6804772245,-0.15680446602582884,1.1503342215383328,1.1609722054415634,1.75,2.6967390375958216,105863.570676635,4.0,CIPN_14_1,CIPN_14,neuro,gait_full,4.0,0.5
9.487847873662542,1.488598768713937,9.603915012534184,1.75,1.9711778304555367,177274.27791315623,-0.3623210785487852,1.4626572458994185,1.5068652172450019,2.5,2.198320558417002,171151.78327233627,1.9427740828391302,1.1109889669326076,2.2380052773837256,1.75,1.7830069287112889,98744.13459923072,0.05512883133740381,1.4885987687139295,1.4896192406991977,1.75,1.9711778304555465,177274.2779131544,-0.01651169145121367,1.462657245899417,1.4627504417830979,2.5,2.198320558416995,171151.78327233598,0.18481717783914614,1.1109889669326136,1.1262565755059648,1.75,1.783006928711286,98744.1345992318,-0.16551249899628448,0.32124021029264066,0.3613719137299619,0.75,1.9694010918336493,8255.727100451912,0.08178403175354623,0.256565544535562,0.26928517689002957,1.75,2.644050954878229,5266.091022138572,0.017089991806630653,0.25613729640747585,0.2567068024632029,2.5,2.240920593186291,5248.529074808241,9.834524591249592,1.7322507733095445,9.985918419330517,1.75,2.301571563790783,240056.52632948355,0.0017382938332633736,0.6682455387743061,0.6682477996650744,6.0,4.9659293399092554,35724.35980065435,-0.09828838441988313,1.357821429593295,1.361374173831225,1.75,2.697477065823806,147494.39962230448,-0.06525080624964982,1.7322507733095527,1.7334792786035178,1.75,2.3015715637908034,240056.5263294858,0.1373773161667351,0.668245538774307,0.6822203654897286,6.0,4.965929339909256,35724.35980065445,0.4005403055801122,1.357821429593293,1.4156664759246733,1.75,2.6974770658238048,147494.39962230407,0.045993927689236144,0.34008345334510437,0.3431795399254077,0.75,3.382970213287284,9252.657411198794,-0.009071273009718783,0.3199497376664514,0.3200783070232157,1.75,2.539890106531221,8189.426824638012,0.028053631982121983,0.5055205064008897,0.5062983198265627,2.5,2.657690693523639,20444.11810634705,11.24835634428382,5.584345612717381,12.55828158508424,2.5,2.398625043811188,2494794.2034974643,0.6387126128476807,3.7549110407590467,3.8088463772939045,1.75,1.6498462937544482,1127951.6041474633,6.251690859377323,5.361303474070213,8.235727869611726,1.75,3.0404855161863398,2299488.365656236,4.3656946792838545,5.5843456127173905,7.088314747173923,2.5,2.3986250438111885,2494794.203497473,0.7695682028476728,3.7549110407590356,3.832961275939049,1.75,1.6498462937544482,1127951.6041474568,-0.7457919506226339,5.361303474070218,5.412927172490953,1.75,3.0404855161863487,2299488.365656241,-0.13101153784496372,1.4380970169610237,1.4440523028064796,1.75,3.128740897199719,165450.0022719513,0.189565097793406,3.7336260129066012,3.7384352516198898,1.75,2.1306015196770103,1115201.090389943,0.1946086792550635,1.3330768823983687,1.347206930069154,1.75,2.5434122435341333,142167.59534206367,10.852738552416286,5.4873369721579985,12.161118416211348,2.5,2.286666610497573,2408871.5984843024,2.0796774493356516,2.7368116274667895,3.4373239849500163,1.75,1.9791485145978276,599213.8517916955,6.5630063480970104,4.313837011935308,7.853804306876038,4.25,2.9988933560314757,1488738.5543017094,3.850581277416331,5.4873369721580145,6.703569438739444,2.5,2.286666610497567,2408871.598484315,0.766162594335659,2.736811627466784,2.8420314926468593,1.75,1.9791485145978247,599213.8517916932,-0.40024446690294185,4.313837011935297,4.332364873695344,4.25,2.998893356031472,1488738.5543017015,0.21506317640686934,0.7606172097307575,0.7904370370781061,1.0,4.4575821755727665,46283.13663936515,-0.3324539709425117,4.02480735516293,4.038514564659767,1.75,2.0150008747634605,1295927.869683712,0.010187900129496618,1.129950895683773,1.1299968229891661,1.75,2.3607222479132393,102143.1410244417,4.0,CIPN_14_1,CIPN_14,neuro,gait_full,4.0,0.5
9.624464560480465,1.3969563404741074,9.725317737387053,1.75,2.0326049954813397,156118.99760068711,0.19952618619055124,1.7814673296907486,1.7926060765631786,2.5,1.6425176926578977,253891.06503771205,0.5583756897750063,2.3864762208542176,2.4509288369176168,0.25,1.2094713944385096,455627.32391272386,-0.08148785548051825,1.3969563404741052,1.3993310143713737,1.75,2.0326049954813477,156118.99760068662,-0.5783589561905481,1.781467329690743,1.8729989132301403,2.5,1.642517692657906,253891.0650377105,-1.1995812152249805,2.3864762208542225,2.6710042764142656,0.25,1.2094713944384976,455627.32391272584,-0.839052311594361,1.0409632201211647,1.3370165321479257,0.25,1.11983418451651,86689.09521320366,-0.050068996139819605,0.28759007242053614,0.29191600526401174,1.75,2.5410941999781835,6616.695758594811,0.03571375678739885,0.25174680509152053,0.2542674306663312,2.5,2.630241048892238,5070.217392832104,9.938853331027534,1.6219102122674014,10.070322649862534,1.75,2.241714018042353,210447.4214482577,-0.03999292778035718,0.8663762537264943,0.8672988223753102,1.0,4.4746267843160075,60049.092709679775,0.11658068562834241,1.3511135034002668,1.3561337527442185,1.75,2.6182308749657883,146040.76815531615,-0.16957954602759664,1.6219102122674105,1.6307513480258853,1.75,2.241714018042354,210447.42144826002,0.17910853778035687,0.8663762537264936,0.8846963780455819,1.0,4.474626784316003,60049.09270967967,0.615409375628339,1.351113503400267,1.4846671002894236,1.75,2.6182308749657857,146040.7681553162,-0.5706578698185011,0.8531491595148666,1.026408248586649,0.25,1.1349326559953954,58229.62464077856,-0.019416413410135603,0.3372208877309058,0.3377794017280117,1.75,2.5775786934768727,9097.509915104783,-0.030286451047493248,0.4787227753625588,0.4796798565375485,2.5,2.6373656104112477,18334.045445136726,10.147864318622963,4.954108849978332,11.292579188414608,2.5,2.4173371861117787,1963455.5599234547,0.6552112826083163,4.106494683379467,4.158437255686452,1.75,1.9282648089208514,1349072.1855249244,7.310593086886056,4.553869498263596,8.61292625588085,0.75,2.8823421758797463,1659021.2342482086,3.265202653622999,4.954108849978334,5.933358481219581,2.5,2.4173371861117765,1963455.559923456,0.7860668726083025,4.10649468337944,4.181052464731314,1.75,1.9282648089208445,1349072.1855249053,0.313110276886097,4.553869498263595,4.564621063429824,0.75,2.8823421758797716,1659021.2342482076,-0.7225324685639047,1.940957717879273,2.0710794361212135,1.75,2.043694213138061,301388.324415464,-0.07305571901864408,3.4693853714181797,3.4701544624831606,1.75,2.1643509650339454,962935.0179969602,-0.07951773217747334,1.3874334537184514,1.3897102785213034,1.75,2.8518796253664767,153997.72850676038,11.232600464130186,5.545633368019008,12.526985377147348,0.75,2.5010404965659516,2460372.981636334,2.641905455376238,3.7617202485308088,4.596760126801638,0.75,1.6524436973994203,1132044.443872516,5.828358279672347,4.7101796173518204,7.493700838967469,1.75,2.8655927912318115,1774877.3983901937,4.230443189130228,5.545633368019017,6.975005306732338,0.75,2.5010404965659347,2460372.9816363407,1.3283906003762436,3.7617202485307977,3.9893810065440687,0.75,1.6524436973994183,1132044.4438725095,-1.1348925353276036,4.710179617351812,4.8449740034863735,1.75,2.865592791231815,1774877.398390187,-0.20939101437417293,1.094762617541861,1.1146074581070018,0.25,2.916017833631638,95880.48764184726,-0.21163863741780098,3.7685787215870374,3.774516723190752,1.75,2.011714995828607,1136176.0921804768,-0.24487582545575368,1.7778181850990196,1.794603485219342,0.75,1.9893072585174363,252851.90436151295,4.0,CIPN_14_1,CIPN_14,neuro,gait_full,4.0,0.5
9.547629085554842,1.2409342000299963,9.62793533651618,1.5,2.2647310197294876,123194.42748492784,-0.0004651641179142274,1.7541719790867516,1.7541720407619055,0.75,1.4028550924558914,246170.35261079174,-0.041976529073797834,2.212106896392561,2.212505129951253,0.25,0.780520668051184,391473.3636056199,-0.004652380554888413,1.2409342000299957,1.2409429211083451,1.5,2.264731019729526,123194.42748492768,-0.37836760588208224,1.7541719790867496,1.79451424552553,0.75,1.4028550924558927,246170.35261079122,-1.799933434073787,2.212106896392562,2.85187259325591,0.25,0.78052066805119,391473.3636056202,-0.8976653694129791,1.0535662665443835,1.384126075703948,0.25,0.7756654079301453,88800.15025585386,0.07732678763059436,0.3818603081860385,0.38961099452300285,0.25,1.5899379982521047,11665.40818718161,0.05681323096674255,0.3067763781735273,0.3119927714197037,0.75,1.3146353488255362,7528.940533005827,9.816292293951538,1.5133967857137722,9.932268836036462,1.5,2.596877274744198,183232.23667027632,-0.18966179547450598,0.9868662970401858,1.0049262086822204,0.75,3.290462623414165,77912.42194738655,0.19483995886977673,1.2843766326190427,1.2990711851127357,1.5,2.4634286884129732,131970.45553333662,-0.04701850895159005,1.513396785713783,1.5141269996908586,1.5,2.596877274744228,183232.23667027894,0.3287774054745053,0.986866297040185,1.0401921315720255,0.75,3.290462623414164,77912.42194738642,0.6936686488697732,1.2843766326190398,1.4597258403010616,1.5,2.4634286884129755,131970.455533336,-0.7995741795690023,0.7687077783834572,1.1091575709432242,0.25,0.7683493270523526,47272.93587333906,-0.05203942190236923,0.3098347244646018,0.31417456599156546,1.5,2.1009724373008236,7679.809299837092,-0.03343660777454283,0.4086788462948793,0.41004439533833675,2.25,2.6525610160818665,13361.523244490436,9.605709966581253,4.261173107165772,10.508437572318313,0.75,2.2808045746564236,1452607.7155052752,0.74619019185545,3.899216793120326,3.969973728146426,0.75,1.7283506415315335,1216311.3976593171,7.317556791352612,3.9991746959082204,8.339066832869452,1.5,2.759373028805882,1279471.878592257,2.723048301581301,4.261173107165783,5.056934674481934,0.75,2.28080457465641,1452607.7155052833,0.8770457818554417,3.899216793120307,3.996636198507669,0.75,1.7283506415315208,1216311.3976593053,0.3200739813526519,3.9991746959082275,4.011962811633677,1.5,2.759373028805878,1279471.8785922616,-0.8124794975786526,1.8312294828726996,2.003378235113847,0.75,1.4600315754551922,268272.1146035981,-0.03859853432030189,2.9601767659085123,2.9604284035045088,1.5,1.9314711910617204,701011.7976428842,-0.17656598371375604,1.197648836414339,1.2105941855012465,2.25,3.147735943272228,114749.01883844196,10.545535282634004,5.147951603474681,11.734978487794352,0.75,1.9849590567043243,2120119.393821263,3.1587560303362765,3.716829662643303,4.8777620278454465,0.75,1.6639641671343885,1105187.123431281,6.252308293763447,3.9916599793396665,7.417864139422151,0.75,2.254947610809718,1274668.6911276923,3.543378007634048,5.147951603474701,6.249554657469793,0.75,1.9849590567043416,2120119.3938212804,1.845241175336281,3.7168296626432986,4.149667183794565,0.75,1.6639641671343877,1105187.1234312782,-0.7109425212365116,3.991659979339663,4.054477606198367,0.75,2.254947610809722,1274668.6911276905,-0.4092327135237639,1.3847814995608496,1.4439844927643852,2.25,2.8315097475993545,153409.8702812154,0.2540714984630282,3.6127351675480637,3.6216581447135208,1.5,1.7305207596519554,1044148.7191177305,-0.40928443178644763,1.860754713385231,1.9052353790248877,0.75,1.993872213278439,276992.7952250408,4.0,CIPN_14_1,CIPN_14,neuro,gait_full,4.0,0.5
9.342037775497426,1.250432252316449,9.425351485035138,1.75,2.072395168637362,125086.91557050908,-0.41939712711420973,1.4327307018591653,1.492853380034861,2.5,1.8131558228442823,164218.10772069357,1.9513840447853699,1.6387195494813613,2.5481957248404816,0.25,2.087276177608536,214838.73109266924,0.20093892950252423,1.2504322523164462,1.2664743467685404,1.75,2.0723951686373705,125086.91557050856,0.04056435711421136,1.4327307018591677,1.4333048284011163,2.5,1.8131558228442877,164218.10772069416,0.19342713978538079,1.6387195494813591,1.6500957003331482,0.25,2.0872761776085373,214838.73109266866,-0.24503195758076635,0.4538948471170324,0.5158111984779477,0.75,2.0156352696849233,16482.05116908065,0.18271486808036044,0.3095984723783378,0.35949400150297905,1.75,2.1734781244930237,7668.20331574714,0.035233449667064015,0.2966315985525347,0.2987167575401046,0.75,1.644051828849931,7039.232012973246,9.830629861018606,1.5610816135668124,9.953806270395615,1.75,2.3624325483746413,194958.99129235497,-0.20674728856313962,0.8077981467194474,0.8338358874332431,0.75,3.1132927350175237,52203.11981773917,0.010470462033077839,1.3523649279000758,1.352405460203915,1.75,2.47504385129916,146311.57993288012,-0.06135607601866153,1.5610816135668142,1.5622869045987602,1.75,2.3624325483746706,194958.9912923554,0.3458628985631387,0.8077981467194476,0.8787257765912355,0.75,3.1132927350175232,52203.119817739185,0.5092991520330734,1.352364927900072,1.4450870300697376,1.75,2.4750438512991693,146311.57993287934,-0.1739696669094474,0.4989497241182667,0.5284091901190578,0.25,2.0747916211908835,19916.61370113873,-0.05529749939347722,0.28220514150073095,0.2875718263818957,1.5,2.7665609136905034,6371.266698500735,0.0008220458733462821,0.44946514257390197,0.4494658943105649,2.5,2.774676925226101,16161.67368253263,11.104694931066549,5.193762545890705,12.259258496954542,0.75,2.341273727864458,2158022.2270147023,0.5885136846029271,3.49256050193849,3.541797173281631,0.75,1.3822875572526312,975840.0745526892,6.4235046626488845,5.009417505021563,8.145899329766385,1.75,3.0602159765728008,2007542.5450552814,4.22203326606658,5.193762545890674,6.6933350642911655,0.75,2.3412737278644578,2158022.227014678,0.7193692746029301,3.4925605019384927,3.565875911041157,0.75,1.3822875572526299,975840.0745526903,-0.5739781473510672,5.009417505021548,5.042193436715104,1.75,3.0602159765728003,2007542.54505527,-0.252374391878107,1.3190711291580486,1.3429971993470924,0.75,3.5040881936424317,139199.52429337834,0.01788602940549984,3.507388898453673,3.507434503314918,1.75,2.0770906335295964,984144.6270687642,0.07334745327982868,1.2824991889523851,1.284594884999221,1.75,2.691332114409729,131584.3901160868,10.260402391797275,5.050135768248178,11.435896489534125,0.75,2.0625032148508895,2040312.0539398848,2.2881481110446953,2.7297513869203884,3.5619046046281464,0.75,1.8163470037687413,596124.0977051049,6.513032836808232,3.9674392488729318,7.626281592417087,0.75,2.8230882475793107,1259246.0835643678,3.258245116797324,5.050135768248218,6.009994385926964,0.75,2.062503214850894,2040312.0539399167,0.9746332560447034,2.729751386920389,2.8985259388492777,0.75,1.8163470037687406,596124.097705105,-0.4502179781917306,3.967439248872921,3.992902505870182,0.75,2.8230882475792995,1259246.0835643616,-0.08409998066721083,1.1695355000069068,1.1725553686392085,1.0,3.0503048010436387,109425.10310571973,-0.25559700931617185,3.575087132097149,3.584212303039259,1.75,2.0848531756714883,1022507.0056389536,-0.06398325921449698,1.2666608521972187,1.2682758264465557,1.75,2.5226434283965267,128354.99315185625,4.0,CIPN_14_1,CIPN_14,neuro,gait_full,4.0,0.5
9.342983363013232,1.2945385870307946,9.43224089359754,1.75,1.9456337459343649,134066.7033933845,-0.46752329410091353,1.6314010709965783,1.697070265185196,2.5,1.8031366607669852,212917.6595591571,2.503996081691179,1.0371278848110317,2.71028238871476,1.75,1.8458519365906312,86050.89177909544,0.1999933419867047,1.294538587030788,1.309895984477653,1.75,1.945633745934378,134066.7033933832,0.08869052410091426,1.6314010709965772,1.6338101063202155,2.5,1.8031366607669874,212917.65955915686,0.7460391766911895,1.037127884811029,1.2775792353551567,1.75,1.845851936590624,86050.89177909498,-0.1277408027120196,0.3675736290341185,0.38913761760953264,0.75,2.132498946563567,10808.943538457104,0.04416079132049085,0.25671139217374533,0.26048208069238543,1.75,2.339271598784164,5272.065512606843,-0.007537487328066368,0.2605859398669793,0.2606949285497854,2.5,2.465915631231461,5432.454937046149,9.903215599503653,1.6017704675600961,10.031916459032152,1.75,2.1454264776109864,205253.55962419548,-0.021763020680276943,0.626303297753883,0.6266812984655911,7.5,5.0274737351877015,31380.714878019568,0.044061898577740954,1.395201205111111,1.3958967919046779,1.75,2.6650770629219553,155727.1579385415,-0.13394181450370435,1.6017704675600917,1.607360893023163,1.75,2.1454264776109926,205253.55962419443,0.16087863068027652,0.6263032977538839,0.6466357201600844,7.5,5.0274737351876935,31380.71487801966,0.5428905885777384,1.395201205111111,1.4971027332517228,1.75,2.6650770629219602,155727.15793854147,0.015009003314918445,0.30256024745843135,0.3029322919772906,0.75,3.2458206247013988,7323.475562013506,-0.009508250547995421,0.2787085111932417,0.27887065288415847,1.75,2.7467433825702994,6214.284114527519,-0.015348833360971446,0.4844274246220401,0.4846705235636733,2.5,2.5167958400702326,18773.59510975399,11.108619472199871,5.415134376692834,12.358199986073158,2.5,2.402043765211306,2345895.1035349932,0.027710704447543824,3.14186358488399,3.1419857843664816,0.75,1.5486917365608508,789705.6124551565,6.61449235314888,4.758856288503063,8.148510432250188,1.75,3.035281991318992,1811737.184510252,4.225957807199894,5.415134376692808,6.868944584568574,2.5,2.4020437652113036,2345895.1035349704,0.15856629444754677,3.141863584883992,3.1458623707585995,0.75,1.548691736560851,789705.6124551577,-0.3829904568510778,4.758856288503051,4.774242857738181,1.75,3.0352819913189952,1811737.1845102431,-0.1659290914192566,1.2837741322327803,1.2944529678475183,1.75,3.0832352608585594,131846.13935235573,-0.2536497615307114,3.6630509460528793,3.671822495015722,1.75,2.139546798966225,1073441.432427973,0.07606212471562189,1.3541527541352463,1.3562872587871373,1.75,2.548933545325719,146698.60692270545,11.272630224443642,5.601855149545146,12.587810504354037,0.75,2.310103823773048,2510480.464722194,1.9376634168754225,2.307190334460259,3.012916652767577,0.75,1.8734412212087013,425850.29148234654,6.068108501482013,4.620092095926671,7.626741883701216,4.25,3.0937653768797255,1707621.0180702815,4.270472949443693,5.601855149545168,7.043984691097506,0.75,2.310103823773063,2510480.464722214,0.6241485618754358,2.3071903344602585,2.3901231488603294,0.75,1.8734412212086955,425850.29148234654,-0.8951423135179541,4.6200920959266485,4.706010065468854,4.25,3.0937653768797246,1707621.0180702652,0.1314686480613504,0.7085326312869529,0.7206264601175094,0.75,4.3717767889301395,40161.59006422637,-0.08162196016237921,3.831307296157781,3.832176632407828,1.75,2.1296323768264642,1174317.0051573466,-0.079979083783775,1.1392861068927236,1.1420899645832068,1.75,2.5910603713149345,103838.1295942899,4.0,CIPN_14_1,CIPN_14,neuro,gait_full,4.0,0.5
9.375611043154745,1.1769753397943448,9.449198557708966,1.75,2.1404222527837,110822.35457645815,-0.9117909737774414,1.5522439427716894,1.8002288848180985,0.75,1.686486651839081,192756.91059465348,1.9159371331766608,1.3268681030769924,2.330535144821536,1.75,1.621621110077498,140848.5874368978,0.1673656618452054,1.1769753397943352,1.1888154672819808,1.75,2.140422252783699,110822.35457645632,0.5329582037774404,1.5522439427716852,1.6411903316937564,0.75,1.686486651839078,192756.91059465247,0.1579802281766695,1.326868103076992,1.3362397672041826,1.75,1.6216211100775093,140848.5874368977,-0.1066172606408702,0.384673017566725,0.39917486232283367,0.75,1.8518104106977762,11837.967695198759,-0.047420166226795936,0.33259843918809,0.3359618935464713,1.5,1.9327912390439772,8849.751395014946,-0.00637669908454666,0.28944395971333453,0.2895141932716759,2.5,2.4024910663687953,6702.300396006217,9.837320149583594,1.4716600372227873,9.94679098958865,1.75,2.2767263036856678,173263.972032342,0.03268838946386963,0.6004668965148409,0.6013559882597881,5.75,4.765386134811513,28844.84054409004,0.11470390063365037,1.3204262207523874,1.325398954757022,1.75,2.5806906719005305,139482.459690356,-0.06804636458363594,1.471660037222784,1.473232355364087,1.75,2.276726303685681,173263.97203234112,0.1064272205361291,0.6004668965148418,0.6098255874274312,5.75,4.765386134811511,28844.84054409012,0.6135325906336468,1.3204262207523862,1.4560039986964541,1.75,2.5806906719005247,139482.45969035587,0.025681501443225417,0.3059234264196385,0.3069994826521868,0.75,2.634163837977297,7487.133981119713,-0.003364671473679557,0.2425902876350553,0.24261362012258228,1.75,2.946742012200589,4708.060350724376,-0.003067764760841323,0.43932748961406537,0.4393382003778235,2.5,2.789483161868964,15440.860709168668,10.699496661270045,5.082014876658216,11.845087758691543,0.75,2.3923895634328542,2066158.619762831,0.06257497361770994,2.8233745738281515,2.8240679190597655,0.75,1.6413490816462746,637717.9822627538,6.483337108471879,4.309675675540608,7.78504749442384,1.75,3.067263656355788,1485864.9586660063,3.816834996270089,5.0820148766582145,6.355714326126332,0.75,2.3923895634328485,2066158.619762829,0.19343056361770417,2.8233745738281453,2.8299928210298915,0.75,1.6413490816462717,637717.9822627509,-0.5141457015280873,4.309675675540619,4.340236195271671,1.75,3.0672636563557805,1485864.9586660145,-0.12785099465195182,1.3084740511018302,1.3147053735496514,3.25,3.1967142278939042,136968.36658635928,-0.06020795436925372,3.3795027875336516,3.380039066152498,1.75,1.8870179868983825,913683.1609878571,0.11062780164847467,1.2743369088922198,1.2791298088398033,1.75,2.523033543905932,129914.79447508788,10.60178862025691,5.2464031540900775,11.828891241526199,0.75,2.1597820555571365,2201979.7209039954,2.3063137101209956,2.1445852738054927,3.149337855187254,0.75,1.7978848450548008,367939.9871540574,6.388494579205917,4.020260018707063,7.5482020115096224,0.75,3.051042268371747,1292999.3082542096,3.5996313452569506,5.246403154090081,6.362553880086416,0.75,2.159782055557146,2201979.720903999,0.9927988551210067,2.1445852738054962,2.363238363634311,0.75,1.7978848450547984,367939.98715405853,-0.5747562357940463,4.020260018707037,4.061137198938058,0.75,3.051042268371755,1292999.3082541926,0.1947422375660959,0.7066202906857225,0.732964374510129,0.75,3.9962703495570606,39944.97930037112,0.15614130076174987,3.827545251899565,3.830728750661221,1.75,2.34951527800059,1172027.892450722,-0.08672142082903564,1.0799507563711794,1.0834270815413878,0.75,2.7051743850825942,93305.29579939607,4.0,CIPN_14_1,CIPN_14,neuro,gait_full,4.0,0.5
9.581062874454439,1.1343071215274323,9.647974836731128,1.5,2.086036209734997,102932.31012477272,-0.41151732782362627,1.3598857590494193,1.4207870314598572,0.75,1.502484441426266,147943.43710523527,1.5132872555909558,1.3292272154866287,2.014170625424853,1.5,1.4579476784282501,141348.24483564947,-0.47284084445450136,1.1343071215274303,1.2289146065257304,1.5,2.0860362097349987,102932.31012477237,0.1344584028236296,1.3598857590494196,1.3665168640581418,0.75,1.5024844414262652,147943.43710523532,-1.7039512944090263,1.3292272154866276,2.161086533230108,1.5,1.457947678428252,141348.2448356492,0.05463346087514962,0.29270606360122864,0.29776106984648454,0.75,1.8581724911528983,6854.178029776959,0.10106637789740759,0.38979685766518357,0.4026859855854844,0.5,1.8640810307772826,12155.379871729905,0.009335401231088976,0.2392271419985559,0.23940922117776217,0.75,2.102266093329286,4578.403805382927,9.841015487320036,1.2726554791444422,9.922965171271597,1.5,2.3162854629237124,129572.20968517412,0.5225670220183729,0.6110872566024376,0.8040546795355674,7.25,4.458513383541635,29874.464033073247,0.2940605084022405,1.2284125488154942,1.2631187484512938,1.5,2.280656753480556,120719.87360969707,-0.061563827320088756,1.2726554791444442,1.2741436627910814,1.5,2.3162854629237173,129572.20968517456,-0.04389297701837572,0.6110872566024389,0.6126615938782441,7.25,4.45851338354164,29874.464033073367,0.37041173840223934,1.2284125488154933,1.2830441325354112,1.5,2.2806567534805504,120719.87360969692,0.007600692641256401,0.30729933543487625,0.3073933182216937,0.75,2.721425789279401,7554.72106740907,-0.010118666718016993,0.2522663243875742,0.2524691779924177,1.5,2.2984200769481777,5091.0649228668835,-0.009544904072896739,0.41005647069169116,0.41016754424245533,2.5,2.6156465977273466,13451.77369866723,9.605444952322117,4.5535256908273745,10.630106723317283,2.5,2.181212962886895,1658768.0320712163,-0.4308162845321702,2.8695673934167627,2.9017270196175895,0.75,1.4573688438489167,658754.8299447056,6.990758542958954,3.471203531281138,7.805123891491552,1.5,2.8088625228918653,963940.8455610045,2.7437276373221344,4.55352569082733,5.316261615536787,2.5,2.181212962886901,1658768.0320711841,-0.15557220953217143,2.8695673934167685,2.8737814352764253,0.75,1.4573688438489065,658754.8299447082,-0.03369195704100531,3.471203531281126,3.4713670367087097,1.5,2.8088625228918644,963940.8455609974,-0.08600821919189308,1.1100921409618565,1.1134190474362466,1.5,2.6997951388545456,98584.49356236772,-0.2939987975433388,2.9721139187971533,2.9866195672138596,1.5,2.172347494894319,706682.7835345746,0.08494702942410984,1.2688429652397335,1.2716833207392242,1.5,2.4123495136124897,128798.71695550533,10.077834336705697,4.818894150649395,11.170697639505212,0.75,2.041866666302369,1857739.283701367,2.543524787153784,1.932596813514633,3.1944402931456732,0.75,1.8396414597826385,298794.43550124945,6.438109786030153,3.6432543592778472,7.3974698338941725,4.0,2.82208699309269,1061864.1872171585,3.1679499217057185,4.8188941506493626,5.766944385166023,0.75,2.0418666663023797,1857739.283701342,0.4763959221537955,1.9325968135146316,1.9904480697198994,0.75,1.8396414597826287,298794.43550124904,-0.42333284896981327,3.643254359277853,3.6677667629518074,4.0,2.822086993092686,1061864.187217162,0.15233031954761966,0.5958623395614888,0.6150255717945157,0.75,3.4662813560995858,28404.154720988387,-0.037036050240354224,3.495293932012072,3.4954901430525904,1.5,1.8683735035804252,977366.3750691016,-0.07487835603809802,0.9918587666290702,0.9946811454641676,1.5,2.0504964916684485,78702.70503608012,4.0,CIPN_14_2,CIPN_14,neuro,gait_full,4.0,0.5
9.352255118569996,1.341508125419429,9.447979670457862,1.75,2.273027398573929,143972.7831445155,-0.6257573723327455,1.4541931689760033,1.5831140393936418,2.5,1.7553836506893852,169174.22220245202,2.026005078001861,1.093884405233206,2.302450796021868,1.75,1.622958805960123,95727.02098368344,-0.24403308857005057,1.3415081254194228,1.363523450067278,1.75,2.273027398573897,143972.78314451428,0.34869844733274746,1.4541931689760048,1.4954157882905827,2.5,1.7553836506893825,169174.22220245242,-1.1912334719981212,1.0938844052332024,1.6172879387484147,1.75,1.6229588059601245,95727.0209836828,0.08437674292081448,0.3409268482936636,0.35121297047998656,0.75,1.7467452677366906,9298.490574106054,0.01454204495636517,0.32308490907886084,0.3234120120620271,1.75,2.2858599962667716,8350.711285449363,0.00387053042186277,0.262939350663658,0.26296783668953255,2.5,2.4610699829163094,5531.018605871646,9.757758754370451,1.5543282717185243,9.880778931074042,1.75,2.561688534416552,193277.09087170794,0.5441450748128234,0.6457176044084357,0.8444199708000886,7.5,4.735804749087444,33356.09896972385,0.3910996243955313,1.321776414051753,1.3784236667098533,1.75,2.6601226851605766,139768.12403103875,0.021692905629492013,1.5543282717185258,1.554479642329918,1.75,2.56168853441656,193277.09087170838,-0.06547102981282586,0.6457176044084372,0.6490282585432802,7.5,4.735804749087448,33356.09896972399,0.46745085439553113,1.3217764140517538,1.401999711133574,1.75,2.660122685160578,139768.1240310389,-0.004488012309820122,0.343467499651103,0.3434968203216349,0.75,2.646331795527325,9437.61489596362,-0.0017999605741775293,0.265849683846252,0.2658557771785687,1.75,2.5194384341936344,5654.093917879768,0.0025636121024277415,0.47303261212603576,0.4730395588550627,2.5,2.5977997220723896,17900.837586449583,10.82496134089608,5.240481187439252,12.026738174076932,0.75,2.314521682595829,2197014.028008481,0.1648867448326056,3.11445073460628,3.1188124369559462,0.75,1.5748500317869019,775986.2171911012,6.470734803006917,4.114155031591384,7.667899354765533,4.25,3.0816786013193065,1354103.1599176172,3.9632440258961115,5.240481187439247,6.570384028708359,0.75,2.314521682595828,2197014.0280084773,0.4401308198326068,3.114450734606284,3.145396400591846,0.75,1.5748500317868996,775986.2171911031,-0.5537156969930441,4.114155031591378,4.1512495344251645,4.25,3.081678601319306,1354103.1599176135,-0.1687305211597227,1.3585778578080197,1.3690156260967437,1.75,2.9430524339698394,147658.83791473883,-0.1564398923070128,3.337795851577594,3.3414599483928615,1.75,1.9517945121297167,891270.5114670658,0.16154377069454917,1.3194359199320294,1.3292883572261867,1.75,2.1693624948779755,139272.97027070957,10.88089491346518,5.335012174463102,12.118425187273386,2.5,2.4309810973660406,2277017.133882608,3.039859251234937,2.2409993818905867,3.7766152169571927,0.75,1.6679958062437645,401766.31723588763,6.452895061745081,3.928727366344113,7.554783477834107,4.25,2.9755952200196085,1234793.4471638694,3.9710104984652106,5.335012174463088,6.6506600635268,2.5,2.430981097366064,2277017.133882596,0.9727303862349452,2.2409993818905813,2.443006883727255,0.75,1.6679958062437592,401766.31723588565,-0.40854757325488394,3.9287273663441127,3.949912636840668,4.25,2.975595220019599,1234793.4471638694,0.2809983349182397,0.7467492924757526,0.7978687674297449,0.75,3.4181236690126906,44611.06612736562,0.2519319129931866,4.05808352625026,4.065896161341082,1.75,2.252258079060489,1317463.206464994,-0.1570887152216852,1.1366540196536972,1.147457722465149,1.75,2.518360886853489,103360.34664577221,4.0,CIPN_14_2,CIPN_14,neuro,gait_full,4.0,0.5
9.37952763894671,1.457106174336112,9.492033350818657,1.75,2.195580371636454,169853.20174726387,-0.37147545129710935,1.3897250547933973,1.4385165062789171,2.5,2.235985820485524,154509.72438081325,2.2235098408382012,1.0068765393328971,2.4408597620025847,1.75,1.7953434748511496,81104.28019819243,-0.27130560894675876,1.457106174336108,1.4821488240842686,1.75,2.19558037163645,169853.20174726294,0.09441652629710959,1.3897250547934006,1.392928644388697,2.5,2.235985820485521,154509.72438081398,-0.9937287091617811,1.0068765393328933,1.4146720866940592,1.75,1.7953434748511552,81104.28019819183,0.030855242345875458,0.33040024580492094,0.33183786463900544,0.75,1.9147171992046939,8733.25432693421,0.01284632844925016,0.28911056646927963,0.28939583237982847,1.75,2.838297122846458,6686.842349834009,0.033864887100071794,0.23684342925855084,0.23925225299096095,0.75,2.075886052831492,4487.592754608257,9.793206714770552,1.6149885293540849,9.925476598540358,1.75,2.2582288164287103,208655.2168577365,0.5066661383709098,0.615338090193658,0.7970894184562157,6.0,5.126177327578727,30291.502773287622,0.24835278487561946,1.2714186354154509,1.2954475876071418,1.75,2.679988336173261,129320.60956413939,-0.013755054770606723,1.614988529354081,1.6150471050334725,1.75,2.2582288164286792,208655.21685773548,-0.027992093370911533,0.6153380901936585,0.6159744495792538,6.0,5.126177327578721,30291.50277328767,0.32470401487561984,1.2714186354154529,1.312226369098731,1.75,2.6799883361732686,129320.6095641398,0.05353317529763764,0.3133891667265217,0.3179285622258422,0.75,2.8805708417865814,7857.05474466505,-0.008031368329102494,0.2608286399514524,0.26095226056917403,1.75,2.5240683466198544,5442.531881796039,0.028922251718140196,0.4749886715776848,0.47586840068613634,2.5,2.5321325915522754,18049.160663135222,11.7055338893534,5.735879594152561,13.035330389116215,2.5,2.3497852444726472,2632026.201314311,0.39101896805889597,3.381277133349852,3.40381122947446,1.75,1.7577016042965243,914647.0062297637,6.057322899038086,5.029254338590774,7.873027365978431,1.75,3.0867675473552523,2023472.9268858526,4.843816574353456,5.735879594152594,7.507521143799555,2.5,2.349785244472639,2632026.2013143427,0.6662630430588931,3.381277133349853,3.4462938782205867,1.75,1.7577016042965248,914647.0062297643,-0.9671276009618824,5.029254338590771,5.121399710897049,1.75,3.0867675473552554,2023472.9268858503,-0.19883765318119268,1.5029803590384563,1.516075978299891,1.75,3.20357020407131,180716.18518155592,0.11717324248384735,3.6698622851382434,3.6717323922958043,1.75,2.084397410441406,1077435.3813081332,0.2580870819957057,1.444592860258736,1.4674663450326804,1.75,2.3294502064519644,166948.2257401427,10.699822510582448,5.383553529985009,11.977848319634916,2.5,2.2857473676713167,2318623.2720353515,2.689244782336291,2.594937482666578,3.737076134931013,0.75,1.9323747318577873,538700.1072245252,6.295629440139337,4.193071893037833,7.564178868041992,4.25,3.0016509820494353,1406549.7982107825,3.789938095582485,5.383553529985003,6.58378913533547,2.5,2.2857473676713096,2318623.272035347,0.6221159173362981,2.5949374826665794,2.6684693653012297,0.75,1.9323747318577864,538700.1072245257,-0.5658131948606219,4.193071893037829,4.231075096433792,4.25,3.0016509820494237,1406549.7982107794,0.3092267313346408,0.8086459435426224,0.8657536793914562,0.75,3.462424736956651,52312.66107582068,-0.34458572489370204,3.932588624190115,3.9476565971358277,1.75,1.915031070376957,1237220.2818187296,-0.055637572324270794,1.0816041098917728,1.0830341591976278,1.75,2.1399797766262476,93589.44910939882,4.0,CIPN_14_2,CIPN_14,neuro,gait_full,4.0,0.5
9.64730101004636,1.355825428410297,9.742108569029883,1.75,2.2565469651247247,147061.51485511384,-0.045132483262887775,1.285516899594756,1.2863089209786227,0.75,1.7572687897821382,132204.2983249395,0.7021895267072086,2.1567808469979908,2.2682093715957232,0.25,0.6117461607583281,372136.3208842461,-0.539078980046406,1.35582542841029,1.4590643368446161,1.75,2.2565469651247425,147061.5148551123,-0.23192644173711138,1.285516899594758,1.3062708652957689,0.75,1.7572687897821397,132204.2983249399,-2.5150490232927756,2.156780846997994,3.313182037187714,0.25,0.6117461607583278,372136.3208842471,-0.7440581617856451,1.34152095350183,1.5340472668090421,0.25,0.5914244683439275,143974.32594598824,0.031258201483686396,0.29255409911929237,0.2942192652963016,0.25,2.6530334660898496,6847.069997345694,0.053838115698796436,0.24703796366795305,0.2528365048706493,1.0,2.210895276887317,4882.236841700934,9.836225168190296,1.4360926416935347,9.94050741335001,1.75,2.4139486695796064,164989.66915268076,0.4527862056347902,0.8317737104146008,0.9470284332320876,1.0,3.3051315860882617,55347.849152593,0.41024012297917833,1.1104098844195358,1.1837681656129202,1.75,2.337654097346698,98640.8498330993,-0.05677350819035155,1.4360926416935251,1.4372144261586464,1.75,2.4139486695795815,164989.66915267854,0.025887839365206364,0.8317737104146008,0.8321764750122842,1.0,3.3051315860882537,55347.84915259302,0.4865913529791787,1.1104098844195374,1.2123453535237878,1.75,2.337654097346698,98640.8498330996,-0.6168210091382506,1.0602636843868065,1.2266324786764027,0.25,0.6118905753271925,89932.7324280646,-0.04091587905681842,0.24175273494216393,0.24519072986352553,1.75,2.5144304419169257,4675.551026757365,-0.05909160238265373,0.43410492124870576,0.43810832008134093,2.75,2.930637388442453,15075.79387325302,10.15660892220963,4.981973923059046,11.312681776163803,0.75,2.1853134351990278,1985605.4593004994,0.36002569691499475,3.5037852878722187,3.5222336444291904,1.0,1.7011427714150493,982122.80828557,6.6269624431963345,4.066786471354269,7.775306002153539,1.75,2.921933402684906,1323100.7363325623,3.294891607209679,4.981973923059068,5.972970355970415,0.75,2.185313435199021,1985605.4593005166,0.6352697719149953,3.5037852878722227,3.5609098593784654,1.0,1.7011427714150564,982122.8082855721,-0.3974880568036261,4.066786471354263,4.086165556960655,1.75,2.9219334026849135,1323100.736332559,-0.7599445483246038,1.831079362789258,1.9825154096150175,1.0,2.293731885848134,268228.2234195349,0.05874139087979347,3.1669792456808556,3.16752396890312,1.75,1.9961290240378609,802380.7049237319,-0.30763848641522284,1.3826728248266373,1.4164835257912187,1.75,2.105893109529152,152942.78952519805,10.109815681593734,5.190612022911048,11.364454509046498,1.75,2.3990451263323886,2155433.498316024,3.0510029017146154,3.3199759670573212,4.508975396707016,0.75,1.3978654301435136,881779.3721236722,5.98892365311593,4.338305641620754,7.395140455932526,1.75,2.7874641290875246,1505672.4562633939,3.1999312665937625,5.190612022911033,6.097705575321994,1.75,2.3990451263323904,2155433.4983160114,0.9838740367146229,3.3199759670573172,3.462693827348773,0.75,1.3978654301435178,881779.3721236702,-0.8725189818840262,4.338305641620752,4.425176291840404,1.75,2.787464129087521,1505672.4562633927,-0.29712548352186957,1.4754808624164804,1.50510043794937,1.0,1.6034854464264614,174163.5255244408,-0.16765505477270762,3.25703701782238,3.2613491614447145,1.75,2.2395294411132145,848666.7437657217,-0.37509602189754987,1.5465703278347003,1.5914071774948417,1.75,1.9043405815472236,191350.94828505366,4.0,CIPN_14_2,CIPN_14,neuro,gait_full,4.0,0.5
9.613514712328527,1.0909538504898457,9.675218107518592,1.75,2.2173303974330936,95214.4320816644,-0.34857270521264266,1.2144620618045938,1.26349556009585,0.75,1.4992426740229938,117994.0780412702,0.2945107774586673,1.9658976829329557,1.9878355811788038,0.25,0.624021032890273,309180.53099200194,-0.5052926823285813,1.09095385048984,1.2022898979503325,1.75,2.217330397433099,95214.43208166334,0.07151378021264516,1.2144620618045936,1.216565789558036,0.75,1.4992426740229925,117994.07804127017,-2.922727772541317,1.965897682932958,3.5223701299189876,0.25,0.6240210328902713,309180.53099200263,-0.7067397694029443,1.3653511104692893,1.5374214635276326,0.25,0.5362151822754,149134.70736276373,0.07694196367730047,0.26269322789004856,0.2737294243478622,0.25,1.958642792449336,5520.619434582295,0.05143614907807881,0.2438023106960998,0.24916910750078938,0.75,1.7570319711506164,4755.171665928972,9.726927091182281,1.167251281191819,9.796713029920786,1.75,2.473633910895435,108998.10400116674,0.44932786934464813,0.8399868526697947,0.9526140072599755,0.75,2.6361429465888166,56446.24445216518,0.4614374697935688,0.9466914554575494,1.053161549984533,1.75,2.3159948394758554,71699.26557091679,0.052524568817661814,1.1672512811918156,1.1684324472443481,1.75,2.473633910895391,108998.1040011661,0.029346175655348184,0.8399868526697949,0.840499322238693,0.75,2.6361429465888095,56446.244452165214,0.5377886997935688,0.9466914554575498,1.0887797745467132,1.75,2.3159948394758563,71699.26557091685,-0.7915169799428133,0.9743733256327877,1.2553495557981014,0.25,0.5824344501041362,75952.3168415767,-0.07003623077696094,0.22710044826653367,0.23765455439419686,2.25,2.6147538275900124,4125.982969066487,-0.0705900138317845,0.32542073295870805,0.33298889394716197,2.5,3.1372357570357776,8471.894497350848,8.199470108012049,2.8123709437989017,8.668375878889162,0.75,2.3082606150955898,632754.5830051427,0.04291286269161386,2.9255284890121627,2.9258432038997193,0.75,1.5964968958674561,684697.4870479549,7.046878104626087,2.493487229595344,7.475023049169389,1.75,2.473820631630197,497398.32506672014,1.3377527930120845,2.812370943798908,3.1143238207893527,0.75,2.3082606150956,632754.5830051455,0.3181569376916176,2.9255284890121684,2.942777731501842,0.75,1.596496895867456,684697.4870479577,0.02242760462612676,2.493487229595345,2.4935880898023908,1.75,2.4738206316301956,497398.3250667206,-0.7093000415832502,1.6329225402558065,1.7803209181115287,0.75,1.8779403954125802,213314.8826001745,-0.036557273120395965,2.0005322634232785,2.000866255204347,1.75,2.0345039525528126,320171.4103666209,-0.39450328571218995,1.0032208227595003,1.078000399654825,0.25,2.052592697728977,80516.16307536348,9.089398736944018,4.686680176939535,10.226540983151512,0.25,1.758374233445574,1757198.6856167049,3.5861630446663724,2.8456874649200232,4.578045710882945,0.75,1.7800791818808708,647847.0535324655,6.353849795844102,3.9596288433914864,7.486659322125319,0.75,3.3876983754529664,1254335.3820998766,2.1795143219440547,4.686680176939525,5.168680079137919,0.25,1.7583742334455819,1757198.6856166977,1.5190341796663822,2.8456874649200126,3.225740533117567,0.75,1.7800791818808834,647847.0535324607,-0.5075928391558584,3.959628843391484,3.9920309452432967,0.75,3.3876983754529673,1254335.3820998757,-0.5276800365888397,1.45243066535287,1.5453158443087873,1.0,1.7887695373308392,168765.46921241793,0.2986977041568927,2.8385277919916514,2.8542004737540068,0.75,2.2359813001889783,644584.3016892317,-0.5579608951109429,1.493186577735161,1.5940283925957675,0.75,1.7697598541597088,178368.54997821216,4.0,CIPN_14_2,CIPN_14,neuro,gait_full,4.0,0.5
9.582944147712464,1.2135529385964798,9.659478726771582,1.75,2.080458243689171,117817.04074815594,-0.5078468328539679,1.3252699769337033,1.4192423744384413,0.75,1.8547695769059553,140508.22341622162,1.6467928038651376,1.1033149674553393,1.9822286589273646,1.75,1.306450674528131,97384.32137347496,-0.47472211771252476,1.213552938596492,1.3031008494439889,1.75,2.0804582436891677,117817.0407481583,0.23078790785396863,1.3252699769337046,1.3452150646545236,0.75,1.8547695769059511,140508.22341622188,-1.5704457461348427,1.10331496745534,1.9192716740899398,1.75,1.3064506745281264,97384.32137347508,0.019355788189171306,0.34666623552490766,0.3472061713009071,1.0,1.825263268091888,9614.382753784244,0.08480034807636173,0.21602834228663872,0.2320761592774778,0.75,2.5848668191562276,3733.4769576772856,0.03118367993635975,0.22706927048045292,0.2292005137230247,0.75,2.008095671610103,4124.86015897776,9.851429607149335,1.3200920554566158,9.939482297358255,1.75,2.2590735576537693,139411.9164963301,0.45733420295686583,0.6131558313045371,0.7649278702315335,0.75,3.891352043926124,30076.88343777756,0.4164244459941308,1.190422442983543,1.2611561806455316,1.75,2.404253446668176,113368.75584506035,-0.07197794714938505,1.320092055456622,1.3220528959748656,1.75,2.2590735576538012,139411.9164963314,0.021339842043132058,0.6131558313045374,0.6135270673093277,0.75,3.8913520439261213,30076.883437777593,0.4927756759941327,1.1904224429835435,1.2883840497345433,1.75,2.404253446668179,113368.7558450605,-0.12601015520831704,0.3722731325424193,0.39302142998641915,0.75,1.5961399117308546,11086.995411902933,-0.057569641775132914,0.24790922004298968,0.25450588409001584,1.5,2.430473203055532,4916.726250248127,0.005456792351085202,0.38084189847979666,0.3808809895760861,2.5,2.5475967210634534,11603.248221175196,9.904524028752473,4.648023271198826,10.940919365653919,0.75,2.173434103147484,1728330.1760000905,-0.17107756881647526,2.998411248795505,3.00328779031507,0.75,1.5779109588094988,719239.2806559106,6.743710730719861,4.20236630276087,7.945911965420097,1.75,2.909481330207336,1412791.8165789228,3.0428067137525034,4.6480232711988325,5.555429148757385,0.75,2.1734341031474838,1728330.1760000954,0.10416650618352691,2.998411248795503,3.000220104911286,0.75,1.5779109588094933,719239.2806559096,-0.28073976928010497,4.202366302760865,4.211733296474916,1.75,2.909481330207334,1412791.8165789188,-0.14524302204678524,1.263815786854703,1.2721343791268498,0.75,3.054161522967624,127778.4791823279,-0.0703258526148071,3.0010497609562066,3.0018736471212955,1.75,2.0434728429768945,720503.9848618937,0.05245411947364681,1.189996520149318,1.19115202749995,1.75,2.4832065884821826,113287.3826621529,9.66643464999165,4.826264093645662,10.80429469906169,0.75,2.074627589366795,1863426.773289161,2.9388120023860655,2.237633995489404,3.6937273698986326,0.75,1.9288579151917176,400562.15173621627,6.734851487316231,3.8892571515870844,7.77718109261813,0.75,2.7495752487681178,1210109.407993992,2.7565502349917015,4.826264093645673,5.5580027257681595,0.75,2.0746275893667976,1863426.7732891697,0.8716831373860779,2.2376339954893996,2.40142403372938,0.75,1.9288579151917078,400562.15173621464,-0.12659114768373023,3.8892571515870866,3.891316809236069,0.75,2.749575248768117,1210109.407993994,0.032265010256357377,0.9284590269995938,0.9290194807989094,0.75,3.081532648491655,68962.89650956735,-0.34182589453244444,3.3769433936852042,3.394199703365589,1.75,2.147020497411211,912301.8877761865,-0.1070673627645759,0.9816605244786983,0.9874820532491486,0.75,2.069179572641638,77092.6135491713,4.0,CIPN_14_2,CIPN_14,neuro,gait_full,4.0,0.5
9.546496164733082,1.5131638433715129,9.665673998234698,1.75,2.14535788060169,183174.36523416385,-0.3535035040359372,1.4453297791314432,1.487932423804869,2.5,1.934941842072809,167118.25906561152,2.074264683553372,0.9707499091146076,2.290181076570757,1.75,1.9512664485795586,75388.43230145716,-0.4382741347331391,1.513163843371526,1.5753567957967396,1.75,2.1453578806016678,183174.36523416702,0.07644457903593735,1.4453297791314421,1.4473499729188255,2.5,1.9349418420728044,167118.25906561126,-1.1429738664466074,0.970749909114607,1.4995814900917939,1.75,1.9512664485795552,75388.43230145708,0.023842161135849586,0.3752082615539766,0.37596500925749077,0.75,1.6121754721606998,11262.501691139765,0.0434873759692683,0.187721140495152,0.19269244525277346,1.75,2.8396252942689264,2819.1411772884444,0.014934432880419915,0.22063992036161717,0.22114477552644224,2.5,2.354172453977361,3894.557979690232,9.829434730145747,1.6227571225649036,9.962486024734515,1.75,2.2813321451805244,210668.10276249793,0.4751821407800027,0.5532762281497602,0.7293234204054412,6.0,4.590384556796628,24489.166839227586,0.46154804359552337,1.2780853152599425,1.3588703652777046,1.75,2.563445750110812,130680.27107302065,-0.049983070145793514,1.6227571225649038,1.6235267124800643,1.75,2.281332145180537,210668.10276249793,0.0034919042199953675,0.5532762281497605,0.5532872473053283,6.0,4.590384556796629,24489.166839227615,0.5378992735955268,1.2780853152599443,1.386664235356817,1.75,2.5634457501108128,130680.271073021,0.02015337941312779,0.2999785198136231,0.300654737284051,2.5,2.867915061451766,7199.032593017581,0.0003267788098637414,0.2489914536165544,0.24899166805030915,1.75,2.8265817900806547,4959.768721929251,-0.0117188816424693,0.44609080835149756,0.4462447103133467,2.5,2.5172582572127724,15919.763349888375,11.282020793996454,5.3522053133716145,12.487197240079606,2.5,2.5847030387022163,2291703.529849265,-0.4340090355977519,3.499947682120794,3.526754544983704,0.75,1.457284991373314,979970.9908186399,6.525362821049673,4.357445766800773,7.84650836722598,1.75,3.0615835863224934,1518986.7545525867,4.420303478996493,5.352205313371616,6.941554909594237,2.5,2.5847030387022008,2291703.529849266,-0.15876496059775036,3.4999476821207938,3.503546787228097,0.75,1.4572849913733088,979970.9908186398,-0.4990876789502829,4.357445766800768,4.385934577930901,1.75,3.061583586322495,1518986.7545525832,-0.2236993060756049,1.3636066343107236,1.3818337210659344,1.75,3.508963368843989,148755.42199801293,0.023421393446182125,3.7911685849426244,3.7912409315587983,1.75,2.148441026816485,1149841.292645447,0.08870195850710054,1.4108147860020597,1.4136005085755428,1.75,2.442451923089655,159232.47095733462,10.980692719969998,5.398929427532063,12.236177980638962,0.75,2.197051399910684,2331881.2755542304,2.015828960284649,3.541120479246335,4.07469025149889,0.75,1.6522820233905617,1003165.7479003633,6.351292233889161,4.452000496254125,7.756237583964776,4.25,3.2484079770743097,1585651.5298713509,4.070808304970045,5.398929427532069,6.76165062830703,0.75,2.197051399910697,2331881.2755542365,-0.05129990471533908,3.5411204792463415,3.5414920483832293,0.75,1.6522820233905604,1003165.7479003668,-0.5101504011107961,4.452000496254123,4.481133991569596,4.25,3.2484079770743017,1585651.529871349,0.24778356593002765,0.9042574477484332,0.9375917167688241,2.5,4.4173097046981615,65415.76988214167,-0.22530199975826243,3.8111836452538532,3.8178373156730396,1.75,2.026061769176283,1162013.6727193375,-0.04439397576147775,1.040003770258176,1.0409508476557052,1.75,2.1341589807135097,86528.62742401323,4.0,CIPN_14_2,CIPN_14,neuro,gait_full,4.0,0.5
9.482028165160113,1.4113512855152381,9.586488959781635,1.75,1.9756233492695825,159353.19645510762,-0.4165070332253327,1.2445093101022924,1.3123572423915113,2.5,2.0841706110014826,123904.90733148834,2.1257712304010146,0.9936084366740404,2.346521052415783,1.75,1.8622781072535803,78980.6447603022,-0.3738061351601669,1.4113512855152455,1.4600148895846636,1.75,1.9756233492695643,159353.19645510928,0.13944810822533432,1.2445093101022944,1.2522975676008135,2.5,2.084170611001479,123904.90733148876,-1.091467319598967,0.9936084366740416,1.4759941175974878,1.75,1.8622781072535837,78980.6447603024,0.08991272830883607,0.3248679433482457,0.33708082017115354,0.75,1.6600539650015178,8443.14808256804,0.025339001186272546,0.2122026261966809,0.21371012972221556,1.75,2.807187376176962,3602.430060066744,-0.003601522813316391,0.1965177951504861,0.19655079439519763,2.5,2.4048391518881145,3089.54257576299,9.756353549303256,1.5701527599401113,9.88189325324605,1.75,2.149054989857434,197230.47610112219,0.5376414311183865,0.5904570899923562,0.7985598810216227,4.25,4.446250196041676,27891.208407791222,0.34824083100481773,1.2034945881751702,1.2528650765927865,1.75,2.5064845987336786,115872.06512348133,0.02309811069669465,1.5701527599401095,1.5703226459123933,1.75,2.1490549898573996,197230.47610112175,-0.05896738611838895,0.5904570899923558,0.593394243103079,4.25,4.446250196041673,27891.20840779118,0.4245920610048188,1.2034945881751693,1.276196553057263,1.75,2.5064845987336812,115872.06512348115,-0.010502193638577845,0.3159279839722359,0.3161024946563749,0.75,2.6313887729853493,7984.839884729212,-0.014182401690763364,0.2559102841656561,0.2563029731771854,1.75,2.776208675763946,5239.238364592618,-0.013213714679196038,0.4319371983224872,0.4321392663833071,2.5,2.6151198809302314,14925.62393912427,10.81702624108732,5.147904412066338,11.979523218231337,0.75,2.1802302540846816,2120073.6938972706,-0.21401659484508176,3.357760098101819,3.364573669764688,0.75,1.5877730358097977,901964.3959765496,6.305618407022141,3.90220002745381,7.415388631031886,1.75,3.027939456008381,1218173.2064196216,3.9553089260873526,5.1479044120663255,6.491947977037264,0.75,2.1802302540846865,2120073.6938972604,0.06122748015491211,3.3577600981018096,3.3583182816300767,0.75,1.5877730358097932,901964.3959765445,-0.7188320929778104,3.902200027453827,3.9678564278657444,1.75,3.027939456008382,1218173.206419632,-0.16957426760857364,1.4269763099180601,1.4370166391877122,3.25,3.3386342374638254,162900.91416853198,-0.19222108368752214,3.438171515091605,3.4435406651005747,1.75,2.0421000216503398,945685.9535751914,0.07979037396961514,1.2323629878157925,1.2349433337268874,1.75,2.5039709396377026,121497.58110312452,11.19288161125815,5.676924104099775,12.550221752915355,2.5,2.1586856715309715,2578198.559318411,2.3943063582939557,3.7511377924858897,4.450139062499371,0.75,1.739332899150793,1125691.258511003,5.942059003660327,4.739798577682637,7.600904930334486,4.25,2.9355815707594397,1797256.5251128755,4.282997196258185,5.676924104099774,7.111366413486546,2.5,2.158685671530971,2578198.5593184107,0.3271774932939661,3.751137792485891,3.765379111103429,0.75,1.7393328991507941,1125691.258511004,-0.9193836313396304,4.739798577682631,4.82814217050177,4.25,2.935581570759426,1797256.5251128713,0.277818355590824,0.9844049394889368,1.022856844134802,2.5,4.078848039524149,77524.25026037233,0.20503309939166306,4.039447056379625,4.044647214917535,1.75,2.069656293433501,1305375.7468185474,-0.09773841017986161,1.141868777661971,1.1460441100689494,1.75,2.0998191660558283,104309.16155608825,4.0,CIPN_14_2,CIPN_14,neuro,gait_full,4.0,0.5
9.504269858563083,1.076740718737152,9.565067491647788,1.75,2.169372932227775,92749.84258117777,-0.20727414284869813,1.1677545886228964,1.1860073142875183,2.5,1.7236577038246466,109092.11607403064,2.1119684296627517,0.854596048032486,2.278320665140202,1.5,1.7972439760839511,58426.753581123965,-0.39604782856313764,1.0767407187371545,1.147268258907297,1.75,2.1693729322277555,92749.84258117818,-0.0697847821513011,1.1677545886229002,1.1698378926457047,2.5,1.7236577038246481,109092.11607403134,-1.1052701203372277,0.854596048032489,1.3971243481605415,1.5,1.7972439760839451,58426.75358112439,0.05931476827824474,0.252356765692153,0.25923383059798744,0.75,1.6188561590686952,5094.716746301488,0.03397560959803283,0.22777466619876224,0.23029468211297346,1.5,2.6906403503246397,4150.503884959193,0.024088755775687424,0.22984783490696412,0.23110667529571652,0.75,1.8980017932706363,4226.405563004169,9.840578106150756,1.2195844999556325,9.915864249564214,1.75,2.1863927023603265,118991.08973872464,0.47472680744539125,0.5625933812058866,0.7361228527113975,2.5,4.2723819610921705,25320.915800743736,0.48055773175734523,1.1017424913630713,1.2019867931165766,1.75,2.245241739043655,97107.00987834301,-0.061126446150816076,1.2195844999556322,1.221115389695445,1.75,2.1863927023603256,118991.0897387246,0.003947237554605918,0.5625933812058858,0.5626072282338572,2.5,4.2723819610921705,25320.91580074365,0.5569089617573456,1.1017424913630702,1.2344975127397178,1.75,2.2452417390436517,97107.00987834277,0.008356653552398981,0.2879707983244903,0.288092024093412,0.75,2.649489120006451,6634.174524642484,-0.03959331398870254,0.22315135273973857,0.22663661827291554,1.75,2.5308548284717842,3983.7224954539556,0.0006414341280544928,0.38904425976286366,0.38904478854262414,2.5,2.5528291534337693,12108.441427079033,10.320324973575525,4.81962784079194,11.390255488089082,0.75,2.4454982947578037,1858321.6684655827,0.18143899741243597,3.044018216581974,3.04942076674652,0.75,1.7513616044263516,741284.3139350187,6.033160779546046,3.9436512036144857,7.207732917334176,1.75,2.914693103293125,1244190.8629423925,3.458607658575563,4.819627840791931,5.932181677906892,0.75,2.4454982947577886,1858321.6684655761,0.4566830724124306,3.04401821658196,3.0780848480038476,0.75,1.7513616044263511,741284.3139350114,-0.9912897204539114,3.94365120361449,4.066330056162142,1.75,2.9146931032931205,1244190.862942396,-0.15464697608136102,1.4224160070233547,1.4307980235684468,1.75,3.681198560689214,161862.93078147896,-0.07431301532513195,2.95271564450142,2.9536506397219946,1.75,2.0849678103645575,697483.4557199527,0.09136568225758523,1.182173041995893,1.1856984393665269,1.75,2.8354692402887607,111803.18644022568,9.716834529525588,4.788027523399988,10.832454977474708,0.75,2.0476392983784675,1834016.6092128174,3.077567246697472,2.218999903777871,3.794124501240208,0.75,1.9768618499348272,393916.8668900286,6.206969632722144,3.7123342669623507,7.23241990838459,0.75,2.733515665377393,1102514.0582532142,2.8069501145256313,4.788027523399995,5.550151034906288,0.75,2.047639298378459,1834016.6092128227,1.010438381697481,2.2189999037778634,2.438226055183069,0.75,1.9768618499348285,393916.8668900258,-0.6544730022778222,3.7123342669623542,3.769583613659932,0.75,2.733515665377376,1102514.0582532168,0.21180141936654134,0.7710026884032377,0.7995654987370964,2.5,3.592692884160467,47555.61234746224,0.021207042493548534,3.3119737024716316,3.312041597642603,1.75,1.9658361052596856,877533.5930427837,-0.00028415058882302446,0.9821272320712,0.9821272731766458,1.75,2.185706896847361,77165.91216016235,4.0,CIPN_14_2,CIPN_14,neuro,gait_full,4.0,0.5
9.427619888318471,1.3473609135811198,9.5234131586351,1.75,2.283237292902274,145231.5765691488,-0.4589747813474199,1.4387792444579257,1.510213085692159,0.75,1.5597191556160959,165606.8573709418,1.918138625659032,1.3114946032135246,2.3236337666472577,0.25,1.5071454119723524,137602.8096261402,-0.49647326331850405,1.3473609135811253,1.435920308595254,1.75,2.283237292902253,145231.57656915003,0.005463386347422907,1.4387792444579264,1.4387896173080006,0.75,1.5597191556160948,165606.85737094196,-1.6237863993409514,1.3114946032135228,2.087271032938187,0.25,1.5071454119723495,137602.80962613985,-0.06657574137355496,0.29668528596005733,0.30406329644440727,0.75,1.4966484085623775,7041.7728514973105,0.13078452944546448,0.3897322527201867,0.41109101419591143,1.75,2.3009495839655716,12151.448861997907,-0.003580097146268948,0.24530370631653714,0.24532982987848548,0.75,1.9481998202698587,4813.916452860603,9.787715502914853,1.5734561144870611,9.913381809968607,1.75,2.31848263935389,198061.37517020636,0.4301305433086449,0.6081563077120267,0.7448935352766296,1.0,3.9187783650234134,29588.44473696165,0.278600134422321,1.2705486181082293,1.3007351098040163,1.75,2.2345319915783595,129143.65247117224,-0.009622527914913422,1.5734561144870574,1.5734855376711223,1.75,2.318482639353929,198061.37517020543,0.14445587169135268,0.6081563077120248,0.6250772700043024,1.0,3.9187783650234103,29588.44473696146,0.3547993094223206,1.270548618108228,1.3191574359959024,1.75,2.2345319915783586,129143.65247117197,-0.009712599853417077,0.2821756943909132,0.282342800688997,1.0,2.654164409820904,6369.88410630498,0.01628114117077771,0.26013965780872916,0.26064864688439393,1.75,2.253421284462824,5413.821611974561,0.00487925489879482,0.44298413621654453,0.44301100671189364,2.5,2.55914927708759,15698.79990556456,9.933068739719076,4.859710950343218,11.058148358060228,1.0,2.550923614146803,1889373.8198139097,-0.4402939126272704,3.128131076680258,3.1589654576125743,0.75,1.6124237750253252,782817.50265213,7.045046371858016,3.987254982832187,8.095114618073662,1.75,2.83825148190782,1271856.7438223872,3.0476308447191047,4.859710950343199,5.736274425667664,1.0,2.550923614146816,1889373.8198138948,0.17258093237272326,3.1281310766802615,3.132888158091739,0.75,1.612423775025325,782817.5026521316,0.057692386858056915,3.9872549828321726,3.987672342309655,1.75,2.8382514819078164,1271856.7438223779,-0.19778328026488132,1.2027091128561789,1.2188631736579925,1.75,2.615081406787338,115720.74257333456,-0.027122271491621174,3.192166483442552,3.1922817036760485,1.75,2.054886889293488,815199.8761031163,0.1521007714766193,1.3928711969597967,1.4011512466554066,1.75,2.3536671888520613,155208.89801015533,9.948167425995864,5.10762084733729,11.182746793869548,0.75,1.935150054136582,2087023.2632815316,2.6419869623834784,2.0292068124466094,3.3313323756545232,0.75,1.8850318600619007,329414.42346559267,6.620469328471416,4.389497209561109,7.943443830101371,4.25,2.662125700045972,1541414.8968360827,3.0240339859959113,5.107620847337308,5.935703182320776,0.75,1.9351500541365971,2087023.2632815463,0.22032469738349275,2.029206812446612,2.0411328374108497,0.75,1.885031860061899,329414.4234655936,-0.1039030815285524,4.389497209561094,4.3907267739060885,4.25,2.6621257000459697,1541414.8968360724,0.12904674733271787,0.6601163164538664,0.6726117856875357,1.0,4.721973726890867,34860.29614707978,-0.04501941372612954,3.419675270108567,3.4199715935376336,1.75,2.0248184367676134,935534.4656237395,-0.06600046123740526,1.0515352079130549,1.0536044582120474,1.75,2.276936216789699,88458.10956622365,4.0,CIPN_14_3,CIPN_14,neuro,gait_full,4.0,0.5
9.306969580278384,1.5813979831517313,9.440365583458279,1.75,2.150950088608608,200065.59974257197,-0.6182255955955521,1.4965451870358075,1.6192128902307799,0.75,2.3149558771860894,179176.39349540827,2.505334556885484,1.1357281536440813,2.7507416601535626,1.75,1.964775642633233,103190.32887471322,-0.3758229552784289,1.5813979831517486,1.625442239770651,1.75,2.15095008860862,200065.59974257642,0.16471420059555492,1.4965451870358069,1.5055823672977413,0.75,2.3149558771860903,179176.3934954082,-1.036590468114497,1.1357281536440764,1.5376599876323815,1.75,1.9647756426332368,103190.32887471239,0.014028240569122417,0.336233404899979,0.3365259189187341,0.75,1.7886695743797119,9044.294151377908,0.06509947319350691,0.3124146876338504,0.3191251767871479,1.75,2.6272206227794874,7808.260333327411,-0.030580170749524963,0.25218394470154387,0.2540312752562201,0.75,2.1064105428281454,5087.744852191352,9.804946288198547,1.80624299583087,9.969929060652666,1.75,2.2809273868059097,261001.15769193464,0.4835050997119671,0.6541558122189431,0.8134476062459736,4.25,4.437765484176828,34233.6608150616,0.39871372568500824,1.3340140511160707,1.3923240009511906,1.75,2.549529021514597,142367.62264176577,-0.026853313198610947,1.8062429958308626,1.8064425981519014,1.75,2.2809273868059154,261001.15769193255,0.09108131528802976,0.6541558122189419,0.6604662237044535,4.25,4.437765484176818,34233.660815061485,0.4749129006850064,1.3340140511160707,1.416028160670598,1.75,2.5495290215145943,142367.62264176577,-0.045743711979882196,0.3082067768315157,0.311582901441286,0.75,2.7203130746588977,7599.323956964694,-0.01329714512515369,0.2755654940642665,0.27588612793571676,1.75,2.5632992624825346,6074.909148777451,-0.025611507616193907,0.5017458409378527,0.5023990826233735,2.5,2.4396829509743303,20139.91183950305,11.152555869240327,5.431033825600223,12.404661657269846,2.5,2.5412380486603268,2359709.900490925,0.06090453228428597,3.501303411660167,3.5018330831945557,1.75,1.648288520147929,980731.7743768445,6.414053661994378,4.7437447335558875,7.977668736923257,1.75,3.1791369522675543,1800251.7332657722,4.267117974240367,5.431033825600222,6.906838945632003,2.5,2.5412380486603325,2359709.900490924,0.673779377284282,3.501303411660166,3.5655440299843035,1.75,1.6482885201479385,980731.7743768438,-0.5733003230055799,4.743744733555886,4.778261959907337,1.75,3.1791369522675534,1800251.733265771,-0.15578700756525057,1.2427905334848846,1.252516627372978,1.75,3.087694331081661,123562.32700942479,-0.3959040649733542,3.5701728827280608,3.5920571322334522,1.75,2.052971144396243,1019690.753101768,0.030962328741367964,1.4604703632701257,1.4607985308698328,1.75,2.161252270827472,170637.90549402102,11.451511644071607,5.871711886610406,12.869114942903785,1.75,2.1268019583895654,2758160.391877939,2.8372554681599613,2.2967778867357183,3.6503708376823574,0.75,1.877403853819236,422016.0527057946,6.068236121832561,5.013027609643078,7.871082228344288,1.75,3.093480531297937,2010440.1580778921,4.527378204071661,5.87171188661043,7.414455737413592,1.75,2.1268019583895623,2758160.3918779604,0.4155932031599743,2.2967778867357183,2.3340750569574578,0.75,1.877403853819234,422016.0527057946,-0.6561362881673977,5.013027609643071,5.055784869206146,1.75,3.0934805312979465,2010440.1580778854,0.1694610076433478,0.7221395786342529,0.7417564318167759,2.5,4.908836689234326,41718.88348102963,0.24722422420758558,4.076898300615807,4.084387294393016,1.75,2.0437322857645066,1329690.072723098,-0.16077003396299133,1.2300506009437344,1.2405125894977864,1.75,2.3650419450710753,121041.96012001208,4.0,CIPN_14_3,CIPN_14,neuro,gait_full,4.0,0.5
9.237050776044818,1.6058934514759844,9.375606690594674,1.75,2.211830274864274,206311.57498475118,-0.7143786729786243,1.6095069895731222,1.7609229505834247,2.5,1.9209813261644317,207241.05890699947,2.87623950648632,1.1173951240722657,3.085664525183051,1.75,2.0246201205057726,99885.83028300776,-0.3059041510448629,1.6058934514760075,1.634769441578843,1.75,2.211830274864284,206311.5749847571,0.26086727797862713,1.6095069895731196,1.6305104986490286,2.5,1.9209813261644333,207241.05890699878,-0.6656855185136632,1.1173951240722626,1.3006571696105287,1.75,2.024620120505774,99885.8302830072,0.019578348596006233,0.3646424372689626,0.3651676584682658,2.5,2.001751312132218,10637.168961620651,0.05458084036874692,0.27785965609749164,0.28316966048991715,1.75,2.8315884891955303,6176.481944465395,0.0018434760352784884,0.24497641791880154,0.2449833540063895,2.5,2.2141783270738857,4801.078780532664,9.876190797727448,1.7518205098772992,10.030354917546193,1.75,2.3102327251715367,245510.23805014114,0.4867348683709756,0.6283248178506424,0.7947974011124808,7.75,4.356958558323583,31583.46336566603,0.37551028780757073,1.3130380777565507,1.3656782087622041,1.75,2.5136248548160753,137925.64369856904,-0.09809782272750407,1.7518205098772948,1.7545649835929764,1.75,2.310232725171527,245510.2380501399,0.0878515466290216,0.6283248178506431,0.6344367352007251,7.75,4.356958558323572,31583.46336566611,0.45170946280756863,1.3130380777565491,1.3885641621576283,1.75,2.5136248548160816,137925.64369856872,0.005352426171351752,0.2965368977555842,0.29658519888292734,0.75,3.183600079829488,7034.790197834692,-0.018673116801619944,0.2657380452976372,0.2663933069911781,1.75,2.569328561279514,5649.351521844949,0.022827909417230653,0.4896336977040959,0.49016555506863935,2.5,2.582577646321675,19179.342775580393,11.551301245043721,5.754252784328888,12.905192193830567,1.75,2.618508498170152,2648939.4258231367,0.46168167885503664,3.8506243131806075,3.8782028794079393,1.75,1.6852016636413902,1186185.1314587558,6.131002918635573,5.326243115287482,8.12145692049556,1.75,3.1355614215518894,2269511.60077285,4.665863350043764,5.7542527843288855,7.408218808002254,1.75,2.618508498170156,2648939.425823135,1.0745565238550379,3.850624313180604,3.99774678090259,1.75,1.685201663641393,1186185.1314587535,-0.8563510663643951,5.326243115287486,5.394645759640829,1.75,3.1355614215518925,2269511.600772854,-0.06391203266875521,1.3582905811920052,1.3597933853621906,1.75,3.455339660917126,147596.29897986745,-0.1594848808130089,3.494866167976827,3.4985032455718788,1.75,2.2970541970691603,977131.7797542098,0.11536866648657995,1.5074327614851304,1.5118410827879951,1.75,2.5178784251770177,181789.44269907722,10.847965513198053,5.578251205355337,12.198165529520518,1.75,2.269052733792319,2489358.717592465,3.141002280813218,2.21373498722376,3.8427227224628657,0.75,1.8973817369885182,392049.9396360373,6.5927160232082995,4.5672048324434575,8.020178585552964,1.75,2.9649496270813263,1668748.8171394807,3.9238320731980987,5.578251205355336,6.820069255418624,1.75,2.269052733792304,2489358.717592464,0.719340015813228,2.2137349872237584,2.3276753751347603,0.75,1.8973817369885233,392049.9396360365,-0.1316563867916541,4.567204832443463,4.569102032749756,1.75,2.9649496270813476,1668748.8171394847,0.28070340150893214,0.7158589773847379,0.7689268333989961,0.75,4.52404602886119,40996.47023721429,0.019968337077269038,4.167177203472117,4.167225045473706,1.75,2.0978866784994388,1389233.9760479052,-0.06930976085244782,1.2176637102820749,1.2196346806676712,1.75,2.469864470316857,118616.98950025486,4.0,CIPN_14_3,CIPN_14,neuro,gait_full,4.0,0.5
9.294254566446904,1.4590206339572493,9.408076804333186,1.75,2.1692468541343506,170299.3986730933,0.0424879105126383,1.6551855068914767,1.6557307404174522,2.5,1.7179360367510685,219171.98992308017,0.7417554113122048,3.0198709599361533,3.1096336930379174,0.25,0.6079674851598144,729573.3092802108,-0.36310794144695324,1.4590206339572633,1.5035253863686167,1.75,2.169246854134353,170299.39867309656,-0.4959993055126364,1.6551855068914756,1.7279046192694227,2.5,1.7179360367510659,219171.98992307988,-2.8001696136877787,3.019870959936149,4.118321318217658,0.25,0.6079674851598077,729573.3092802088,-0.7991984417283551,1.0703989253042785,1.3358413111420029,0.25,0.5136716807507742,91660.31208528635,-0.10812658383066232,0.34709352061218895,0.36354541694519177,0.75,1.8262142088333015,9637.924864064902,0.14578397675450877,0.2871779522847417,0.3220623296146516,0.25,1.709415683788252,6597.743247714676,9.814104747435849,1.464249426263667,9.922735428094228,1.75,2.256209030394555,171522.23473475754,0.4187824129062823,0.8433003352451289,0.9415594324226989,1.0,3.0808756375969604,56892.5248211753,0.4215983186107,1.1650660607152452,1.2390012381292883,1.75,2.4727561094206334,108590.46285109635,-0.036011772435908605,1.4642494262636727,1.464692196356446,1.75,2.2562090303945426,171522.23473475885,0.1558040020937133,0.8433003352451314,0.8575723540862129,1.0,3.080875637596961,56892.52482117563,0.49779749361069847,1.1650660607152448,1.2669574856622583,1.75,2.472756109420638,108590.46285109624,-0.5885142543999676,1.08746692354489,1.23650043972339,0.25,0.6226485605596929,94606.79973565665,-0.04970307810622525,0.27329015757336944,0.2777731200093173,1.75,2.5239179513973196,5975.05443790418,-0.04758060511994062,0.4463998294815315,0.4489284149446548,2.5,2.506271573888047,15941.824692260949,10.27923488464588,5.126839340048684,11.486825124132064,0.75,2.327020562608539,2102771.831601358,0.2926403586313014,3.767774572465507,3.7791220684727156,1.75,1.782003302003935,1135692.1384137562,6.895697019455543,4.253982567101216,8.102283941292672,1.75,3.063006561926804,1447711.4408322605,3.3937969896459155,5.126839340048666,6.148360726697835,0.75,2.3270205626085523,2102771.831601343,0.9055152036313051,3.7677745724655027,3.8750590979912873,1.75,1.782003302003933,1135692.1384137536,-0.09165696554441383,4.253982567101224,4.254969880097146,1.75,3.0630065619268096,1447711.4408322657,-0.6779390931337926,1.9445183730747182,2.0593088931056984,1.0,2.0932839677752426,302492.1823493841,0.30256841511992527,3.0925266879590594,3.1072928670415365,1.75,1.977934806726429,765097.7056554074,-0.1618791338120165,1.5681401565995647,1.576473407547313,1.75,1.9023370479070514,196725.09132063665,9.822136565122749,4.935316994862734,10.99234827248947,0.75,1.9730481845276329,1948589.4733166397,3.745036674648127,3.796586925161322,5.332857768098207,0.75,1.3822559352636279,1153125.823630137,6.423859481669499,4.149371550684913,7.6474345309958975,1.75,2.472506139772842,1377384.2349550144,2.8980031251227847,4.935316994862704,5.723266196238128,0.75,1.9730481845276484,1948589.473316616,1.3233744096481317,3.7965869251613125,4.020620861063297,0.75,1.3822559352636288,1153125.8236301313,-0.3005129283304563,4.149371550684932,4.160239450527724,1.75,2.472506139772851,1377384.2349550265,-0.2170856321896112,1.38631569440135,1.4032096693818283,0.25,1.5166888755377779,153750.04535170423,-0.1400503934590854,3.3637262853698755,3.36664055634044,1.75,2.0994889557650303,905176.246807723,-0.313796607051689,1.5549665946402738,1.5863131535243353,1.75,1.6912368929557517,193433.6889604643,4.0,CIPN_14_3,CIPN_14,neuro,gait_full,4.0,0.5
9.31411101635947,1.3681329680462064,9.414056078190939,1.75,2.0318409656455785,149743.5589779127,0.03106390629769045,1.4153040647140593,1.415644927893506,0.75,1.5592301392161507,160247.96289674708,-0.04233565619883521,3.2370613623724993,3.2373381923349753,0.25,0.46295451122522197,838285.8336968885,-0.3829643913595159,1.3681329680462053,1.4207214868876599,1.75,2.0318409656455505,149743.5589779125,-0.4845753012976894,1.4153040647140598,1.4959608344551958,0.75,1.5592301392161452,160247.96289674722,-3.584260681198813,3.237061362372492,4.82964707763959,0.25,0.4629545112252185,838285.8336968849,-0.7806027712865946,1.0538197499758828,1.3114407161513417,0.25,0.47236207188713547,88842.98285787983,0.08781582322377565,0.5646534692875808,0.5714412998611234,0.25,0.9181262647076763,25506.69677273071,0.1325373514754014,0.26628771492047115,0.29744797301995557,0.25,1.142930185713931,5672.732159187091,9.848703959615518,1.2904954936805053,9.932892242612725,1.75,2.7832639346111683,133231.83437971075,0.4687005708043362,0.8594447423491952,0.9789410044655321,0.75,3.105587370465309,59091.782874448094,0.3790710763662031,1.109586189968559,1.172551232955889,1.75,2.3263385274681925,98494.70409813925,-0.07061098461558304,1.2904954936805137,1.2924258316662103,1.75,2.7832639346111425,133231.83437971247,0.10588584419565798,0.8594447423491974,0.8659428833085387,0.75,3.105587370465307,59091.7828744484,0.4552702513662017,1.1095861899685602,1.1993550411567002,1.75,2.326338527468193,98494.70409813944,-0.8031800480099549,1.001706620583228,1.2839448365259094,0.25,0.6623388378435027,80273.38513035238,-0.10015866276014439,0.2507296551915491,0.26999466238867287,1.75,2.2943545446245306,5029.232100482382,-0.08706459944610435,0.36965810608196614,0.37977277399626314,2.5,2.6416852970191362,10931.780731052337,9.105447457206237,3.9561681350712137,9.927761062238371,2.5,2.323063490868503,1252101.3998175808,-0.3083619877100647,3.098897141225796,3.1142014397533626,0.75,1.8548026191067202,768256.589315007,7.270074892993036,3.0468601055704916,7.882724494275108,1.75,3.169072794784708,742674.0267692428,2.2200095622062856,3.956168135071229,4.536486390284921,2.5,2.323063490868497,1252101.3998175904,0.30451285728993815,3.098897141225796,3.1138226622838197,0.75,1.8548026191067228,768256.5893150069,0.2827209079930808,3.0468601055705036,3.059948956230076,1.75,3.169072794784702,742674.0267692489,-0.7462382593685415,1.7726746963250701,1.923342694045076,0.75,1.6910460926041029,251390.11372247458,-0.194716667555004,2.695974763586295,2.7029973189993934,1.75,2.120889001919904,581464.4478545602,-0.4381329502429544,1.30232656217734,1.3740505655328865,2.0,2.0821022626006256,135684.3935628043,9.683522721507977,4.744682199434792,10.783442004832901,0.75,1.9875317280090659,1800968.426482013,3.699256660923612,4.092211045925144,5.51640200563551,1.0,1.389245590865961,1339695.3950758372,6.33834987958969,4.382258785596876,7.705768700138595,0.75,2.2390146080401996,1536335.4339888536,2.7593892815080276,4.744682199434796,5.488737412241071,0.75,1.9875317280090725,1800968.4264820153,1.277594395923619,4.092211045925131,4.2870081274575496,1.0,1.3892455908659627,1339695.3950758283,-0.38602253041026346,4.382258785596874,4.399227825189932,0.75,2.239014608040201,1536335.4339888527,-0.501403255794788,1.3958254335795925,1.4831499809356001,1.0,1.7897164631431635,155866.5163085551,-0.11914072014111687,2.8545249822492273,2.857010217951748,1.75,2.3212157875120667,651868.2946919821,-0.4045998682388226,1.5867033294204012,1.6374762621096706,1.75,1.750402468094514,201410.64772355702,4.0,CIPN_14_3,CIPN_14,neuro,gait_full,4.0,0.5
8.940312123740574,1.255475461519839,9.028034088569953,1.5,1.9939772596737606,126098.85204921829,-0.7080758715214464,1.3064818323763439,1.4860236263802487,0.75,1.568559170617992,136551.59999826475,2.5984057757223193,2.6049765332450443,3.6793498493707384,0.25,0.8425714291183624,542875.7539699824,-0.00916549874061829,1.2554754615198331,1.2555089170713216,1.5,1.993977259673752,126098.85204921715,0.25456447652144776,1.3064818323763445,1.3310514081116813,0.75,1.5685591706179933,136551.59999826492,-0.9435192492776571,2.6049765332450354,2.77058320801141,0.25,0.8425714291183602,542875.7539699788,-0.022368936402204845,0.23966162952336537,0.24070327372422817,0.75,2.501280823271735,4595.145653021527,0.21010543154325304,0.4545371817842125,0.5007477828091812,0.25,1.0787173065977256,16528.33593436469,0.021672788659276892,0.20722624548512783,0.2083564891865193,0.75,2.5166811232618604,3435.5175057883184,9.814219621794598,1.302704275059816,9.90030025873343,1.75,2.649315173266704,135765.23532867763,0.4912804237968558,0.6197053342077803,0.7908167651558702,5.75,4.747576844443761,30722.870149658098,0.2833276495167221,1.1502663495692598,1.1846464586247076,1.75,2.3936285484344855,105849.26283366774,-0.036126646794665394,1.302704275059812,1.3032051115874803,1.75,2.6493151732666846,135765.23532867682,0.08330599120313918,0.6197053342077825,0.6252796089877847,5.75,4.7475768444437625,30722.870149658323,0.3595268245167231,1.1502663495692613,1.2051440629644545,1.75,2.393628548434483,105849.26283366802,-0.17729661554756745,0.41918427215066767,0.4551368408546017,0.25,1.6076234814498969,14057.271997270618,-0.042634254336597864,0.2361615064501051,0.23997903402510135,1.75,2.810919332454884,4461.838880143424,0.007540507968264645,0.37210581352296723,0.37218220768597826,2.5,2.5957978480804207,11077.033412370127,10.03726650636587,4.783173386773688,11.118698960209066,0.75,2.1860378807984655,1830300.5807862391,-0.44433245298674956,3.0880025921383276,3.119806298126577,0.75,1.6322274578531808,762860.8465431692,6.561833842134272,4.230886580139867,7.807564577112778,4.0,3.0053440887825302,1432032.1542192292,3.15182861136591,4.783173386773703,5.728243294707809,0.75,2.1860378807984695,1830300.5807862512,0.16854239201324656,3.088002592138324,3.092598672145895,0.75,1.6322274578531761,762860.8465431673,-0.4255201428657001,4.230886580139867,4.25223101982854,4.0,3.005344088782528,1432032.15421923,-0.2472430048622379,1.2984904903109264,1.3218194494261382,0.75,2.887630501767944,134886.20427756888,-0.04580189021255095,3.0779505494534254,3.0782913114303665,1.75,2.0255315363967776,757902.4222995455,0.00854710131384543,1.2469701378359037,1.2469994296692208,1.75,2.2967275591846255,124394.76884639902,9.607197547428282,4.570149009167364,10.638820737342341,0.75,2.1639495576141714,1670905.130889573,3.287706108327207,2.6217735473223525,4.20508121065114,1.75,1.760509891077671,549896.2304855348,6.874794486888813,3.919453889464048,7.91359071652001,0.75,2.6989601372090144,1228971.7869709907,2.683064107428329,4.5701490091673715,5.299537241171504,0.75,2.163949557614168,1670905.1308895778,0.8660438433272245,2.621773547322348,2.761110007226115,1.75,1.7605098910776786,549896.230485533,0.15042207688885145,3.919453889464034,3.922339301086827,0.75,2.6989601372090304,1228971.7869709823,0.030105276437693115,0.9367764057679248,0.9372600290596317,2.5,3.046281578254782,70204.02766448032,0.007799336363842233,3.523551118470718,3.5235597503269283,1.75,2.3773834322942733,993247.0514329907,-0.07911199539500738,1.1342910213672088,1.1370465377325791,0.75,2.134200873354133,102929.67677343318,4.0,CIPN_14_3,CIPN_14,neuro,gait_full,4.0,0.5
8.681350475188811,1.0676796770310748,8.746758597663833,1.75,2.301361624133115,91195.78887260875,-0.5880469527376008,1.4014232616344748,1.5197981368833782,2.5,1.8266598750407668,157119.24504675582,3.396644177834345,1.1049493453140609,3.5718489226905894,0.75,1.3682504182618263,97673.16846223254,0.24979614981113055,1.0676796770310721,1.096511746040889,1.75,2.3013616241331016,91195.78887260832,0.13453555773760256,1.401423261634475,1.4078661067537561,2.5,1.8266598750407663,157119.24504675588,-0.1452808471656366,1.1049493453140586,1.1144593219418695,0.75,1.3682504182618298,97673.16846223213,-0.020998205276827768,0.2950685113272349,0.2958147241124389,0.75,1.8295462409563856,6965.257952689445,0.006820078651309713,0.2537611562054375,0.2538527877954672,0.75,2.103939129947164,5151.578015693783,0.029218893916469604,0.22177270156980805,0.22368923738810734,2.5,2.3175875445818193,3934.6593429927166,9.754383596994641,1.4489314316372122,9.861409719249291,1.75,2.2746240529349047,167952.5731438294,0.4941871411994013,0.5886936826856167,0.7686229131120088,5.75,5.0480286199605855,27724.869806796894,0.16127806820974422,1.2046855229589426,1.215433183894667,1.75,2.612642522460103,116102.13249054232,0.023709378005293248,1.4489314316372026,1.4491254011270494,1.75,2.274624052934862,167952.5731438272,0.08039927380059478,0.5886936826856194,0.5941584765545466,5.75,5.048028619960593,27724.86980679713,0.2374772432097472,1.2046855229589466,1.2278691503044499,1.75,2.6126425224600935,116102.13249054307,0.01650231253449279,0.30064494666630215,0.3010975095794878,0.75,2.8032255188604034,7231.00526905134,-0.00033110186634266735,0.24170341769850553,0.2417036444813858,1.75,3.0237415916716497,4673.707399640648,0.018818464786415003,0.42177531238422605,0.4221949179629345,2.5,2.561453189308959,14231.566342561036,11.243522960312761,5.5904162279606195,12.556654098959871,2.5,2.3677100807966878,2500223.172770719,-0.3068879008718957,3.6714741872803254,3.684277797827857,1.75,2.02421890021584,1078391.9248184103,6.0249878099278025,4.953478893754284,7.799835335482909,1.75,3.1449289270893415,1962959.793508015,4.358085065312804,5.5904162279606275,7.08841724493896,2.5,2.3677100807966887,2500223.172770726,0.3059869441280993,3.671474187280318,3.684202860571405,1.75,2.0242189002158453,1078391.9248184059,-0.9623661750721639,4.953478893754284,5.046097680960227,1.75,3.144928927089339,1962959.7935080149,-0.23544075754147953,1.4908528964953929,1.5093292249540549,2.5,3.427405886003431,177811.77513647426,0.2056464171843186,3.6755489505408083,3.6812973985705617,1.75,2.1230765524755877,1080776.8981752184,0.16558019585754125,1.4532194178723985,1.4626221240435326,1.75,2.2257806582594957,168948.5844987591,10.24076552112028,5.109796118683223,11.444793350387593,0.75,2.058988292496151,2088801.3837767066,3.1431185985529884,2.42060853908505,3.9671829078152117,0.75,2.4195780184987634,468747.6799893298,6.399201337594793,4.401362191448113,7.766708884681074,4.25,2.932521500596795,1549759.8737447716,3.316632081120316,5.109796118683214,6.091803077581096,0.75,2.058988292496156,2088801.3837767,0.7214563335530094,2.4206085390850594,2.52583549359717,0.75,2.4195780184987643,468747.6799893336,-0.3251710724051779,4.4013621914481105,4.413357606928997,4.25,2.9325215005967977,1549759.8737447704,0.2455076491421938,0.81614759890466,0.8522739635734325,2.5,4.162354448453689,53287.94740810234,-0.14983674858419563,3.6784990670096454,3.681549461465527,1.75,2.0579472632073252,1082513.9205693018,-0.028261536937119174,0.9882185205797247,0.9886225563311956,1.75,2.18618017865357,78126.26357469158,4.0,CIPN_14_3,CIPN_14,neuro,gait_full,4.0,0.5
8.9809657439699,1.2267860778872677,9.06436703665837,1.75,2.10780859548432,120400.75997805291,-0.4583730263920397,1.435735665253226,1.507130628646343,2.5,1.948904274874763,164907.09440289365,2.87193576310288,0.9659167412608921,3.0300181812057465,1.75,1.8346365402698595,74639.7048198415,-0.04981911896995598,1.226786077887269,1.2277972249166273,1.75,2.107808595484332,120400.75997805317,0.004861631392044346,1.435735665253232,1.43574389636172,2.5,1.9489042748747618,164907.09440289505,-0.6699892618971,0.96591674126089,1.1755342453988644,1.75,1.8346365402698548,74639.70481984118,0.02811142616286947,0.3208752723368816,0.32210431955839774,0.75,2.3340966768068783,8237.029404939236,0.00816076031795372,0.2481022071388734,0.24823638572164947,0.75,2.3495788334753196,4924.388078902727,0.0054342866932944964,0.22879016407063457,0.22885469330414182,2.5,2.635492154307484,4187.645760105553,9.84400160653178,1.5795604144661728,9.969923707448759,1.75,2.309674181212295,199601.33659448256,0.5228923694413865,0.5892311456160824,0.787787898475261,6.0,4.887813514239865,27775.586221891674,0.2718516166807688,1.2481052721326873,1.2773684166352937,1.75,2.471021168669846,124621.35791078475,-0.06590863153182769,1.5795604144661763,1.5809348660393814,1.75,2.309674181212272,199601.33659448347,0.05169404555861012,0.5892311456160828,0.5914943933041605,6.0,4.887813514239872,27775.586221891725,0.3480507916807706,1.248105272132688,1.295726099110079,1.75,2.471021168669841,124621.35791078492,-0.00951932828481331,0.31109237581061877,0.3112379859504449,0.75,2.9535317400159036,7742.307719754493,-0.009430683568570866,0.24815830839666486,0.24833743942238098,1.75,2.7227745624307125,4926.611847129043,-6.0878236848453396e-05,0.4384386527245288,0.4384386569510719,2.5,2.5381185875945023,15378.292031540817,11.027249245196263,5.386802387327191,12.272647060670957,2.5,2.3911482851177097,2321411.4794585407,-0.6940730878491513,3.4259162642160037,3.4955170863115796,1.75,1.6855360565295172,938955.7986304095,6.505543779812085,4.506447870144647,7.913922685835574,1.75,3.0151467649329926,1624646.1131663085,4.14181135019632,5.3868023873272115,6.79501591026314,2.5,2.3911482851177186,2321411.479458558,-0.0811982428491525,3.4259162642160055,3.4268783760240953,1.75,1.6855360565295263,938955.7986304107,-0.4818102051878717,4.506447870144654,4.532131229361576,1.75,3.0151467649329975,1624646.113166314,-0.20545023375244478,1.330319289857058,1.346090342998835,1.75,3.494340175231692,141579.96088934678,-0.2583322747873131,3.7056029477727552,3.714596717106572,1.75,2.1087791650650414,1098525.311547883,-0.03235759856151719,1.4397256081614105,1.4400891781346083,1.75,2.265772899547718,165825.0994443661,11.086448508997329,5.5811254704452065,12.412022480623424,0.75,2.2431117537885314,2491919.5450797677,2.9208307950056662,2.5593976213385665,3.883525295033746,0.75,2.462596972215093,524041.8309196215,5.997264917997818,4.993453803534908,7.803958443295595,4.25,2.9025546476924537,1994766.5040935823,4.162315068997359,5.581125470445202,6.9623148629212865,0.75,2.2431117537885275,2491919.545079764,0.4991685300056838,2.559397621338572,2.6076206406342113,0.75,2.46259697221509,524041.8309196235,-0.7271074920021509,4.993453803534898,5.046113969478176,4.25,2.902554647692447,1994766.5040935748,0.20353463525509205,0.8934411044529961,0.9163314656141701,2.5,4.489669401907362,63859.11664792952,-0.025578637875617042,3.828780021913309,3.828865461584939,1.75,2.1989651583366303,1172767.5435654128,-0.10353751049996393,1.043225458515067,1.0483507873677123,1.75,2.2577100882049765,87065.92455645921,4.0,CIPN_14_3,CIPN_14,neuro,gait_full,4.0,0.5
9.280460247779514,1.2161155031215924,9.359801244019474,1.75,2.282142542743077,118315.74952560759,-0.7658828619582577,1.4771947258904312,1.6639353402220525,2.5,1.7421586708355945,174568.79408316742,2.583481307144287,0.9141265979924547,2.7404384870894676,1.75,2.456534582611159,66851.86547795421,-0.3493136227795654,1.2161155031215838,1.2652892649477616,1.75,2.2821425427430957,118315.7495256059,0.31237146695826273,1.4771947258904405,1.5098609841863555,2.5,1.7421586708355912,174568.79408316957,-0.95844371785569,0.9141265979924548,1.3244779339250226,1.75,2.456534582611138,66851.86547795426,0.046383305550133896,0.36110935770416824,0.36407606245848406,0.75,1.613000655387366,10432.004112276863,0.023576827152520772,0.2316391390165249,0.23283590252127526,1.75,2.9316969011197913,4292.536661298782,0.032289181124469477,0.2519604366998232,0.2540209693699605,2.5,2.027279207816335,5078.741820507537,9.855931703644032,1.4187020352604733,9.957515011876596,1.75,2.411753746751933,161018.71403911273,0.5531854695946,0.703208947730845,0.8947161493676754,5.75,4.347532282178679,39560.35560715236,0.38464959539227406,1.2148623635593265,1.2743021123848117,1.75,2.4651449487191766,118071.75053870637,-0.07783872864408574,1.4187020352604836,1.4208357866161614,1.75,2.411753746751953,161018.714039115,0.02140094540539671,0.7032089477308463,0.7035345227016006,5.75,4.3475322821786895,39560.35560715251,0.46084877039227296,1.2148623635593248,1.2993352729626866,1.75,2.4651449487191797,118071.75053870602,0.0261935148152911,0.31842582456401214,0.3195013395396801,0.75,2.9411411318870635,8111.639408234159,-0.005806215467043224,0.22294175818246872,0.22301735286640834,1.75,2.7513625807855604,3976.264253192191,0.013562577975772747,0.41001767486660495,0.41024192523968817,2.5,2.6979581098796235,13449.275319941742,10.584632933986676,5.145013415940028,11.768840953867896,0.75,2.3835758268759912,2117695.421341033,-0.3618047504109987,3.042495051365827,3.0639319207524034,0.75,1.8406711919322063,740546.0057383898,6.454315852934186,4.214015891000998,7.708185458267495,1.75,2.9914345052049263,1420634.466999121,3.6991950389867374,5.145013415940049,6.336813630419249,0.75,2.3835758268760023,2117695.4213410513,0.2510700945889976,3.0424950513658375,3.052836767660947,0.75,1.8406711919322027,740546.0057383948,-0.5330381320657773,4.214015891001008,4.2475945639673744,1.75,2.9914345052049174,1420634.466999128,-0.12355960375334522,1.2641676015233307,1.2701915998859914,1.75,3.3081117131137523,127849.71645255575,-0.09839417457160428,3.2876691274709433,3.2891411805082464,1.75,1.9160908318651084,864702.091637601,0.050405085527247505,1.3929071108932087,1.3938188161392695,1.75,2.3104256853606535,155215.750498983,10.097323757788077,5.190847441991799,11.353450763341705,0.75,2.176634970452255,2155594.4715691446,2.8886015529178635,2.112088049251157,3.578398365094229,0.75,2.0451004163242232,356873.30928764434,6.408586400186858,4.180295916138417,7.651460879802202,1.75,2.989595527365222,1397994.0163788507,3.1731903177881136,5.190847441991793,6.083916005249988,0.75,2.176634970452246,2155594.4715691404,0.46693928791787664,2.112088049251157,2.1630876603574833,0.75,2.045100416324213,356873.3092876444,-0.31578600981310945,4.180295916138405,4.192206429850171,1.75,2.9895955273652235,1397994.0163788432,0.24793816987857972,0.8654048482862221,0.900221576902064,0.75,4.259804213288713,59914.70856792634,0.07245111564559842,3.7351411223395394,3.735843729059095,1.75,2.432526237724136,1116114.965029154,-0.04605696563199424,1.1217295686204571,1.1226746942906762,1.75,2.783554150146172,100664.20505430133,4.0,CIPN_14_3,CIPN_14,neuro,gait_full,4.0,0.5
9.295227272750918,1.2916385263190557,9.384539420491775,1.75,2.0757236931207315,133466.52424228904,-0.5687825600467384,1.5210157867253549,1.623885040291052,0.75,1.3859218039815375,185079.21037053192,2.269032607157132,1.0854065032385003,2.51527657517314,1.75,1.8411138719246993,94249.10832738009,0.18172813224904008,1.291638526319045,1.304360071729566,1.75,2.07572369312073,133466.5242422868,0.3816617150467391,1.521015786725355,1.5681692154229305,0.75,1.3859218039815342,185079.21037053195,0.33695801215714255,1.0854065032384956,1.1365069200094258,1.75,1.8411138719246998,94249.10832737926,-0.041064877494928084,0.3215857387823592,0.3241970258220596,0.75,1.5036352960301447,8273.392581929491,0.01229463379398354,0.334470360481829,0.33469625044355183,1.75,2.4730894618510098,8949.705820939262,-0.014746648022421475,0.22596237986303888,0.22644306291265684,0.75,1.8881003313210432,4084.7208815431454,9.785516641146968,1.5781258581268856,9.911953246371421,1.75,2.4542021738012156,199238.93726990395,0.4981146517471548,0.6356752081841919,0.8075897328379089,4.25,4.128154212265669,32326.67627894426,-0.02043314176804766,1.2507304310377405,1.2508973276837572,1.75,2.483755804790247,125146.3929713773,-0.03546555114700928,1.5781258581268958,1.5785243201822747,1.75,2.45420217380123,199238.9372699066,0.06487143825284244,0.6356752081841919,0.6389767396400341,4.25,4.128154212265665,32326.67627894426,0.2595099232319511,1.25073043103774,1.2773691758374726,1.75,2.483755804790244,125146.3929713772,-0.01519460157224831,0.26526201303205155,0.26569684129615784,0.75,3.343703224253033,5629.157490237075,0.0073524197856955605,0.2664853860986247,0.2665867946482687,1.75,2.4379012089510037,5681.163218655439,0.0017700173662278983,0.4376953036046525,0.43769888251975886,2.5,2.615093751974123,15326.182518956708,9.800506966825221,4.965504507660848,10.98663605579023,1.0,2.289645017508937,1972509.2377966382,-0.870056113120578,3.382068416051528,3.492189057143354,0.75,1.5444832319288357,915071.6244373884,7.189992513401654,4.091709365198485,8.272730980276396,4.25,2.9126888496377066,1339366.9615611953,2.991371251825252,4.9655045076608495,5.796942037130162,1.0,2.2896450175089424,1972509.2377966393,-0.06041228812058211,3.382068416051527,3.3826079310805808,0.75,1.544483231928826,915071.6244373876,0.14623102840167884,4.09170936519849,4.094321560761983,4.25,2.912688849637703,1339366.961561199,-0.1697607192268647,1.0996063480495941,1.1126332830107983,0.75,2.947481435953534,96732.47055103436,-0.1136578346320137,3.249854683363315,3.251841565382869,1.75,2.0649539039677056,844927.5485572072,0.11144272455415098,1.4828774013508068,1.4870591340941939,1.75,2.359530553626254,175916.48568061995,10.444690071550799,5.2015873543931015,11.66825015570604,0.75,1.9844348632992876,2164520.8819165323,1.929238287609951,2.160397585683738,2.896425054892376,0.75,1.7545115019562278,373385.4261302726,6.501535086009531,4.397165821967607,7.848886910925206,4.25,2.7959778766803463,1546805.382591528,3.371101281550833,5.201587354393094,6.198454231165687,0.75,1.9844348632992974,2164520.881916526,0.20364457260995728,2.160397585683738,2.169974386987463,0.75,1.7545115019562219,373385.4261302725,-0.3016508639904331,4.397165821967616,4.40750048322474,4.25,2.795977876680343,1546805.382591534,0.09300683036987038,0.6109349280152951,0.6179739126892847,2.5,4.558287473512888,29859.32632380557,-0.06700182445380878,3.660894667330349,3.6615077508818583,1.75,2.0362132426027584,1072172.0262208441,-0.06440120452526885,0.9907413876954252,0.9928323183886402,1.75,2.160317911983616,78525.47981231088,4.0,CIPN_14_4,CIPN_14,neuro,gait_full,4.0,0.5
9.351139553989057,1.5762853264403978,9.483063133214394,1.75,2.0662840642715845,198774.22240480388,-0.7022817227770343,1.5728834666997795,1.7225452150710574,0.75,1.817689118965932,197918.68075685317,2.424718022532218,1.131037246866062,2.675537841741527,1.75,1.7639460989590974,102339.63204297905,0.12581585101089587,1.5762853264403893,1.5812985356082767,1.75,2.0662840642715965,198774.22240480172,0.515160877777034,1.5728834666997806,1.655099129904165,0.75,1.8176891189659363,197918.68075685354,0.49264342753223145,1.1310372468660632,1.233670458627047,1.75,1.7639460989591067,102339.63204297925,0.024167692860133993,0.33965359950525237,0.3405123272879502,0.75,1.4326491653960414,9229.167845009364,0.028319180945120304,0.2864599134973523,0.2878563149390908,1.75,2.718365742914249,6564.761907768077,-0.03462976345852224,0.23476118513343355,0.23730156881581602,0.75,2.338224970361746,4409.056941111142,9.802518087291164,1.8512675784714525,9.975798338918544,1.75,2.3244731616855945,274175.3800059695,0.5785629265113579,0.6491328839018534,0.8695450309766161,6.0,4.8457816736029455,33709.88030653008,0.03210841349966469,1.317487031281011,1.3178782295079912,1.75,2.802762648506261,138861.77599629745,-0.05246699729121083,1.8512675784714718,1.8520109159787324,1.75,2.3244731616856056,274175.3800059752,-0.015576836511360414,0.6491328839018558,0.6493197508149908,6.0,4.845781673602935,33709.88030653033,0.31205147849966325,1.3174870312810076,1.353938035076742,1.75,2.8027626485062616,138861.77599629675,-0.04355379157615392,0.319787936652371,0.32274023174844485,0.75,3.2045166194167574,8181.145955790101,-0.004475532796207569,0.30456817850845763,0.3046010600010604,1.75,2.493355091687123,7420.94745532477,-0.028233820335885992,0.5053285472008506,0.506116675507616,2.5,2.649311872386829,20428.624107915064,10.881327486638043,5.2816177414619405,12.095403004381048,0.75,2.416949343549627,2231647.9145073327,-0.22468836105808257,3.552082651873589,3.559181932036669,1.75,1.611783087599231,1009384.6208963608,6.621797196120257,4.6147358279813115,8.071182371164738,1.75,3.213738435340975,1703663.321240925,4.072191771638089,5.2816177414619485,6.669200236304393,0.75,2.4169493435496294,2231647.91450734,0.5849554639419147,3.552082651873584,3.5999255631938794,1.75,1.6117830875992234,1009384.6208963578,-0.42196428887970966,4.614735827981317,4.633987551034656,1.75,3.213738435340986,1703663.3212409292,-0.16626622696468094,1.2687587844199446,1.2796067017923305,1.75,2.75077523678805,128780.05943128002,-0.3657360440501807,3.564926954405734,3.583638799344322,1.75,2.14880841783847,1016701.5019477522,0.05059760891243596,1.537263299455893,1.5380957609595296,1.75,2.3431881246242776,189055.08708992545,11.914757337714287,6.018199874610536,13.348414593028592,1.75,2.091906170721537,2897499.4969352884,2.184186756833205,2.717692880067029,3.486621054702185,1.75,1.9177822147678754,590868.9892306179,6.165886573800756,5.196498378600144,8.063606676901493,1.75,3.011635632745738,2160289.675124052,4.841168547714327,6.018199874610557,7.723706534957228,1.75,2.0919061707215394,2897499.4969353094,0.4585930418332152,2.7176928800670273,2.7561135985994576,1.75,1.917782214767874,590868.989230617,-0.6372993761991996,5.196498378600139,5.2354317771983006,1.75,3.0116356327457394,2160289.6751240473,0.1626907474045759,0.7472538558268527,0.7647591806177669,1.0,4.742060258756843,44671.08689457158,0.2653518276594641,4.221432676938273,4.229764229642646,1.75,2.074375743164935,1425639.6492620562,-0.1793655056934758,1.1836276343447758,1.197140911262031,1.75,2.348587790321585,112077.95274430368,4.0,CIPN_14_4,CIPN_14,neuro,gait_full,4.0,0.5
9.245012052688551,1.5590365259444772,9.375544930487273,1.75,2.0420318534116637,194447.77525602872,-0.47001675320425007,1.4058882426315302,1.4823756268443693,2.5,1.9088068572782144,158121.75371520827,2.903512601752891,1.0099922276794364,3.074161630186467,1.75,2.09840096788136,81606.7698841116,0.23194335231140242,1.5590365259444776,1.5761956121974445,1.75,2.042031853411665,194447.77525602886,0.2828959082042505,1.4058882426315318,1.4340682848624344,2.5,1.9088068572782118,158121.75371520856,0.9714380067529014,1.009992227679435,1.4013479585516646,1.75,2.0984009678813704,81606.76988411142,0.013742940533844868,0.3124545997577772,0.31275668709766946,1.0,1.7204885802398706,7810.247627308634,0.037902103544665014,0.2184413659395636,0.2217052092456396,1.75,3.4087445242469188,3817.3551637580535,0.0014205758403387026,0.2062823811048332,0.2062872724866898,2.5,2.337395174947931,3404.1955512950103,9.867842736811669,1.7162757410277838,10.015983361492134,1.75,2.3010015499698913,235648.32021901972,0.5386176295131448,0.6326411573014565,0.8308692946150349,7.75,5.200687423751649,32018.78903891656,0.013627779402770707,1.2787109729570523,1.2787835894834676,1.75,2.8257313242701576,130808.19238927032,-0.11779164681171485,1.7162757410277887,1.7203131375709195,1.75,2.301001549969891,235648.32021902115,0.02436846048685282,0.6326411573014575,0.633110303010642,7.75,5.200687423751642,32018.789038916657,0.29357084440276826,1.2787109729570516,1.3119777410627531,1.75,2.8257313242701594,130808.19238927022,0.008389213875152119,0.33537853345915375,0.3354834416400544,1.0,3.138075699363003,8998.306765984154,-0.00931138612501193,0.2983861953076014,0.2985314446783038,1.75,2.438568930360279,7122.7459840402935,0.004926356335062707,0.5040637144573036,0.5040877872149196,2.5,2.6037054084841973,20326.424111623583,11.454447006679947,5.511095635778777,12.711275755624968,1.75,2.580282091579253,2429783.863876648,0.1768875208416075,3.882298325423018,3.88632596196097,1.75,1.6393267827943705,1205779.2286090269,6.191812922887303,5.170579007351999,8.066810679773228,1.75,3.2553209001890937,2138791.544545021,4.645311291680014,5.511095635778792,7.207710600690755,1.75,2.5802820915792477,2429783.8638766604,0.9865313458415994,3.8822983254230174,4.005681513039997,1.75,1.6393267827943674,1205779.2286090264,-0.8519485621126526,5.170579007352001,5.240296138936713,1.75,3.2553209001891013,2138791.5445450223,-0.10143011498551573,1.4497464807309293,1.453290379317805,1.75,3.2926184635142794,168142.48943861737,-0.09546439117849552,3.512609524543438,3.513906532891329,1.75,2.2560363748178505,987076.5492746959,0.12262420967830188,1.5472767556703737,1.5521282342116793,1.75,2.70914584029975,191526.22846249462,11.131790557327761,5.680955248673289,12.497600311645435,0.75,2.112964416824831,2581860.5979446913,2.7266128496938324,2.4868716214752413,3.690385900392317,1.75,1.953119293537721,494762.56243547885,6.544134883594563,4.651464365989784,8.028811999464924,1.75,2.9141494042921074,1730889.8366686983,4.058201767327811,5.680955248673321,6.981565305987729,0.75,2.112964416824836,2581860.597944721,1.0010191346938415,2.486871621475238,2.6807778292357773,1.75,1.9531192935377268,494762.5624354776,-0.2590510664053968,4.65146436598976,4.658672364856569,1.75,2.91414940429211,1730889.8366686811,0.24516871391631184,0.7046412191353671,0.746074356876012,2.5,4.59734209695985,39721.541210326715,-0.0876735340663926,4.18544781305741,4.186365971150008,1.75,2.1153977839397897,1401442.3479233652,-0.007778305038225972,1.129426341828109,1.1294531259173584,1.75,2.473622413778397,102048.59360793118,4.0,CIPN_14_4,CIPN_14,neuro,gait_full,4.0,0.5
9.325556870653292,1.360264861392065,9.424241690498329,1.75,1.9529069061792137,148025.64793935543,-0.00036236523193679206,1.346621272435359,1.34662132119018,0.75,1.8964241198390546,145071.59362766964,0.5768676507798208,2.9089639352077405,2.9656108077182908,0.25,0.5552391444595979,676969.7451453353,0.15139853434667208,1.3602648613920625,1.3686643157985405,1.75,1.9529069061792128,148025.6479393549,-0.18675847976806167,1.3466212724353581,1.359510051871887,0.75,1.8964241198390552,145071.59362766953,-1.3552069442201757,2.908963935207745,3.2091520746144018,0.25,0.555239144459592,676969.7451453377,-0.7649920651475264,0.9697212056273513,1.235140508760862,0.25,0.489572631300872,75228.78563601403,-0.034888723002935586,0.2913870583843126,0.29346829605025204,0.25,1.691268540330977,6792.516377372269,0.14454772882049605,0.28514629532296615,0.3196911879354448,0.25,1.8236450153848014,6504.70527356547,9.816158541347292,1.4496656425674999,9.922625609389181,1.75,2.289972838706073,168122.49408922237,0.3752747121160911,0.9987615475627576,1.0669375513326773,6.25,3.774044488713162,79802.02293435251,0.19918808197462945,1.1355090259821368,1.1528471885239746,1.75,2.6188524526549077,103150.57335841504,-0.066107451347339,1.4496656425675036,1.4511721711651908,1.75,2.2899728387060785,168122.49408922327,0.1877113778839066,0.9987615475627596,1.016248094845463,6.25,3.77404448871315,79802.02293435283,0.4791311469746277,1.1355090259821383,1.2324558426524364,1.75,2.618852452654904,103150.57335841533,-0.6606704740440401,0.9769136492074489,1.1793412369969056,0.25,0.7036064178977123,76348.9315764477,-0.04641051852643049,0.32459206732194124,0.3278931935832517,1.75,2.340566744166143,8428.816623057675,-0.026263289334942607,0.4617999101314797,0.4625461245801694,2.5,2.916853168762406,17060.800362507653,10.159232135204471,4.922312985562405,11.288895548493993,0.75,2.501528610884799,1938346.6582004076,0.28707328312302605,3.999459187422475,4.009748728005419,1.75,1.8326554832103503,1279654.6554227557,6.8920707041487335,4.368140407853218,8.159735854407622,1.75,3.107091002732409,1526452.1828899411,3.3500964202045207,4.922312985562411,5.954184339815446,0.75,2.5015286108847907,1938346.6582004128,1.0967171081230207,3.99945918742248,4.147102869125361,1.75,1.8326554832103492,1279654.655422759,-0.15169078085122378,4.368140407853212,4.370773468817079,1.75,3.1070910027324077,1526452.1828899372,-0.8015615166989667,2.10214904987955,2.2497847659192294,1.0,1.8856533307152725,353522.5080425888,0.30588192021479604,3.047657184926133,3.0629688320232993,1.75,2.2525654471491974,743062.5335157763,-0.2026495760088319,1.5613752204402138,1.5744711587264104,1.75,2.407732324211159,195032.56177597,10.264780674435558,5.0677371418968455,11.447605952059433,0.75,2.045321096124686,2054565.9398827883,3.241538441366128,3.5387033499995435,4.798957477010224,0.75,1.6107364557697406,1001793.8879267129,6.238919378009855,4.4193017864431425,7.645544014978033,1.75,2.482245844107862,1562419.1795156498,3.191191884435609,5.067737141896875,5.988794985858909,0.75,2.045321096124707,2054565.9398828123,1.515944726366139,3.5387033499995426,3.8497415254397658,0.75,1.610736455769733,1001793.8879267127,-0.564266571990117,4.4193017864431425,4.45517957482356,1.75,2.4822458441078608,1562419.1795156493,-0.2970439787768954,1.2951971577872703,1.3288230893794073,0.25,1.9207523938753475,134203.3245122745,-0.12292702373587741,3.463325908512251,3.4655068030140654,1.75,2.0912820657304874,959573.1807190528,-0.20265133452138737,1.5048863857830006,1.5184698210693293,1.75,1.884835319402599,181175.23537751538,4.0,CIPN_14_4,CIPN_14,neuro,gait_full,4.0,0.5
9.255534302575137,1.3269711178613457,9.350174734933205,1.75,1.9513176681468936,140868.46071975617,-0.09676241622626498,1.277765744665859,1.2814243104590461,0.75,1.6816017350205064,130615.21745158239,0.42419726036713556,3.269290478056463,3.2966958527613133,0.25,0.3753103723773876,855060.8488966208,0.22142110242481153,1.3269711178613437,1.3453176770700677,1.75,1.9513176681468885,140868.46071975576,-0.09035842877373355,1.2777657446658581,1.2809566518395354,0.75,1.681601735020508,130615.21745158221,-1.5078773346328596,3.26929047805647,3.6002714184086457,0.25,0.3753103723773862,855060.8488966244,-0.7720437509544574,0.9525942117805976,1.2261677233175428,0.25,0.46386134985727273,72594.92032401545,0.12493393133450793,0.4929233322241834,0.508509487275988,0.25,0.8656537132567588,19437.878989136,0.12182893906561656,0.2874008688848415,0.3121562907096629,0.25,1.4795690997948931,6607.943570593232,9.847866129189736,1.4105731075985308,9.948375937323771,1.75,2.569458430916072,159177.7460983463,0.41415267333949485,1.0092055040604544,1.0908795470904047,0.75,3.54947312067055,81479.67564737496,0.14677782900350292,1.1562317542375224,1.1655108753650305,1.75,2.3202407379254204,106949.858718146,-0.09781503918978181,1.410573107598536,1.4139604922952727,1.75,2.569458430916102,159177.7460983474,0.14883341666050243,1.0092055040604568,1.020121137581591,0.75,3.549473120670539,81479.67564737532,0.4267208940035034,1.1562317542375227,1.232462003830677,1.75,2.3202407379254155,106949.85871814605,-0.80714432231722,0.9002377891570285,1.2090947167510322,0.25,0.5957681775424739,64834.26210431099,-0.08111458556870325,0.3182906032816566,0.3284638246890872,1.75,2.202879992925203,8104.713215231934,-0.06251989158842058,0.40388319564434266,0.40869349464863547,2.5,3.023534694909431,13049.774256973482,8.996400022748569,3.8443109313491535,9.783350137156548,2.5,2.447079169386727,1182298.158972158,-0.3280831091098299,3.6195919631328883,3.6344304238847887,0.75,1.855028104016559,1048122.1868207441,7.316171842594659,3.222501040325964,7.994428271319772,1.75,3.0612247527911545,830767.1580915469,2.187264307748598,3.844310931349152,4.422991260317111,2.5,2.4470791693867207,1182298.1589721567,0.48156071589016647,3.619591963132894,3.651485547371766,0.75,1.8550281040165535,1048122.1868207477,0.2724103575947006,3.2225010403259713,3.2339944894552373,1.75,3.0612247527911727,830767.1580915507,-0.7869142334593114,1.9433130527755205,2.096592385731802,0.75,1.5995242455455874,302117.3462835002,-0.18696282859673016,2.6272515461210237,2.6338955533339203,1.75,2.13263847633849,552199.2367854138,-0.40718734849851307,1.2945451565403285,1.3570735791029434,2.5,2.3423934889153526,134067.83847893387,10.344980256858946,5.111162545401299,11.538743392601923,0.75,1.8272279282694068,2089919.0181161822,3.2203451998163555,3.7990037772918246,4.980266348887155,1.0,1.5815556819362824,1154594.438486295,5.929496995475112,4.7059837475276405,7.570020980905052,0.75,2.3426369409213113,1771702.8294224122,3.2713914668589994,5.111162545401322,6.068441702360763,0.75,1.827227928269409,2089919.0181162008,1.4947514848163679,3.7990037772918277,4.08248842022097,1.0,1.581555681936276,1154594.4384862965,-0.873688954524861,4.705983747527657,4.786399003557183,0.75,2.3426369409213126,1771702.8294224243,-0.5702474927091359,1.4880903704920991,1.593610728406523,0.25,2.227241670090572,177153.06373036018,0.025137998500161594,3.155973062695441,3.1560731758670992,1.75,2.4041395224544777,796816.958625166,-0.3853514801832929,1.5195760451565348,1.5676757063541649,1.75,2.0079886002070597,184729.26029759017,4.0,CIPN_14_4,CIPN_14,neuro,gait_full,4.0,0.5
8.985031269102272,1.3000496277929865,9.07859658435544,1.75,2.1393389917033154,135211.48851800218,-0.5078458735635213,1.2696699122802007,1.3674681412907246,2.5,1.719897733904452,128964.93859537823,2.6690286919686472,2.0113578703171258,3.3420464749967964,0.25,1.288065852013065,323649.3355586082,0.4919241358976656,1.300049627792995,1.390006615165327,1.75,2.1393389917033163,135211.4885180039,0.32072502856352253,1.2696699122802044,1.3095519195880299,2.5,1.7198977339044543,128964.93859537899,0.7369540969686571,2.011357870317126,2.1421162021527995,0.25,1.288065852013052,323649.33555860847,-0.014931351876638575,0.306350214158897,0.30671387152208496,0.75,1.8497770290849784,7508.100580183673,0.18025177219224411,0.4257634898392141,0.4623475431518061,0.25,1.0282778956372076,14501.980386092295,-0.013568435811358132,0.19040861476977616,0.19089144304790606,0.75,2.260082425211804,2900.4429078297076,9.76094272821044,1.6147371655050473,9.893602936092973,1.75,2.4313212443648595,208591.53978725677,0.5236966119972276,0.6374571333913088,0.8249907504504761,4.25,4.526375935167507,32508.214501709914,0.09587957173460843,1.264437163696858,1.2680671248848647,1.75,2.515944426368236,127904.63871324957,-0.010891638210479363,1.614737165505047,1.6147738979331385,1.75,2.4313212443648378,208591.53978725674,0.0392894780027699,0.6374571333913086,0.6386667832236109,4.25,4.526375935167496,32508.214501709892,0.3758226367346092,1.2644371636968592,1.3191072720669508,1.75,2.5159444263682382,127904.63871324979,-0.10944549221325844,0.3839847042222314,0.3992775586511681,0.75,1.728886945167534,11795.596619524722,-0.017571076535525386,0.2783952094355575,0.27894916269328573,1.75,2.358481126212891,6200.3117225051365,0.0002612869369389248,0.4183852616083926,0.41838534319689846,2.5,2.6003205856304685,14003.705263089218,10.393779201182147,5.142736874189903,11.596481735426446,0.75,2.09668135270701,2115819.406196818,-0.5986253160727284,3.575343970558396,3.6251119674916863,1.75,1.689148434105038,1022646.8517385101,6.347850758624479,4.9442430762453,8.046163610738285,1.75,2.8480438329404083,1955643.5490552646,3.5846434861821788,5.142736874189898,6.268764749149613,0.75,2.0966813527069963,2115819.406196814,0.21101850892726476,3.5753439705583974,3.5815657635897415,1.75,1.689148434105035,1022646.851738511,-0.6959107263754758,4.944243076245312,4.992978203045167,1.75,2.8480438329404225,1955643.5490552732,-0.1557948497588387,1.0531693187332225,1.0646302875328972,1.75,2.7938977265077667,88733.25056374684,-0.08025585746594953,3.110989758354644,3.112024787697727,1.75,2.0413972314412523,774260.865179962,0.08224497104125575,1.3781644312327108,1.3806163242467322,1.75,2.3205791601824743,151946.97872222925,10.44025173271093,5.179548811800725,11.6544661883846,0.75,2.418781122862847,2146252.2232938996,3.0684857392772074,2.327699231132664,3.851465752510748,1.75,1.835734845531118,433454.8003770798,6.664192274920179,4.396791310568569,7.983935903161866,0.75,2.609824229507774,1546542.5272580225,3.366662942710964,5.179548811800715,6.177551720839692,0.75,2.4187811228628324,2146252.2232938902,1.342892024277215,2.3276992311326645,2.6872928198249917,1.75,1.8357348455311135,433454.80037708004,-0.13899367507977692,4.396791310568577,4.398987732467951,0.75,2.6098242295077654,1546542.5272580278,-0.06108552498843503,1.146916138843129,1.148541714915895,1.0,3.3198521697519343,105234.53051871124,0.17097528734270914,3.726132247837935,3.7300528249958744,1.75,2.3382201284646866,1110737.9560111396,-0.1798051632362134,1.1460276505321914,1.1600470992639635,1.75,3.306847892061306,105074.0532998162,4.0,CIPN_14_4,CIPN_14,neuro,gait_full,4.0,0.5
9.08779755113797,1.2280178468189866,9.170392148789233,1.75,1.9606508011971668,120642.30660346664,-0.41228649159704667,1.3397575597828801,1.4017597761916198,2.5,2.2774976351629337,143598.44835143225,2.8630734739410344,1.149451380591701,3.085195000891994,1.75,1.7461630430880681,105699.07811936362,0.3891578538619829,1.228017846818989,1.2882048235154264,1.75,1.9606508011971708,120642.30660346718,0.22516564659705068,1.3397575597828795,1.358546976516765,2.5,2.2774976351629395,143598.4483514321,0.9309988789410414,1.1494513805916988,1.479188084367109,1.75,1.746163043088075,105699.07811936323,-0.02892655743790538,0.35515521613111894,0.35633126900449,0.75,1.7645465269667155,10090.86433772306,0.030175559364442595,0.24900792679347372,0.25082964734843644,1.75,2.6453102031683144,4960.397320491539,0.013953515879550698,0.21488636401240496,0.21533891901807417,2.5,2.3173036405560135,3694.100363937058,9.786752718687872,1.722818838293035,9.937234702185604,1.75,2.191284058811252,237448.57401249328,0.4994242596815645,0.6550234252212463,0.8236991433448577,4.25,4.751554224933801,34324.45500862542,0.1314348744830958,1.3445914075346652,1.3510000664124482,1.75,2.7509832457267276,144634.1893712886,-0.03670162868791564,1.7228188382930405,1.72320972580987,1.75,2.191284058811239,237448.5740124947,0.0635618303184323,0.6550234252212458,0.6581001396915231,4.25,4.751554224933798,34324.455008625366,0.4113779394830944,1.3445914075346677,1.406114455622093,1.75,2.75098324572673,144634.18937128913,0.02938044007499139,0.27759087056808845,0.2791413650495917,0.75,3.255978784031351,6164.559296995596,-0.010408472021040447,0.2658118380232323,0.2660155437622055,1.75,2.7095716835621864,5652.4902965581105,0.03460210828208859,0.49211154163562865,0.49332654024343797,2.5,2.553059887281228,19373.945436729566,11.702735123909731,5.844504614956431,13.080987866924941,1.75,2.3333626983236764,2732658.998918022,-0.09382105550452575,3.9601042830653594,3.9612155108260128,1.75,1.8929545036600726,1254600.4585206045,5.9035010413913485,5.554206663697047,8.105586728224269,1.75,3.094345559124465,2467942.934900345,4.893599408909782,5.844504614956424,7.622699611629014,1.75,2.3333626983236604,2732658.998918016,0.7158227694954702,3.9601042830653648,4.024279832476963,1.75,1.8929545036600743,1254600.4585206078,-1.1402604436086097,5.554206663697056,5.670044580275829,1.75,3.094345559124475,2467942.9349003537,-0.17575976235390403,1.210801567708019,1.2234916961005078,1.75,2.794832768723707,117283.39375863678,0.19346186149604827,3.6317852877749814,3.6369344052859027,1.75,2.066344266768301,1055191.3256839237,0.23042044428389624,1.6242326034621892,1.6404953920366705,1.75,2.382116403911927,211050.61897834257,11.013281794062973,5.66181111029836,12.383395371388934,0.75,2.122768990231374,2564502.072556103,2.3797923829477448,2.800895419610175,3.675381196220246,1.0,1.9767880678056509,627603.483073469,6.718131913193833,4.048758212744735,7.84383448756674,4.25,2.9933104367474628,1311397.2078552,3.9396930040630083,5.661811110298351,6.897629014013501,0.75,2.1227689902313664,2564502.072556095,0.6541986679477491,2.800895419610178,2.8762807666738452,1.0,1.9767880678056462,627603.4830734702,-0.08505403680612554,4.048758212744733,4.049651497900152,4.25,2.993310436747449,1311397.2078551995,0.17101787171356211,0.7632360501859432,0.7821613521191622,0.75,3.367135141030452,46602.37534753917,-0.271604778630121,3.956557546076009,3.9658689805874485,1.75,2.09430386230691,1252347.9014969498,-0.01979672048637048,1.0867510795869146,1.0869313773763918,1.75,2.3782720975437517,94482.42730218962,4.0,CIPN_14_4,CIPN_14,neuro,gait_full,4.0,0.5
9.282232708350374,1.2552187504943668,9.366718644411293,1.75,2.004295088874388,126046.17526560454,-0.42814575116406045,1.4669712500427445,1.5281732338618588,2.5,1.772468781802765,172160.37200067943,2.7259946741752414,1.1094670651692489,2.943121494659547,1.75,1.9811707790989974,98473.73899181877,0.19472269664957914,1.255218750494362,1.2702326716720491,1.75,2.0042950888744056,126046.17526560358,0.24102490616406275,1.4669712500427403,1.4866397189108582,2.5,1.7724687818027658,172160.37200067838,0.7939200791752477,1.10946706516925,1.3642676646512222,1.75,1.9811707790989945,98473.73899181896,-0.018869930283016454,0.3774035268152229,0.37787497445776236,0.75,1.8374770179537556,11394.742951938391,0.004131447287955265,0.29948093463575925,0.2995094306812409,1.75,2.5125124899741103,7175.1075323205805,-0.0028266818146918406,0.22653340718262482,0.22655104215132274,2.5,2.3490295145654154,4105.400407608951,9.86433666679737,1.6494720332137998,10.001294709400256,1.75,2.1982663322485188,217660.65618311975,0.5257872951522974,0.6235052305639607,0.8156047157074233,4.25,4.8714635757637215,31100.76320810214,0.11063752424315908,1.3271169066379986,1.3317206710324303,1.75,2.7608116570182326,140899.2524094871,-0.1142855767974146,1.6494720332138046,1.653426497132062,1.75,2.19826633224852,217660.656183121,0.037198794847698634,0.62350523056396,0.6246138990438319,4.25,4.871463575763726,31100.763208102075,0.39058058924315775,1.3271169066380002,1.3833988870090748,1.75,2.760811657018235,140899.25240948738,-0.0011893478290314885,0.2853820445692262,0.2853845228998417,2.5,3.3881323918680013,6515.450300792176,-0.00439117986717187,0.25143785943520125,0.2514762008977825,1.75,2.7560588446618053,5057.68840194002,-0.010147451325422352,0.47491261148820546,0.47502100934479624,2.5,2.5691307660345513,18043.360409605895,11.040264392326637,5.534865353408886,12.349986734116014,2.5,2.3806556247686714,2450779.4513506377,-0.7108771301051777,3.454114278847809,3.526507017637551,1.75,1.6042173734525147,954472.4425855163,6.709025198645677,4.281981006613165,7.959043941143845,1.75,3.130318229284703,1466828.9155192825,4.231128677326687,5.534865353408869,6.966863308868789,2.5,2.380655624768661,2450779.4513506223,0.09876669489481779,3.4541142788478094,3.4555260542153015,1.75,1.6042173734525216,954472.4425855167,-0.334736286354282,4.281981006613169,4.295044787007254,1.75,3.130318229284701,1466828.9155192852,-0.18623588648640685,1.228732473047816,1.2427659859110962,1.75,3.081050230077484,120783.01663686885,-0.10087045594636035,3.704834678729424,3.7062076096191614,1.75,2.162785527792135,1098069.3151150474,0.08039010771884264,1.5890515499020752,1.5910837179938817,1.75,2.517223231373169,202007.45618525182,11.34389768484659,5.839895522951089,12.758855528739716,1.75,2.4901909874788393,2728381.370313636,1.9811720262404873,2.8917922681501436,3.505353779533642,0.75,1.8236545023914892,668997.1399095957,6.143423030416215,4.654132461082083,7.707307927930888,4.25,2.816455624907145,1732876.151449544,4.27030889484663,5.839895522951082,7.234633216438158,1.75,2.49019098747884,2728381.3703136295,0.25557831124049457,2.8917922681501467,2.9030643801523786,0.75,1.8236545023914896,668997.1399095972,-0.6597629195837516,4.65413246108208,4.700663365457647,4.25,2.8164556249071504,1732876.151449541,0.11945887905193579,0.7579421275443241,0.767298307368628,0.75,3.813121951729023,45958.209358661545,-0.09098110414161749,3.8461839627523893,3.847259886808337,1.75,2.3234573264752787,1183453.796166001,-0.09646497660006367,1.059835628764733,1.064216637583527,1.75,2.650049373618457,89861.11782395389,4.0,CIPN_14_4,CIPN_14,neuro,gait_full,4.0,0.5
9.134893836451562,1.4881971231427271,9.255323661578293,1.75,1.8388625010767223,177178.68602997749,-0.5225288450851402,1.370909606133598,1.4671160629395983,0.75,1.6934078629973366,150351.45331361695,2.81786631003867,1.1045131601511218,3.02660203234551,1.75,1.89370396633578,97596.13067233778,-0.41276888145160373,1.4881971231427202,1.5443797547316775,1.75,1.8388625010767186,177178.68602997586,0.32033003008514166,1.3709096061335992,1.407836807433208,0.75,1.693407862997338,150351.45331361715,-1.2140338799613066,1.104513160151122,1.641288391063838,1.75,1.8937039663357877,97596.13067233787,-0.08527029117648328,0.26749175152061616,0.2807540911347318,0.75,1.8423763097873482,5724.157221609769,0.11095781558266225,0.3034723390482385,0.3231208712019159,1.75,2.132285652704834,7367.640971825704,-0.018539536335286804,0.23230827654245104,0.2330468831751485,0.75,2.057146723072466,4317.3708383760695,9.760200911885484,1.7568955462618228,9.917066290029771,1.75,2.3426023025950604,246934.64680047642,0.48819454481657615,0.6782882643499861,0.8357086113853205,1.75,3.8965492562096458,36806.009209382646,0.03575196401774745,1.2888149622370701,1.28931074990371,1.75,2.627955667994201,132883.86150274644,-0.007260776885536923,1.7568955462618165,1.7569105496170225,1.75,2.342602302595056,246934.6468004746,0.01971330018342204,0.6782882643499853,0.6785746707319964,1.75,3.896549256209651,36806.009209382566,0.3046734940177441,1.2888149622370695,1.324337549434856,1.75,2.6279556679941987,132883.8615027463,-0.012422340671772303,0.3039041790493788,0.30415795993437755,0.75,2.7763333237399124,7388.634507204683,-0.013350844014049165,0.2714428550723197,0.2717709855847379,1.75,2.4930708550338685,5894.513107152369,-0.015578435620661815,0.45841053364715106,0.458675162849541,2.5,2.6650329836817397,16811.24414227415,10.297143646535101,5.593079290115891,11.718092985759307,2.75,2.6425914380458795,2502639.9847356,-0.8975674695077339,3.6649028612847387,3.773213530264565,1.75,2.172086863014059,1074540.1413640114,7.199605123128801,4.470949001585675,8.474886365241861,1.75,3.6643606785095804,1599202.4482861632,3.5010356115351224,5.593079290115857,6.598468481303825,2.75,2.642591438045886,2502639.9847355695,-0.07842756450773998,3.664902861284739,3.6657419256581174,1.75,2.172086863014062,1074540.141364012,0.14942789812884252,4.470949001585664,4.473445391587904,1.75,3.6643606785095852,1599202.4482861555,-0.19689053276860632,1.153648237100102,1.1703290720383217,1.75,2.636857420766825,106472.65621294353,0.013838155102743856,3.34582435538112,3.345852972202774,1.75,2.0413390574355184,895563.8158978941,0.24660969856703893,1.5998373658217402,1.6187328193703772,1.75,2.103690351838524,204758.48275036042,10.621715932341084,5.598352081138191,12.006764567181817,0.75,1.9531413409608875,2507323.6948940223,2.6241747929551513,1.9758754406378156,3.28487094128474,0.75,2.1641328066798717,312326.72338553896,6.583908102351188,4.816815941676974,8.157791472953882,1.75,2.663153468341464,1856137.2878186805,3.7033458673411177,5.598352081138175,6.71240021434484,0.75,1.9531413409608958,2507323.6948940074,0.4218543179551661,1.9758754406378187,2.0204070932594536,0.75,2.1641328066798784,312326.72338553995,-0.23086836264878494,4.816815941676969,4.822345489164532,1.75,2.6631534683414593,1856137.287818677,0.16686232002228704,0.5792000510667132,0.6027567776465922,1.0,5.0128272106143195,26837.911136571718,-0.09430805697837101,3.80827974344495,3.8094472845734684,1.75,2.154945251646252,1160240.480067793,-0.08257101000750926,1.035559693692909,1.0388464038995426,1.75,2.2116156886431773,85790.7107087856,4.0,CIPN_14_5,CIPN_14,neuro,gait_full,4.0,0.5
9.179289686034203,1.6334344538197623,9.323490079099102,1.75,2.0077103223645247,213448.71674613946,-0.5163417374401239,1.518610000398208,1.6039903750123101,1.0,2.382460625698906,184497.90139402088,2.9728226528381425,1.113922900402466,3.174665140336639,1.75,2.0437435009744855,99266.01198159781,-0.4571647310342467,1.6334344538197556,1.6962039105682598,1.75,2.007710322364516,213448.71674613765,0.31414292244012415,1.518610000398208,1.5507617834563332,1.0,2.3824606256988994,184497.90139402082,-1.0590775371618335,1.1139229004024682,1.5370326794710065,1.75,2.0437435009744824,99266.01198159817,-0.02170364844775355,0.2969123216994321,0.2977045097624333,0.75,2.508580150079562,7052.695882495258,0.11254874972057259,0.2611509852365358,0.2843713384883882,1.75,2.8648706961327632,5455.988962702887,-0.04810240730135682,0.2521717350214886,0.25671857262756326,0.75,2.4745157610993043,5087.274560013482,9.804746971492042,1.945306792063671,9.995863228867801,1.75,2.306410016015583,302737.4816818826,0.545327827976589,0.6765745289659901,0.868985346948506,6.25,4.966734979125024,36620.47697325196,0.19783660627455033,1.3751707115913558,1.389328546025348,1.75,2.722137319085323,151287.56608024286,-0.05180683649209584,1.9453067920636693,1.9459965219795132,1.75,2.3064100160155805,302737.48168188194,-0.037419982976591985,0.6765745289659897,0.6776085509876031,6.25,4.966734979125014,36620.47697325192,0.4667581362745479,1.3751707115913567,1.4522250665090337,1.75,2.7221373190853217,151287.56608024306,-0.024597677811690328,0.31546363184057324,0.3164211572695044,1.0,3.435195309347411,7961.449883167292,-0.015305769316695162,0.2955112917148836,0.295907401234533,1.75,2.568298134135933,6986.166343011093,-0.033411451824320176,0.5230275138137735,0.5240936035854912,2.75,2.67107944641951,21884.674669314274,11.432933384373804,5.6204711495060415,12.739766941116262,1.75,2.3281079321525726,2527175.683320531,-0.4732209290232531,3.7816519424949027,3.811145426488092,1.75,1.7669510065058414,1144076.1725666362,6.71861960829802,5.01133438540196,8.381725464563885,1.75,3.225759146445426,2009083.6672079565,4.636825349373827,5.620471149506013,7.286277874403717,1.75,2.3281079321525673,2527175.683320505,0.34591897597674476,3.7816519424949036,3.7974401051387603,1.75,1.7669510065058505,1144076.1725666367,-0.3315576167019272,5.0113343854019625,5.022290590507993,1.75,3.2257591464454323,2009083.6672079584,-0.16626054723788883,1.2285940280809304,1.239792666297058,1.75,2.922276675778378,120755.66830128279,-0.3495393692347805,3.6429056597797786,3.6596365142867118,1.75,2.179968973797569,1061663.3330213884,0.05823627657151977,1.710130513056587,1.7111218061833295,1.75,2.191451775303395,233963.86009912944,11.783825530575246,5.995584544699534,13.221406058648865,1.75,2.0864328930155662,2875762.89682521,2.643528365109512,2.2563331581593453,3.47552608071755,3.5,2.2843431451124805,407283.5035576242,6.111701119491906,5.221750135113007,8.038629550337005,1.75,2.8781632684218734,2181338.211540486,4.865455465575276,5.995584544699517,7.721378822473097,1.75,2.0864328930155676,2875762.8968251925,0.4412078901095272,2.256333158159351,2.299065837009513,3.5,2.2843431451124845,407283.5035576263,-0.7030753455080617,5.221750135113003,5.268869842291982,1.75,2.8781632684218676,2181338.2115404815,0.17781018557106912,0.6638477359738234,0.6872483384122433,1.0,5.269333529915545,35255.53832401063,0.23129014200478604,4.241149638985797,4.247451634810919,1.75,2.1548741802160776,1438991.482076227,-0.17382560625123794,1.1064611853378947,1.1200320067069287,1.75,2.2068769906994605,97940.55688007269,4.0,CIPN_14_5,CIPN_14,neuro,gait_full,4.0,0.5
9.124909783374642,1.5885438185577272,9.262151478906194,1.75,2.051955536816808,201877.8717242328,-0.6189802961927257,1.4083665319309955,1.538386458383645,2.5,1.7738490416867985,158679.79144245945,3.1888628554170024,0.9640861076597321,3.331412363193841,1.75,2.261554428589892,74357.617584824,-0.40278482837469853,1.5885438185577303,1.6388127048100434,1.75,2.0519555368168025,201877.87172423358,0.4167814811927249,1.4083665319309935,1.4687420097922357,2.5,1.7738490416867954,158679.79144245898,-0.8430373345829725,0.9640861076597353,1.2806927697473978,1.75,2.2615544285898928,74357.6175848245,-0.04550607046616793,0.27648813557364116,0.28020794343176647,1.0,1.76786341670351,6115.655433402021,0.06925395470835054,0.2321860656075773,0.2422941998997757,1.75,3.3330066700744703,4312.864800063205,-0.01137240480933388,0.24889332578543438,0.24915300361761997,2.5,2.402834987636888,4955.834447569506,9.865257868288793,1.7758876908893912,10.023826110746652,1.75,2.2958041342166595,252302.80796503072,0.5378530979374326,0.7042769916980821,0.8861670474556103,6.0,5.070198664386474,39680.48802082461,0.1890174618848362,1.3942103450419152,1.4069648492834785,1.75,2.723451991703487,155505.83219648703,-0.11231773328885115,1.7758876908893926,1.7794359679020777,1.75,2.295804134216669,252302.8079650311,-0.029945252937436172,0.7042769916980818,0.7049133274444362,6.0,5.070198664386466,39680.488020824574,0.45793899188483395,1.3942103450419132,1.4674912628395405,1.75,2.7234519917034876,155505.83219648662,-0.005194660275574346,0.3404772895050218,0.3405169146519231,0.75,2.911246901195912,9273.99554937554,-0.019493161024405875,0.29688204775280125,0.2975213162188887,1.75,2.407393943226019,7051.123413614161,0.01836019853377932,0.5004209281937473,0.500757628263905,2.5,2.5558252278558005,20033.695459142768,11.33901328113895,5.40399149116882,12.560905470007746,1.75,2.6098171697268695,2336283.1167659694,-0.1260207601864254,3.856151642291322,3.858210300170796,1.75,1.9950933804057278,1189606.4494148293,6.141876093424128,5.207003147913369,8.052050902059335,1.75,3.6227982926169875,2169073.1244586366,4.542905246138999,5.403991491168812,7.059823801768863,1.75,2.609817169726859,2336283.116765963,0.6931191448135773,3.8561516422913322,3.917948396451036,1.75,1.995093380405735,1189606.449414835,-0.9083011315758265,5.207003147913387,5.2856307786301,1.75,3.622798292616984,2169073.12445865,-0.10378885126147255,1.4339652093733128,1.437716365400083,1.75,2.8838479782664597,164500.9918900624,-0.23332863675078305,3.466639690478679,3.47448312649955,1.75,2.104673979944281,961407.7967551904,0.0720358153757718,1.576376736053269,1.57802179093535,1.75,2.2709157007220884,198797.10929033198,11.084023778893918,5.58158913295829,12.410065285091932,1.75,2.4515507162640375,2492360.52980659,3.1829244787026276,2.3489295424217103,3.9558157480329976,0.75,2.0327728732354475,441398.59845625586,6.570052459248084,4.549186904849742,7.991288432570065,1.75,2.8713934463305675,1655608.1196206878,4.165653713893962,5.58158913295828,6.964682915484131,1.75,2.4515507162640366,2492360.529806582,0.9806040037026398,2.3489295424217134,2.545398634269125,0.75,2.0327728732354546,441398.59845625714,-0.24472400575188039,4.54918690484974,4.555764626739138,1.75,2.871393446330562,1655608.1196206862,0.2695370808362645,0.7417980257245737,0.7892493578803914,2.5,4.369811405495587,44021.173479440484,0.11805667726761036,4.261971749704343,4.263606521986446,1.75,2.1453878919243103,1453159.8462381808,-0.067754315041546,1.1575775218867224,1.159558694669724,1.75,2.2437645699444353,107199.38978917108,4.0,CIPN_14_5,CIPN_14,neuro,gait_full,4.0,0.5
9.256490679560988,1.33689308354544,9.352534566502873,1.75,1.94374340921621,142982.6658912281,-0.2110107212120232,1.3686886779458451,1.38485891758098,0.75,1.683476017933948,149865.44235841918,0.6431240111612927,3.0823234017518475,3.1487022797843673,0.25,0.578102888363353,760061.0933647649,-0.5343657245610458,1.3368930835454529,1.4397325600323558,1.75,1.9437434092162045,142982.6658912308,0.00881190621202272,1.368688677945843,1.368717044106717,0.75,1.683476017933954,149865.44235841872,-3.3887761788386865,3.0823234017518435,4.580886545555519,0.25,0.5781028883633472,760061.0933647634,-0.7955339718845243,0.9637085989328217,1.2496433747591467,0.25,0.5812972828489286,74298.74890283798,-0.013613592281045018,0.34204252795775875,0.3423133372022316,0.25,1.7788649949096218,9359.452540272956,0.1504323572661755,0.2945146708890975,0.33070951828088,0.25,1.8099335458680061,6939.113202297302,9.806999243886922,1.435748059919246,9.911539066217745,1.75,2.236285258845934,164909.841094237,0.4355257611760429,0.9033628781625639,1.0028694722096803,0.75,3.62830568315666,65285.45251205775,0.17123208943149532,1.159826943104045,1.1723988085976331,1.75,2.5965488802069228,107615.88353037002,-0.05405910888699053,1.4357480599192616,1.4367654223343418,1.75,2.2362852588459545,164909.84109424055,0.07238208382395415,0.9033628781625624,0.9062580513853913,0.75,3.628305683156671,65285.45251205754,0.4401536194314939,1.159826943104042,1.2405376844935871,1.75,2.596548880206924,107615.88353036945,-0.6597571653331787,0.9578203352724954,1.1630560226704416,0.25,0.9031476162668663,73394.07088296475,-0.0855647912391261,0.29296546669916984,0.30520501008020434,1.75,2.471907111736641,6866.327146602977,-0.014893005912865753,0.44655810008093305,0.4468063768267114,2.5,2.9414885899809704,15953.18707436705,9.940190249190751,4.804895747235807,11.040579936394266,0.75,2.040489168963747,1846961.8610437263,-0.021817926919166463,3.783175725444027,3.783238637929676,1.75,1.7280770150309586,1144997.4015310383,6.64440438435272,4.059331488085915,7.786288059978994,1.75,3.148747424335157,1318260.1833936917,3.1440822141908025,4.80489574723582,5.74214908474134,0.75,2.040489168963727,1846961.861043737,0.7973219780808375,3.7831757254440412,3.8662825693836433,1.75,1.728077015030959,1144997.401531047,-0.40577284064724045,4.059331488085926,4.079561707876574,1.75,3.1487474243351565,1318260.1833936987,-0.7504903477278723,2.1066839808765336,2.236370532204917,1.0,2.042499917264283,355049.5506971073,0.3237278312290316,3.006922426481675,3.024298627383,1.75,2.056373667956555,723328.8568932787,-0.17020749785990177,1.5540914465062972,1.563384410959686,1.75,2.036115704029879,193216.15791455007,9.905768034779078,5.072794122770896,11.129127574561716,0.75,1.9990313042178867,2058659.2402736305,3.9819618794859353,3.618352047603693,5.380380279318276,0.75,1.464076373116469,1047397.7857891376,6.321090296735872,4.472364378672807,7.743269701819108,1.75,2.5430324611113346,1600169.879404925,2.987397969779137,5.072794122770917,5.8870864476292235,0.75,1.9990313042178904,2058659.240273648,1.779641404485947,3.6183520476036883,4.032318820351203,0.75,1.464076373116475,1047397.7857891349,-0.4936861682640957,4.472364378672801,4.49952988303852,1.75,2.5430324611113266,1600169.8794049216,-0.3241297641474158,1.5804815475248128,1.6133759717042668,1.0,2.209998632100613,199834.8997378654,-0.2176462094343416,3.5006525250452114,3.5074118625542896,1.75,2.1060438536932224,980365.796997825,-0.1746928826676652,1.5438277318445937,1.5536800406992302,1.75,1.9450971165249058,190672.45347335647,4.0,CIPN_14_5,CIPN_14,neuro,gait_full,4.0,0.5
9.338133067393889,1.1047324067268436,9.403252781608483,1.75,1.9497817289533197,97634.69830058237,-0.12357041426773638,1.3563109760873788,1.361928453017044,0.75,1.5767479618158935,147166.39974576863,0.18378218382144013,3.042317962735187,3.0478639204320386,0.25,0.3966547138994513,740455.8933224821,-0.616008112393947,1.1047324067268405,1.2648714104633842,1.75,1.9497817289533106,97634.69830058183,-0.07862840073226102,1.3563109760873784,1.358588197084315,0.75,1.5767479618158962,147166.39974576852,-3.8481180061785434,3.0423179627351797,4.905477629737665,0.25,0.3966547138994517,740455.8933224785,-0.8179111488314093,0.9525548542607954,1.2555235552384196,0.25,0.5971439671771147,72588.87607494071,0.1537257353628688,0.48072850461466426,0.5047093191748158,0.25,0.9931841180476437,18488.027552160715,0.12248221538436088,0.2899278748067301,0.3147380906013887,0.25,1.7226952638268842,6724.66473563726,9.860281180054182,1.3473479662311498,9.951908937075233,1.75,2.356108848150558,145227.72500421043,0.4449936604963597,0.9043271849409829,1.0078824412128788,0.75,3.3339507159035806,65424.632462326255,0.1275231203442745,1.0800261032610774,1.0875286340817183,1.75,2.4053447560907184,93316.74586044824,-0.10734104505425163,1.3473479662311694,1.3516170471182314,1.75,2.3561088481505728,145227.7250042147,0.06291418450363813,0.9043271849409813,0.9065130181277252,0.75,3.3339507159035944,65424.63246232603,0.3964446503442727,1.0800261032610765,1.1504889154233073,1.75,2.405344756090729,93316.74586044808,-0.782520232035028,0.9079593603131682,1.1986359386921668,0.25,0.6854717095324806,65951.22975380272,-0.11092919080688642,0.2862376248380499,0.306980884170332,1.75,2.4225441094497637,6554.558276712229,-0.040859063064090394,0.4143099203994849,0.41631979676193975,2.5,2.9058118498563204,13732.217388741496,9.12778240767153,4.085042152109554,10.000199051334414,2.5,2.2109790877899997,1335006.7696356361,-0.7553049094023448,3.671689927947656,3.748572052550083,0.75,1.4961431643510565,1078504.9881696138,7.258538445996269,3.3343568427515575,7.987760382410707,1.75,2.986175497483836,889434.8712306097,2.331674372671568,4.085042152109546,4.70364483828075,2.5,2.2109790877899935,1335006.769635631,0.06383499559765468,3.6716899279476567,3.672244794897968,0.75,1.4961431643510525,1078504.988169614,0.20836122099631735,3.334356842751562,3.340860660551296,1.75,2.9861754974838464,889434.8712306122,-0.7904635436066572,1.9207579297064064,2.077051669627223,0.75,1.7925080936375688,295145.0477651506,0.06476312377775473,2.921853052295313,2.9225707042617275,1.75,2.1454767868831897,682982.2732090489,-0.3427673932087064,1.403832802592698,1.4450730166612207,1.75,2.2256814678832195,157660.8929815402,9.98059391913107,4.95910903644565,11.144730477402897,1.75,2.372709439143812,1967451.5566338296,3.6222630279491796,3.9950094171918282,5.392669996124271,1.0,1.4368314128712132,1276808.5548675763,5.979558342549004,4.66988631609295,7.587025515785456,1.75,2.3283587971342974,1744627.1219209377,3.0622238541311195,4.959109036445673,5.8283769068383675,1.75,2.3727094391438213,1967451.556633848,1.4199425529491918,3.995009417191824,4.239851070158859,1.0,1.4368314128712172,1276808.5548675735,-0.8352181224509636,4.669886316092945,4.743988566312386,1.75,2.3283587971342965,1744627.1219209335,-0.5253591874896751,1.5771674520748884,1.6623656179565938,1.25,2.1576619494513514,198996.60056084525,-0.14235854371133652,3.0061049384619487,3.009473850362041,1.75,2.448839249566262,722936.8857660488,-0.3511974674776419,1.513439212946939,1.553653086260945,1.75,2.1963383407002706,183240.46698708236,4.0,CIPN_14_5,CIPN_14,neuro,gait_full,4.0,0.5
8.994043621844645,1.2580085799837952,9.081597120493573,1.75,1.9854579583276428,126607.16881856462,-0.5992649949572817,1.3147786412920215,1.4449087894323451,2.5,1.6637546056159238,138291.43181908192,2.8521833245234394,1.7620323101916773,3.3525673116059873,0.25,1.7737669710289237,248388.19300407544,-0.2719186668446872,1.2580085799837868,1.287060740094039,1.75,1.9854579583276328,126607.16881856284,0.39706617995728444,1.3147786412920195,1.3734279838650296,2.5,1.663754605615926,138291.4318190815,-1.1797168654765386,1.7620323101916806,2.1204928070732096,0.25,1.7737669710288995,248388.19300407646,-0.05729924122528107,0.3245755074976943,0.32959439180965866,0.75,1.5052745210938303,8427.953898361005,0.24042108165644865,0.3631725812449275,0.43554175491330366,0.25,1.0682850189849384,10551.548141324685,-0.018609751804992535,0.1892039800561285,0.1901169874875028,2.5,2.3753468722110864,2863.8675982734844,9.769294254231589,1.5473459193906833,9.891076261965496,1.75,2.346639153095873,191543.3825407788,0.5212602534270172,0.6721652337998745,0.8505988204388941,5.75,4.592351998138312,36144.50855207334,0.008066564835030298,1.272929596216359,1.272955154902081,1.75,2.6916758466497015,129629.36277541216,-0.01635411923165605,1.547345919390682,1.5474323414840592,1.75,2.346639153095844,191543.38254077846,-0.013352408427020006,0.6721652337998746,0.6722978419867507,5.75,4.592351998138318,36144.508552073356,0.27698809483502745,1.2729295962163585,1.30271722242545,1.75,2.6916758466497,129629.36277541202,-0.14503072479063586,0.4248614053054539,0.4489333189365904,0.75,2.071988405091069,14440.755409281175,-0.0473829010296141,0.27740747548776573,0.2814250286781145,1.75,2.6771518846182283,6156.405972690059,0.003847281193109906,0.41909404432439934,0.4191117029632559,2.5,2.594543335292193,14051.195017821576,10.560578234589057,5.1937450835956245,11.768636311920334,0.75,2.1891378200970513,2157999.1614003256,-0.7805237644376635,3.693804979766032,3.7753691972304213,1.75,1.5939756378013705,1091535.6519762096,6.543164685010493,4.665355273870811,8.036077645630524,1.75,3.109538867551173,1741243.1865162104,3.7644701995890957,5.193745083595618,6.414532241478565,0.75,2.1891378200970637,2157999.1614003214,0.03861614056232966,3.6938049797660195,3.6940068265849444,1.75,1.593975637801374,1091535.6519762021,-0.5070125399894689,4.665355273870826,4.692824474358796,1.75,3.1095388675511813,1741243.1865162214,-0.1999224375984523,1.2302419573104457,1.246380461409093,1.75,3.064954810867635,121079.65502367457,-0.20095589690064253,3.2692820122671207,3.2754523578022767,1.75,2.1370687905196126,855060.0809000221,0.04674497354386019,1.4596975299427521,1.4604458125766215,1.75,2.3331001847633956,170457.64241508764,10.795613008488822,5.433055467825903,12.085667211433796,2.5,2.194533488805303,2361447.8279510634,2.876347688242555,2.7964360321332946,4.011661813447352,1.75,2.3418584075049877,625621.118118087,6.171822896791387,4.914507886588636,7.889473089928143,4.25,3.136599339799829,1932208.2247028446,3.8772429434888496,5.433055467825887,6.6746613816213065,2.5,2.19453348880531,2361447.82795105,0.6740272132425631,2.7964360321333017,2.8765199749010923,1.75,2.341858407505015,625621.11811809,-0.6429535682085791,4.914507886588641,4.956387500812874,4.25,3.1365993397998273,1932208.224702849,0.08263602881654901,0.925903631339267,0.9295839111052916,2.5,3.8694816429864427,68584.70958557175,0.17124379399978004,3.814511854981485,3.8183537197040467,1.75,2.2518895753851123,1164050.3992810645,-0.27425713190723316,1.1239432929030768,1.1569206973962358,1.75,2.2883545876060816,101060.49209865731,4.0,CIPN_14_5,CIPN_14,neuro,gait_full,4.0,0.5
9.072954799827237,1.40466551553099,9.18104536587365,1.75,2.0833027777971935,157847.1767843373,-0.5353740785848733,1.4350400031683517,1.5316544044640177,2.5,1.9488099933302183,164747.58802197868,3.3363805205334183,1.1357596602645528,3.5243985279305594,1.75,1.9534711484868859,103196.18766428092,-0.35082984482727225,1.40466551553099,1.447814487613475,1.75,2.08330277779721,157847.1767843373,0.3331752635848752,1.4350400031683532,1.4732092746647631,2.5,1.9488099933302216,164747.58802197906,-0.6955196694665531,1.1357596602645579,1.3318023939380523,1.75,1.9534711484868785,103196.18766428187,-0.04361310006750802,0.35829521152120947,0.36093983029935434,0.75,2.1887746819263825,10270.262664638502,0.06194626590037421,0.25844105036011467,0.2657613899162916,1.75,2.607752446986341,5343.374244529468,-0.006409446538221877,0.19562537165074065,0.19573034266157283,2.5,2.7641450205720055,3061.5548673331477,9.87698831534506,1.7376127417529135,10.028668716323464,1.75,2.282911358385403,241544.0474254153,0.5066946920848738,0.6109256555315956,0.7937062854568401,7.75,4.959171945147715,29858.425435617304,0.11528014653556559,1.356923178917361,1.3618113032533026,1.75,2.6865764707853512,147299.34575636973,-0.1240481803451231,1.7376127417528968,1.7420350143866095,1.75,2.2829113583853986,241544.04742541068,0.001213152915122928,0.6109256555315962,0.610926860046852,7.75,4.9591719451477125,29858.42543561735,0.3842016765355622,1.356923178917359,1.4102664435261614,1.75,2.686576470785351,147299.34575636924,-0.008607108091246558,0.31394041258360916,0.31405837827203587,2.5,3.2217349376820126,7884.717013661511,-0.029058637234468655,0.26170632999012267,0.2633146550323841,1.75,2.703657051571633,5479.217259803546,0.009587467999827883,0.474676096533087,0.4747729100975921,2.5,2.640967758819101,18025.418008019344,11.865362314251179,5.800815996566032,13.207433099375082,2.5,2.4258563186866544,2691958.9010403943,-0.3217391569284747,3.7577825417795547,3.7715309512722093,1.75,1.6795214203199884,1129674.8183816916,6.078197424090697,5.258179535861752,8.036973059403527,1.75,3.1404408292357013,2211876.339321491,5.0692542792512185,5.800815996566042,7.703687764552979,2.5,2.425856318686663,2691958.901040403,0.49740074807151674,3.75778254177955,3.7905589476336177,1.75,1.6795214203199937,1129674.8183816886,-0.9719798009092654,5.258179535861768,5.3472606785840435,1.75,3.1404408292357004,2211876.339321505,-0.1381697250896173,1.4612776892848316,1.4677954074505606,1.75,3.6796530371129292,170826.75608287976,-0.021916493762865218,3.5546246990237864,3.554692262856069,1.75,2.204619308198841,1010832.1771679707,0.1488992668606461,1.6895184426205752,1.6960670858272948,1.75,2.5638805126883324,228358.91367974223,10.264793339889676,5.858475634159689,11.818955921175364,2.5,2.287973861595056,2745739.934887365,2.4252938178208043,3.5359310176208303,4.287756786961324,0.75,1.9663453924812486,1000224.7358351444,6.873004110287656,4.998825385855126,8.498614048084585,1.75,3.0072876814553617,1999060.4347493062,3.3464232748897142,5.858475634159675,6.74687227467411,2.5,2.2879738615950633,2745739.934887352,0.222973342820816,3.535931017620826,3.5429543142668014,0.75,1.9663453924812504,1000224.7358351421,0.058227645287708324,4.9988253858551355,4.999164499888505,1.75,3.007287681455371,1999060.4347493132,0.2473550481410038,0.7853308424377062,0.8233644708904774,0.75,4.231886920813636,49339.653979383715,-0.16164649399170766,4.049794156578893,4.053018911833544,1.75,2.234381791147101,1312071.750519881,-0.09230977138590457,1.0244616194302427,1.0286120277242308,1.75,2.3129686284490467,83961.91503039307,4.0,CIPN_14_5,CIPN_14,neuro,gait_full,4.0,0.5
9.184417926267676,1.3754728632682856,9.286843287249681,1.75,2.1393112934004352,151354.9361003061,-0.3943142968472271,1.4529340679889757,1.505490342254349,2.5,1.9178743775912888,168881.44195245524,2.8863201036612987,1.1796833846892805,3.118091824964641,1.75,1.8546147984359556,111332.53958554174,-0.4622929712677124,1.3754728632682776,1.4510824886514768,1.75,2.1393112934004272,151354.93610030433,0.19211548184722946,1.4529340679889777,1.4655803506762748,2.5,1.9178743775912923,168881.44195245564,-1.1455800863386776,1.1796833846892845,1.644386396905453,1.75,1.854614798435949,111332.53958554247,-0.06310628856973745,0.38222856794008964,0.3874029966411962,0.75,1.5151451422255768,11687.894404320967,0.08493969133662073,0.28291625097658946,0.29539186893177843,1.75,2.3530431030210974,6403.363930026287,-0.012816571775801186,0.22200238213997694,0.22237203553484106,2.5,2.60453794336565,3942.8075648886434,9.817593986577045,1.7231775881882574,9.967672380536392,1.75,2.398730505690034,237549.25401147924,0.4918394104640681,0.5634787180685548,0.7479400185855974,7.75,4.714412879964246,25400.701836330198,0.18027574100771254,1.2869575051003024,1.2995225903114862,1.75,2.6985838223347325,132501.13576678574,-0.06465385157710062,1.723177588188252,1.7243900721582792,1.75,2.3987305056900365,237549.2540114778,0.01606843453592978,0.563478718068555,0.5637077791769576,7.75,4.714412879964242,25400.70183633022,0.4491972710077102,1.2869575051002993,1.363098605462848,1.75,2.6985838223347343,132501.13576678516,0.02884414177124564,0.3116415890811046,0.3129735844436648,2.5,2.818782217218361,7769.640744692556,-0.005338060472785857,0.25942040390464227,0.2594753183862752,1.75,2.681658857776553,5383.927622081925,-0.020627751499217268,0.47320993437344633,0.4736593144039657,2.5,2.5589323349528956,17914.22941705774,11.896517766532305,5.906745730470789,13.28219786382712,2.5,2.612085863076854,2791204.289707651,-0.8116378546514247,3.8713568101619242,3.955522665677733,1.75,1.9052465426385021,1199001.677040373,6.263935541809648,4.908930044245356,7.958296466659233,1.75,3.1630219902405,1927819.5591538963,5.1004097315323635,5.906745730470817,7.804090245117958,2.5,2.6120858630768513,2791204.289707678,0.007502050348565508,3.871356810161923,3.8713640790226034,1.75,1.9052465426385028,1199001.6770403718,-0.7862416831903107,4.9089300442453565,4.971495767239539,1.75,3.16302199024048,1927819.5591538972,-0.28654207524678216,1.4110687449120283,1.4398685230792219,0.75,3.7560614328955855,159290.79591123585,0.1976971060397669,3.7798873974982232,3.7850538811887993,1.75,2.281725593179976,1143012.5402292307,0.21685128664366185,1.7633545067991032,1.7766382854052538,1.75,2.488746796757536,248755.2827425195,10.246404595565918,5.6457475557260235,11.698857747618813,0.75,1.9576848376315317,2549957.793748593,2.1277018782548343,3.457313476660674,4.059572854208762,1.75,2.6492974093146024,956255.8239428357,6.59351044800696,4.7497901857475435,8.126185257339426,4.25,2.932470898605219,1804843.3316337415,3.32803453056596,5.645747555726021,6.553646259878978,0.75,1.957684837631536,2549957.793748591,-0.07461859674514902,3.457313476660666,3.45811862302028,1.75,2.6492974093146104,956255.823942831,-0.22126601699298484,4.749790185747539,4.754941162506596,4.25,2.932470898605215,1804843.3316337378,0.19235234060587686,0.821269168764666,0.843494203003177,0.75,3.9311029033875773,53958.67569597044,-0.04331450496922431,3.7066696027742587,3.7069226712289822,1.75,2.281571827542836,1099157.5925334962,-0.13109196952400293,0.950866405214049,0.9598604195602453,1.75,2.373892286302868,72331.99213251773,4.0,CIPN_14_5,CIPN_14,neuro,gait_full,4.0,0.5
9.782801852961875,2.128886277089027,10.01176152707865,1.75,2.026750516670726,362572.8850365053,0.26759405074928333,0.7538922691215451,0.7999750805104132,1.0,1.5647061089008898,45468.76409711598,0.606846671626581,1.4649685730096034,1.5856846479581155,1.75,1.4657093335548774,171690.63705378975,-0.10982302796192583,2.1288862770890202,2.1317171196593314,1.75,2.026750516670729,362572.88503650326,-0.1700973657492842,0.753892269121546,0.7728432358998034,1.0,1.5647061089008916,45468.76409711609,2.614929146626569,1.4649685730096023,2.9973300388483994,1.75,1.4657093335548703,171690.6370537895,0.006603268102351008,0.25102507190592394,0.2511119070753233,0.75,1.88859108895868,5041.189415956143,0.06585568536167327,0.17529651229146587,0.18725874750197322,0.25,2.9511385085181097,2458.3130948807934,-0.0066838809307044975,0.12147559465891873,0.12165933734010621,1.0,2.872147070198514,1180.50656005036,9.774158692190678,2.205600148297218,10.019922662091526,1.75,2.2391910071066556,389173.8380544171,0.5523979489398502,1.1759085321694296,1.2991937384477406,4.75,4.4434781491819635,110621.81881715356,1.1968070054329685,1.4497043750612701,1.8798908966547014,1.75,2.342730387962556,168133.0053793184,-0.17658443219073888,2.2056001482972185,2.2126576951396792,1.75,2.239191007106643,389173.8380544173,-0.19627532893985053,1.1759085321694274,1.1921765308792587,4.75,4.443478149181958,110621.81881715314,-0.4380049695670252,1.449704375061269,1.5144276570497501,1.75,2.342730387962542,168133.0053793181,0.04697212734172394,0.4708478142064759,0.4731850007027095,1.0,3.095961163021648,17735.85883754281,0.007595747825626045,0.3075608948662978,0.3076546756283551,1.25,4.957987940978467,7567.673184039288,0.03302396180742266,0.4393479692517243,0.4405873581244385,2.75,2.739083286595082,15442.279591712593,9.788699138895746,7.152805354222477,12.12358260858613,1.0,2.2075826157748497,4093010.800938829,-3.1252049790832017,3.6303611478619553,4.790243023604545,1.0,2.2394380846938806,1054364.1274670209,7.918331400893462,4.580690877197004,9.147824937481657,1.75,2.7721356024720976,1678619.8654935942,3.564209993895795,7.1528053542224725,7.991634208094132,1.0,2.2075826157748497,4093010.8009388233,-0.9331408590832215,3.6303611478619704,3.7483695024365273,1.0,2.239438084693875,1054364.1274670297,0.6936833258934983,4.580690877197003,4.632917597913706,1.75,2.7721356024721144,1678619.865493593,-0.09934607595408336,1.1162031051246049,1.1206154624568074,2.0,5.0578394492121355,99672.76122094694,0.05064642890962124,3.5314209374738135,3.5317840956646434,1.75,2.2063729495769357,997675.3876212898,0.04398799133209649,2.499528992408569,2.4999160240440936,1.75,2.4856631414152144,499812.2924593639,9.766326698367838,6.531930619037744,11.749351249799933,1.0,2.4264076785765205,3413318.848984489,3.522440869528527,2.554157385367888,4.351012483153111,1.0,2.435145609356493,521905.99107230874,7.550392257043151,5.030650355326001,9.072809169863476,1.0,2.84634545970416,2024601.732447584,3.396914423367867,6.531930619037758,7.362414360222307,1.0,2.426407678576537,3413318.848984503,1.269417409528544,2.5541573853678967,2.8522167710122472,1.0,2.4351456093564683,521905.9910723124,0.2852975520431842,5.030650355326009,5.038733738822041,1.0,2.846345459704162,2024601.7324475902,0.04485801633922259,1.2444856304710497,1.2452938312216983,3.0,4.894229114850354,123899.74407788491,-0.3502444036332815,3.898209742693114,3.9139124083586685,1.75,2.3203677263523756,1215683.1430335494,0.13223818938066056,2.2866257995315458,2.290446350782737,1.75,2.4668816222189034,418293.6416410004,4.0,CIPN_15_1,CIPN_15,neuro,gait_full,4.0,0.5
9.56439019716907,2.487561753114964,9.882586873853636,1.75,1.9995379939040019,495037.6876096635,0.3573698348455514,0.804309931250256,0.8801293452472359,1.0,1.429453401418089,51753.354216745465,0.8798181168920572,1.1179408918830172,1.4226284675050198,1.75,1.933977129530393,99983.46385781556,0.10858862783086208,2.4875617531149565,2.4899307150309515,1.75,1.9995379939039946,495037.68760966044,-0.2598731498455512,0.804309931250258,0.8452505661154229,1.0,1.4294534014180962,51753.354216745734,2.887900591892047,1.1179408918830152,3.0967340322337384,1.75,1.933977129530397,99983.46385781518,-0.06934885084040747,0.240700183305055,0.25049120015675636,0.75,1.7552319335405138,4634.934740421166,-0.04220431948806584,0.1448741723064648,0.1508964227042311,3.75,4.155080371621148,1679.0932645655625,0.006868578658891175,0.13300365468875044,0.1331808902709309,1.0,2.476109068252794,1415.2022899200115,9.568095143737908,2.4391114538162575,9.874092837509611,1.75,2.1403849195612206,475941.6872590396,0.5752781135195832,1.481516369398944,1.5892877841006892,4.5,4.352836707499257,175592.10430955858,1.2651924517769464,1.4926154889227772,1.9566841691508474,1.75,2.2208123165205578,178232.17340328812,0.029479116262033197,2.4391114538162615,2.439289589702967,1.75,2.1403849195612317,475941.6872590411,-0.21915549351958538,1.4815163693989442,1.4976381015241438,4.5,4.35283670749925,175592.10430955864,-0.36961952322304853,1.4926154889227763,1.5376994471351715,1.75,2.2208123165205547,178232.1734032879,0.0008212478034592557,0.5367346932710283,0.53673532155868,1.0,3.502487531472698,23046.796549028393,0.00013746879843032467,0.30799618715133037,0.30799621782974523,3.75,5.364697846869471,7588.949974173735,-0.03481115919402434,0.4798610620545756,0.48112207980987215,2.75,2.556772796151604,18421.37958930627,10.29055343257643,7.354208906654601,12.648315247155583,2.75,2.710660739766494,4326827.600207761,-2.994293811560011,3.6391557520304416,4.712669096964355,1.0,2.2306096219278584,1059485.1948180571,8.34945487172538,4.471325657039204,9.471333052230596,1.0,2.9643127895436323,1599432.2998155726,4.066064287576459,7.354208906654573,8.40340808442754,2.75,2.7106607397664986,4326827.600207727,-0.8022296915600251,3.639155752030443,3.7265301643159625,1.0,2.230609621927856,1059485.1948180576,1.124806796725421,4.471325657039205,4.610633737487372,1.0,2.964312789543635,1599432.2998155735,-0.12737137776105076,1.1929114637062188,1.1996921388899995,1.75,5.169543262626237,113843.66994632613,0.04903470963362141,3.935090165752815,3.9353956618557895,1.75,2.2175992807020397,1238794.879186665,0.1818535760484174,2.8632925353399727,2.8690616699637537,1.75,2.3243053978825454,655875.5517275325,11.067564526813694,7.581603188174661,13.41535282644944,1.0,2.2674462435117344,4598458.51629658,3.6505569382197423,2.6388011224887142,4.504424194415086,1.0,2.3576119599622607,557061.9953457601,6.960608108075608,5.713714187124075,9.005364792519558,1.0,2.8842647295026382,2611723.2335777273,4.6981522518137115,7.58160318817465,8.919267990376916,1.0,2.2674462435117504,4598458.516296567,1.3975334782197608,2.638801122488716,2.9860293345499356,1.0,2.3576119599622585,557061.995345761,-0.30448659692435437,5.713714187124076,5.721821554352207,1.0,2.884264729502637,2611723.2335777273,0.0913085432182295,1.2234114415458202,1.226814087533175,3.75,6.334223644035017,119739.28965354413,0.11752907457712211,4.069763254543008,4.071459938572336,1.75,2.3548787857261404,1325041.4508204164,-0.03334238175266911,2.6729003309953847,2.6731082832268838,1.75,2.73444464347397,571554.9821307112,4.0,CIPN_15_1,CIPN_15,neuro,gait_full,4.0,0.5
9.747906198218665,2.388596365929749,10.036287553104618,1.75,1.980905710813954,456432.1973887619,0.14145147248890733,0.8862037786144973,0.8974216714008487,0.75,1.5192054880269121,62828.90243401235,-0.5576153342930887,2.0953249515425147,2.1682531018300044,0.25,1.3839508079168172,351234.4350906726,-0.07492737321873749,2.3885963659297498,2.389771267420852,1.75,1.9809057108139454,456432.1973887624,-0.043954787488906195,0.8862037786144984,0.8872931649538444,0.75,1.5192054880269132,62828.90243401253,1.4504671407069025,2.0953249515425165,2.5483801872615293,0.25,1.3839508079168144,351234.4350906732,0.3285946668210938,1.1225196091339378,1.1696258923063707,0.5,1.1424737141269947,100806.00855307857,-0.05381975119791202,0.18404812251205754,0.19175577440906047,0.5,3.398108510674404,2709.923486198386,-0.08848467931185143,0.2507917789107226,0.2659437061524975,0.75,1.44349587901504,5031.7776674805955,9.717592625512241,2.323387340933775,9.991483131718793,1.75,2.0073063406688867,431850.3019748004,0.4191831987381547,1.4371067386240868,1.4969937649513143,4.5,4.05371045668861,165222.403845409,1.3691809357457947,1.3857797452864091,1.948086737610981,1.75,2.5106672166931694,153632.60429186636,-0.1200183655123014,2.323387340933771,2.3264851480444793,1.75,2.007306340668888,431850.3019747989,-0.06306057873815674,1.4371067386240892,1.4384896297122052,4.5,4.053710456688609,165222.40384540946,-0.2656310392541955,1.3857797452864122,1.4110086291236272,1.75,2.5106672166931747,153632.6042918671,0.18822908213882872,0.8307229252541622,0.8517809377449452,1.0,2.520056277205272,55209.374506434986,-0.008131013180181444,0.3165711715763997,0.31667557539000474,3.5,5.285915609657522,8017.38683376847,0.012347685525338714,0.45491383169348043,0.45508137690294126,2.75,2.709264000745148,16555.72939377807,9.614004818038845,6.924442555953607,11.848079732681386,2.75,2.1858558605822815,3835832.508961877,-2.7564777182252307,3.4309517748401306,4.401090716214654,1.0,2.234706804533739,941717.2991183301,8.127839759022063,4.4105717645397355,9.247427882308408,1.0,2.9208663589756703,1556252.6465587334,3.3895156730388667,6.924442555953591,7.7095214642983665,2.75,2.1858558605822833,3835832.5089618596,-0.5644135982252386,3.430951774840119,3.477066693513388,1.0,2.2347068045337357,941717.299118324,0.903191684022104,4.410571764539729,4.502099344554914,1.0,2.920866358975663,1556252.6465587292,0.16413664986456822,1.4453825096026536,1.4546722788635345,1.75,4.264519123785542,167133.21183928588,-0.14263943948612545,3.8092066207914623,3.8118763213906126,1.75,2.385371320150291,1160807.5133472313,-0.029312739884305578,2.560136598804051,2.5603044040222054,1.75,2.5067721293381244,524344.7742535177,10.598517948200337,7.571579608763051,13.025260092226992,2.75,2.3874341316064958,4586332.876382317,3.342015026083693,3.4449628171123754,4.79967011844106,1.0,2.262525304571086,949430.5020979458,7.0400436875220835,5.411110972578297,8.879320755540752,1.0,2.990259135742338,2342417.017124586,4.229105673200363,7.571579608763028,8.672609328623745,2.75,2.387434131606504,4586332.87638229,1.088991566083707,3.444962817112385,3.612986499045955,1.0,2.262525304571069,949430.5020979511,-0.2250510174778727,5.4111109725782995,5.4157889469610145,1.0,2.9902591357423316,2342417.017124588,0.19212668475859804,1.761978289321803,1.7724221153657829,4.5,6.125633330443865,248365.56156330492,0.4085299111324905,3.960136283542767,3.981152606032811,1.75,2.201608962320049,1254614.3599512526,0.01695592221296648,2.8571151713313956,2.857165484453101,1.75,2.7254185272545315,653049.6816131513,4.0,CIPN_15_1,CIPN_15,neuro,gait_full,4.0,0.5
9.689391882475304,2.0187506136816964,9.897457708544076,1.75,1.9010470508494863,326028.7668063163,0.29830558110688665,0.9921037137007662,1.0359806940567808,0.5,1.2778698452908264,78741.74464729716,-1.7979089568594793,2.1255054538409626,2.7839270916213334,0.25,0.9407237842241324,361421.89427084394,-0.016413057475360374,2.0187506136817044,2.0188173341577853,1.75,1.9010470508494863,326028.7668063188,-0.2008088961068864,0.992103713700767,1.0122223033970947,0.5,1.277869845290827,78741.74464729728,0.21017351814050758,2.12550545384097,2.1358713308706747,0.25,0.9407237842241272,361421.8942708466,0.8120474306642551,1.4384029013258148,1.651794156725026,0.25,0.40694296423761,165520.23260674963,0.05272249738326454,0.2237766505998904,0.22990356909807594,0.25,2.688355890035091,4006.0992716236005,-0.16809281495487738,0.28473668941051616,0.33065114053321426,0.25,1.0234031195961364,6485.998608143406,9.720938702215943,1.9926452504467198,9.923068292940831,1.75,2.064257626742303,317651.6981508956,0.7111284101030109,1.3938509405029151,1.564776041482134,4.5,2.893499101448401,155425.6499403674,1.086010860736441,1.2945927656268652,1.6897899332316195,1.75,1.7977872304860798,134077.6355095045,-0.12336444221599997,1.992645250446705,1.996460337630346,1.75,2.064257626742294,317651.69815089076,-0.35500579010301275,1.3938509405029162,1.4383495942737732,4.5,2.893499101448407,155425.6499403677,-0.5488011142635476,1.2945927656268674,1.406112759287225,1.75,1.7977872304860898,134077.63550950497,0.7347873185337386,1.292935162688852,1.4871428103565743,0.25,0.6900640073441034,133734.5345774526,0.05313364502572216,0.35453778601396724,0.3584971770396596,0.5,3.786522408920285,10055.765682336874,0.17406748968185098,0.41624851045863065,0.4511788042707348,1.0,2.663363667034584,13861.04681230967,8.93676968173564,5.764199918194012,10.634465338760439,1.0,2.876384912379972,2658159.8583744504,-3.6158102142245725,4.296052723383208,5.615171636502221,1.0,1.855252798925669,1476496.4163749397,6.92537351174336,4.502804679910668,8.260511380210184,1.0,2.741658262990955,1622038.3733481895,2.712280536735684,5.764199918194026,6.370436908632188,1.0,2.8763849123799563,2658159.858374463,-1.423746094224583,4.296052723383216,4.525828315668647,1.0,1.8552527989256715,1476496.4163749453,-0.29927456325659746,4.502804679910669,4.512739217995857,1.0,2.7416582629909514,1622038.3733481902,0.7371991609045758,2.1566177865565295,2.2791364329785955,1.0,2.6067930732222426,372080.5053786952,-0.11061637218583702,3.011066475820612,3.0130976259667253,1.75,2.4862633120506183,725323.489189581,0.19018160823593963,2.261863498149181,2.2698448247338097,1.75,2.498282665759274,409282.1898407515,9.271367737192197,6.543053212409735,11.347678399508585,2.75,2.356218130940695,3424935.502038611,3.1895009222862107,3.0923793019365355,4.442490954443247,1.75,1.8164517016468835,765024.7803919077,7.124082380125714,4.557577077559478,8.457189756456529,1.25,3.337540365388964,1661757.6789466473,2.9019554621922454,6.543053212409745,7.157715476670814,2.75,2.356218130940699,3424935.502038622,0.9364774622862251,3.0923793019365458,3.23106790154828,1.75,1.816451701646876,765024.7803919128,-0.14101232487423598,4.557577077559485,4.559758030165866,1.25,3.3375403653889513,1661757.678946653,0.5218331129956144,1.8508878739581216,1.92304334838919,4.75,5.483584695872039,274067.39490615675,0.3398387421575046,3.625102235389861,3.640996647581506,1.75,2.2656653948857177,1051311.7387201614,0.556543880003709,2.8236408943673017,2.8779661204942903,1.75,2.243332942138421,637837.1181265347,4.0,CIPN_15_1,CIPN_15,neuro,gait_full,4.0,0.5
9.718759297591522,1.9449659041363996,9.911466826498224,1.75,1.8959063224442048,302632.41112800443,0.43477567660213395,0.8673715116264921,0.9702387480131214,1.0,1.5379281891640788,60187.31904613023,-0.48389556615067164,2.2229905144583126,2.2750476360533445,0.25,1.262174746242638,395339.4263547024,-0.04578047259157945,1.9449659041364071,1.9455046183249887,1.75,1.8959063224441872,302632.4111280068,-0.33727899160213454,0.8673715116264925,0.9306398107524626,1.0,1.5379281891640852,60187.319046130295,1.5241869088493107,2.2229905144583166,2.695335333586392,0.25,1.2621747462426396,395339.4263547038,0.44710206666434493,1.095929237659312,1.183622047772028,0.25,1.2169376830492704,96086.85864216255,0.1109857013638883,0.19033933691555235,0.2203335859207269,1.75,2.9874820710183148,2898.3926020073977,-0.07382795715964359,0.23063857139216498,0.24216671503777093,0.5,2.075006355627938,4255.644079569039,9.683609533682862,1.8600495710015068,9.860632738694639,1.75,2.117057405540914,276782.7828316968,0.8758046725799443,1.3473956081328091,1.6070185902249063,4.25,2.613530299775734,145238.06654815376,1.2016204369822707,1.5309634697925105,1.9462119155972164,1.75,2.0143872317762463,187508.97422924388,-0.08603527368291455,1.8600495710014961,1.862038258173162,1.75,2.1170574055409044,276782.78283169353,-0.5196820525799475,1.3473956081328105,1.4441413921736659,4.25,2.6135302997757357,145238.06654815408,-0.4331915380177185,1.5309634697925063,1.5910700972770706,1.75,2.0143872317762432,187508.9742292429,0.5565300538888,1.1922893927496838,1.315781021654014,0.25,1.3637566603646991,113726.19660045595,0.04240495900539882,0.33709953213377625,0.33975619952115726,0.25,3.926639977591247,9090.953522514892,0.15482371817589807,0.4564165955578458,0.48196109014154254,2.5,2.530567809152609,16665.355201140952,9.55021667373937,6.067796347021457,11.314804064777102,0.75,2.0903834578642098,2945452.387297368,-3.9938899914250943,4.316626380529974,5.880852027784141,1.0,1.9741469291548919,1490664.0750127486,6.824448584708387,4.40943955753783,8.125038812024698,1.75,2.4333321899864173,1555453.4258947799,3.325727528739409,6.0677963470214245,6.919437556936379,0.75,2.0903834578642146,2945452.3872973365,-1.8018258714251036,4.316626380529986,4.677589099100544,1.0,1.9741469291548877,1490664.075012757,-0.4001994902915835,4.40943955753784,4.427563307690715,1.75,2.4333321899864173,1555453.4258947866,0.43373834833989017,2.0399474892666545,2.0855490197513804,1.0,2.9584659294592264,332914.1118260714,0.13430664815674642,3.0958548389295237,3.0987667642890524,1.75,2.3348824962862706,766748.5430926622,0.3773693988676324,2.535186748544746,2.5631190985201213,1.75,2.5637076237113217,514174.35185066645,9.38605824171855,5.907511806073007,11.090391564585294,2.5,2.261650632662377,2791914.183915835,3.1581598427318136,2.0213712582215164,3.7496553649379396,1.0,2.9980864457758853,326878.98764128034,7.202546608746984,3.8967336179222882,8.189090947120956,0.75,2.7693056184230165,1214762.6648745695,3.0166459667185994,5.907511806073019,6.633162792168733,2.5,2.261650632662379,2791914.1839158474,0.9051363827318282,2.0213712582215138,2.214771689115807,1.0,2.9980864457758907,326878.9876412795,-0.06254809625296522,3.896733617922296,3.89723557837997,0.75,2.7693056184230183,1214762.6648745746,0.4204820485123482,1.3468187557165694,1.4109308678567738,0.5,4.0714384489700475,145113.66391274787,-0.3999102357974104,3.581622772772522,3.6038798374998944,1.75,2.0395373666061474,1026241.8911119136,0.6834777975761287,2.5150559195621414,2.6062709334035254,1.75,2.007891236004696,506040.5144540122,4.0,CIPN_15_1,CIPN_15,neuro,gait_full,4.0,0.5
9.94515374979776,2.242506970671954,10.194847748771373,1.75,2.0543658376841463,402308.7963397084,0.18914338848618278,0.7658862147941109,0.788896010523368,0.75,1.4583266923973603,46926.66583977537,1.0312939707518558,1.3752501996645599,1.718976546025728,1.75,1.7284874144188271,151305.04959596624,-0.27217492479782224,2.2425069706719616,2.258963634767288,1.75,2.0543658376841414,402308.79633971123,-0.09164670348618355,0.7658862147941108,0.7713499933697642,0.75,1.458326692397361,46926.66583977537,3.039376445751839,1.3752501996645543,3.3360339162946886,1.75,1.728487414418823,151305.04959596507,-0.027696084002469118,0.13563617941932307,0.13843498920627914,0.75,2.6704902576444907,1471.7768880262201,0.01604547584788559,0.17359856056882206,0.17433851418075144,0.25,2.2470881831708396,2410.923020296524,0.008411313028985998,0.12955157208474008,0.1298243429272769,2.5,2.505067961987088,1342.688786445282,9.738409192890021,2.166271724935495,9.976439585063396,1.75,2.4303192241562015,375421.94360715797,0.5709237118987349,1.2496629896668163,1.3739037348195962,4.25,3.506924593694198,124932.65681135112,1.5915056931053513,1.5401375167718288,2.2147040302836944,1.75,2.155945042536877,189761.89408030556,-0.14083493289007695,2.1662717249355,2.170844919513409,1.75,2.430319224156197,375421.94360715983,-0.21480109189873706,1.2496629896668172,1.2679893914476956,4.25,3.506924593694195,124932.65681135129,-0.04330628189463736,1.5401375167718248,1.540746249263525,1.75,2.1559450425368722,189761.89408030463,0.010439322083561669,0.47144467910052,0.47156024524736667,0.75,3.6034425526736396,17780.96228153395,-0.02437774963436234,0.2881127755461805,0.2891422592949004,6.75,5.769606561185807,6640.718856559867,-0.02770284437314654,0.4598054807028764,0.46063925980181714,2.5,2.5663877579828847,16913.690714504606,10.173263624843393,6.886994764637503,12.285193920679726,1.75,2.6903887312018893,3794526.51263975,-3.5921937730812976,3.5112110914036148,5.023192155567993,0.75,2.1873485325780595,986292.8094730872,7.7036196496596645,4.296168537606487,8.820590672406375,1.75,2.906934241686664,1476572.8131075462,3.9487744798434155,6.886994764637462,7.938735212916883,1.75,2.690388731201916,3794526.5126397046,-1.4001296530813117,3.5112110914036196,3.780074916431339,0.75,2.187348532578056,986292.80947309,0.4789715746596944,4.296168537606503,4.322785892552624,1.75,2.906934241686667,1476572.8131075571,-0.09678624083574175,1.1877874921772742,1.191724256272353,6.0,5.532911831410617,112870.6609229593,0.08794529080208775,3.9305545148989265,3.931538270037136,1.75,2.2712689462883406,1235945.6761241427,0.13399788099495205,2.8372875228670433,2.8404499501889027,1.75,2.4089546225648633,644016.9457424387,10.650525235474563,6.54022726064573,12.498330304979703,0.75,2.2420538360781967,3421977.7034811936,2.9273417893951637,2.1820521132126194,3.651120564527408,0.75,3.1156184848108577,380908.1291199493,6.843533158379146,4.820007082039045,8.370568341560888,0.75,3.347713295741791,1858631.7870141286,4.281112960474607,6.540227260645736,7.816808863035944,0.75,2.2420538360782007,3421977.703481201,0.6743183293951732,2.182052113212615,2.283868786540492,0.75,3.1156184848108635,380908.12911994784,-0.42156154662080425,4.820007082039054,4.838407011454903,0.75,3.3477132957418125,1858631.7870141352,0.03272369223999626,1.364352721236735,1.3647451000021587,7.75,6.510367177225841,148921.19479793886,-0.32365173014284465,3.9170106916155576,3.9303591694214215,1.75,2.2430893920804165,1227440.8158159826,0.12007967933283412,2.3832297292769713,2.3862529354404702,1.75,2.7090164023172516,454384.169147506,4.0,CIPN_15_1,CIPN_15,neuro,gait_full,4.0,0.5
9.897172583282691,2.269425794583375,10.154029672026912,1.75,1.9312634304066643,412023.6281565959,0.13641440385091397,0.8364634309217053,0.8475139885850326,1.0,2.121899476706448,55975.25545158936,1.1078444717753415,1.2307089213288016,1.6558876238082973,1.75,1.9517300225099772,121171.57500733944,-0.22419375828274624,2.2694257945833765,2.2804728190384846,1.75,1.931263430406659,412023.6281565967,-0.03891771885091531,0.8364634309217067,0.8373682941871348,1.0,2.1218994767064734,55975.25545158954,3.1159269467753257,1.230708921328797,3.350170919024714,1.75,1.951730022509978,121171.57500733851,-0.01860474778333524,0.1527114394983112,0.15384056810129076,1.0,2.562447886870839,1865.6629480496856,-0.030257982896079477,0.13517707760549247,0.1385221564909411,1.75,3.9640015039560295,1461.8399279914834,0.0010083778018764521,0.14423267290807573,0.14423619781455446,2.75,2.6231615169541396,1664.2505580590355,9.653027468387823,2.0761004853178426,9.873759797087773,1.75,2.192893858313201,344815.4603367632,0.4967125303915003,1.218282357789675,1.3156501210996399,4.25,4.034267139286963,118737.03511631234,1.4410577405638707,1.3888423689224614,2.001382156748981,1.75,2.0880719520597992,154310.66814022645,-0.05545320838788244,2.076100485317856,2.0768409384104376,1.75,2.192893858313196,344815.46033676766,-0.14058991039150143,1.2182823577896724,1.226367573856001,4.25,4.034267139286958,118737.03511631182,-0.19375423443611772,1.388842368922461,1.402292347934652,1.75,2.0880719520597952,154310.66814022636,-0.04693579194651032,0.44479309545920886,0.44726263686320933,1.0,3.636194848255492,15827.274569158071,-0.028695717213082686,0.2840776250943728,0.28552327622390483,7.0,5.894972873083132,6456.008819134465,-0.06285880351760391,0.4270188262893109,0.43162055927071574,2.75,2.3908913611847047,14587.607115969467,9.693435389501678,6.500284108179487,11.671177452917693,1.0,2.2462578219003047,3380298.608674611,-3.0831450405992573,3.3238212743665407,4.533604659132004,1.0,2.294994645023363,883827.8510483766,7.667553908192634,4.3726206536489745,8.826731802641207,3.5,2.8133919104383627,1529585.9906890558,3.468946244501711,6.500284108179494,7.367990332125403,1.0,2.246257821900303,3380298.6086746193,-0.891080920599271,3.323821274366551,3.44119355325848,1.0,2.294994645023345,883827.8510483818,0.44290583319268445,4.372620653648976,4.394994534444122,3.5,2.8133919104383462,1529585.9906890574,-0.059879817346290304,1.368251320739968,1.369560976821438,3.5,5.883084766323544,149768.9363177505,-0.28865704355181143,3.678140561466447,3.6894499425655285,1.75,2.217047474006122,1082299.978412215,-0.09897929301411235,2.602057207569829,2.6039390568735805,1.75,2.4056354685708445,541656.2109224737,10.477850300792916,6.915540388120408,12.554283961483058,1.75,2.196597207216893,3825992.8440596634,3.1568931315343627,2.3702112082948004,3.947641753737937,1.0,3.1406199741635077,449436.99527623714,6.728654559885894,5.503887918408894,8.692961198848216,3.5,2.7906915977793445,2423422.6311632674,4.108438025792961,6.915540388120427,8.04387729092795,1.75,2.19659720721689,3825992.844059685,0.9038696715343779,2.370211208294807,2.5367068326958857,1.0,3.140619974163491,449436.9952762396,-0.5364401451140544,5.5038879184089105,5.529968376735761,3.5,2.7906915977793485,2423422.6311632823,0.06297984824714911,1.4514601923369082,1.4528259191052204,8.75,6.257407001061169,168538.94183494477,0.3068580796365387,4.067448844387021,4.079007475200743,1.75,2.326073383857486,1323531.401632548,-0.13498494648339707,2.5133125273752794,2.516934801705964,1.75,2.7239217321134626,505339.1928365619,4.0,CIPN_15_1,CIPN_15,neuro,gait_full,4.0,0.5
